MemTotal                63888.29        64461.80       514048.00       514048.00      1156446.08
MemFree                 54253.79        55238.61       514047.97       514047.97      1137588.34
MemUsed                  9634.50         9223.18            0.03            0.03        18857.75
Dirty                       0.89            0.07            0.00            0.00            0.96
Writeback                   0.00            0.00            0.00            0.00            0.00
FilePages                 297.73           79.28            0.00            0.00          377.01
AnonPages                 337.20          276.93            0.00            0.00          614.12
PageTables                 22.30            8.84            0.00            0.00           31.14
WritebackTmp                0.00            0.00            0.00            0.00            0.00
MemTotal                63888.29        64461.80       514048.00       514048.00      1156446.08
MemFree                 49274.20        55234.19       512330.98       514047.97      1130887.34
MemUsed                 14614.09         9227.61         1717.02            0.03        25558.74
Dirty                       1.06            0.12            0.00            0.00            1.18
Writeback                   0.00            0.00            0.00            0.00            0.00
FilePages                 297.74           80.29            0.21            0.00          378.24
AnonPages                5289.23          276.80         1712.46            0.00         7278.50
PageTables                 35.37            8.63            0.00            0.00           44.00
WritebackTmp                0.00            0.00            0.00            0.00            0.00
MemTotal                63888.29        64461.80       514048.00       514048.00      1156446.08
MemFree                 49226.21        55231.53       507490.98       514047.97      1125996.70
MemUsed                 14662.07         9230.27         6557.02            0.03        30449.39
Dirty                       1.67            0.17            0.00            0.00            1.84
Writeback                   0.00            0.00            0.00            0.00            0.00
FilePages                 297.75           80.64            0.21            0.00          378.60
AnonPages                5315.23          278.23         6548.46            0.00        12141.93
PageTables                 44.68            8.63            0.00            0.00           53.31
WritebackTmp                0.00            0.00            0.00            0.00            0.00
MemTotal                63888.29        64461.80       514048.00       514048.00      1156446.08
MemFree                 49163.61        55232.27       503571.04       514047.97      1122014.88
MemUsed                 14724.68         9229.53        10476.96            0.03        34431.20
Dirty                       2.07            0.18            0.00            0.00            2.25
Writeback                   0.00            0.00            0.00            0.00            0.00
FilePages                 297.76           81.15            0.21            0.00          379.12
AnonPages                5363.36          277.23        10468.39            0.00        16108.97
PageTables                 52.70            8.63            0.00            0.00           61.33
WritebackTmp                0.00            0.00            0.00            0.00            0.00
MemTotal                63888.29        64461.80       514048.00       514048.00      1156446.08
MemFree                 49178.09        55232.17       498929.05       514047.97      1117387.29
MemUsed                 14710.20         9229.62        15118.95            0.03        39058.80
Dirty                       0.34            0.08            0.00            0.00            0.42
Writeback                   0.00            0.00            0.00            0.00            0.00
FilePages                 297.77           81.43            0.21            0.00          379.41
AnonPages                5329.36          277.68        15110.39            0.00        20717.43
PageTables                 61.47            8.64            0.00            0.00           70.11
WritebackTmp                0.00            0.00            0.00            0.00            0.00
MemTotal                63888.29        64461.80       514048.00       514048.00      1156446.08
MemFree                 49091.56        55224.16       494903.05       514047.97      1113266.75
MemUsed                 14796.73         9237.63        19144.95            0.03        43179.34
Dirty                       1.21            0.17            0.00            0.00            1.38
Writeback                   0.00            0.00            0.00            0.00            0.00
FilePages                 297.95           89.93            0.21            0.00          388.09
AnonPages                5401.29          277.50        19136.39            0.00        24815.18
PageTables                 69.46            8.66            0.00            0.00           78.12
WritebackTmp                0.00            0.00            0.00            0.00            0.00
MemTotal                63888.29        64461.80       514048.00       514048.00      1156446.08
MemFree                 49115.45        55222.42       491351.05       514047.97      1109736.89
MemUsed                 14772.84         9239.38        22696.95            0.03        46709.19
Dirty                       1.63            0.25            0.00            0.00            1.88
Writeback                   0.00            0.00            0.00            0.00            0.00
FilePages                 297.95           90.52            0.21            0.00          388.69
AnonPages                5361.09          277.78        22688.39            0.00        28327.26
PageTables                 76.50            8.54            0.00            0.00           85.05
WritebackTmp                0.00            0.00            0.00            0.00            0.00
MemTotal                63888.29        64461.80       514048.00       514048.00      1156446.08
MemFree                 49183.50        55219.53       487105.05       514047.97      1105556.05
MemUsed                 14704.79         9242.27        26942.95            0.03        50890.03
Dirty                       2.02            0.28            0.00            0.00            2.30
Writeback                   0.00            0.00            0.00            0.00            0.00
FilePages                 297.96           91.86            0.21            0.00          390.03
AnonPages                5279.59          277.36        26936.39            0.00        32493.34
PageTables                 84.39            8.66            0.00            0.00           93.05
WritebackTmp                0.00            0.00            0.00            0.00            0.00
MemTotal                63888.29        64461.80       514048.00       514048.00      1156446.08
MemFree                 50383.30        55217.62       485009.44       514047.97      1104658.34
MemUsed                 13504.98         9244.17        29038.56            0.03        51787.74
Dirty                       2.26            0.31            0.00            0.00            2.57
Writeback                   0.00            0.00            0.00            0.00            0.00
FilePages                 297.97           92.12            0.21            0.00          390.31
AnonPages                4076.98          278.19        29032.00            0.00        33387.17
PageTables                 86.53            8.53            0.00            0.00           95.06
WritebackTmp                0.00            0.00            0.00            0.00            0.00
MemTotal                63888.29        64461.80       514048.00       514048.00      1156446.08
MemFree                 49143.97        55218.94       486251.64       514047.97      1104662.52
MemUsed                 14744.31         9242.86        27796.36            0.03        51783.56
Dirty                       0.00            0.01            0.00            0.00            0.01
Writeback                   0.00            0.00            0.00            0.00            0.00
FilePages                 297.98           92.13            0.21            0.00          390.33
AnonPages                5317.02          277.62        27794.00            0.00        33388.65
PageTables                 86.53            8.58            0.00            0.00           95.11
WritebackTmp                0.00            0.00            0.00            0.00            0.00
MemTotal                63888.29        64461.80       514048.00       514048.00      1156446.08
MemFree                 49144.35        55217.43       486251.64       514047.97      1104661.38
MemUsed                 14743.94         9244.37        27796.36            0.03        51784.70
Dirty                       0.02            0.03            0.00            0.00            0.05
Writeback                   0.00            0.00            0.00            0.00            0.00
FilePages                 297.99           92.13            0.21            0.00          390.34
AnonPages                5317.02          278.16        27794.00            0.00        33389.19
PageTables                 86.53            8.51            0.00            0.00           95.04
WritebackTmp                0.00            0.00            0.00            0.00            0.00
MemTotal                63888.29        64461.80       514048.00       514048.00      1156446.08
MemFree                 49144.89        55218.54       486251.64       514047.97      1104663.04
MemUsed                 14743.39         9243.25        27796.36            0.03        51783.04
Dirty                       0.10            0.06            0.00            0.00            0.16
Writeback                   0.00            0.00            0.00            0.00            0.00
FilePages                 298.00           92.13            0.21            0.00          390.35
AnonPages                5317.03          278.11        27794.00            0.00        33389.14
PageTables                 86.53            8.51            0.00            0.00           95.04
WritebackTmp                0.00            0.00            0.00            0.00            0.00
MemTotal                63888.29        64461.80       514048.00       514048.00      1156446.08
MemFree                 49144.90        55218.12       486251.64       514047.97      1104662.63
MemUsed                 14743.38         9243.68        27796.36            0.03        51783.45
Dirty                       0.10            0.07            0.00            0.00            0.17
Writeback                   0.00            0.00            0.00            0.00            0.00
FilePages                 298.01           92.13            0.21            0.00          390.36
AnonPages                5317.08          277.68        27794.00            0.00        33388.76
PageTables                 86.53            8.52            0.00            0.00           95.05
WritebackTmp                0.00            0.00            0.00            0.00            0.00
MemTotal                63888.29        64461.80       514048.00       514048.00      1156446.08
MemFree                 49144.90        55218.98       486251.64       514047.97      1104663.49
MemUsed                 14743.38         9242.81        27796.36            0.03        51782.59
Dirty                       0.11            0.06            0.00            0.00            0.16
Writeback                   0.00            0.00            0.00            0.00            0.00
FilePages                 298.02           92.13            0.21            0.00          390.36
AnonPages                5317.08          278.61        27794.00            0.00        33389.69
PageTables                 86.53            9.31            0.00            0.00           95.84
WritebackTmp                0.00            0.00            0.00            0.00            0.00
MemTotal                63888.29        64461.80       514048.00       514048.00      1156446.08
MemFree                 49144.90        55219.25       486251.64       514047.97      1104663.75
MemUsed                 14743.38         9242.55        27796.36            0.03        51782.33
Dirty                       0.11            0.07            0.00            0.00            0.17
Writeback                   0.00            0.00            0.00            0.00            0.00
FilePages                 298.02           92.13            0.21            0.00          390.37
AnonPages                5317.08          278.02        27794.00            0.00        33389.10
PageTables                 86.53            8.50            0.00            0.00           95.03
WritebackTmp                0.00            0.00            0.00            0.00            0.00
MemTotal                63888.29        64461.80       514048.00       514048.00      1156446.08
MemFree                 49143.42        55164.50       486251.64       514047.97      1104607.52
MemUsed                 14744.86         9297.30        27796.36            0.03        51838.56
Dirty                       0.11            0.05            0.00            0.00            0.16
Writeback                   0.00            0.00            0.00            0.00            0.00
FilePages                 298.03          147.36            0.21            0.00          445.61
AnonPages                5319.12          280.62        27794.00            0.00        33393.74
PageTables                 86.53            8.62            0.00            0.00           95.14
WritebackTmp                0.00            0.00            0.00            0.00            0.00
MemTotal                63888.29        64461.80       514048.00       514048.00      1156446.08
MemFree                 49143.69        55163.52       486251.64       514047.97      1104606.82
MemUsed                 14744.59         9298.27        27796.36            0.03        51839.26
Dirty                       0.09            0.06            0.00            0.00            0.15
Writeback                   0.00            0.01            0.00            0.00            0.01
FilePages                 298.04          147.37            0.21            0.00          445.62
AnonPages                5319.13          279.33        27794.00            0.00        33392.46
PageTables                 86.53            8.49            0.00            0.00           95.02
WritebackTmp                0.00            0.00            0.00            0.00            0.00
MemTotal                63888.29        64461.80       514048.00       514048.00      1156446.08
MemFree                 49143.72        55161.97       486251.64       514047.97      1104605.30
MemUsed                 14744.56         9299.83        27796.36            0.03        51840.79
Dirty                       0.02            0.03            0.00            0.00            0.05
Writeback                   0.00            0.00            0.00            0.00            0.00
FilePages                 298.05          148.14            0.21            0.00          446.40
AnonPages                5319.13          280.04        27794.00            0.00        33393.17
PageTables                 86.53            8.64            0.00            0.00           95.16
WritebackTmp                0.00            0.00            0.00            0.00            0.00
MemTotal                63888.29        64461.80       514048.00       514048.00      1156446.08
MemFree                 49143.97        55153.62       486251.64       514047.97      1104597.19
MemUsed                 14744.32         9308.18        27796.36            0.03        51848.89
Dirty                       0.20            0.11            0.00            0.00            0.30
Writeback                   0.00            0.00            0.00            0.00            0.00
FilePages                 298.05          154.37            0.21            0.00          452.64
AnonPages                5319.09          283.18        27794.00            0.00        33396.27
PageTables                 86.53            9.39            0.00            0.00           95.92
WritebackTmp                0.00            0.00            0.00            0.00            0.00
MemTotal                63888.29        64461.80       514048.00       514048.00      1156446.08
MemFree                 49144.22        55152.23       486251.64       514047.97      1104596.05
MemUsed                 14744.07         9309.57        27796.36            0.03        51850.03
Dirty                       0.21            0.11            0.00            0.00            0.31
Writeback                   0.00            0.00            0.00            0.00            0.00
FilePages                 298.06          154.39            0.21            0.00          452.67
AnonPages                5319.09          282.93        27794.00            0.00        33396.03
PageTables                 86.53            8.80            0.00            0.00           95.33
WritebackTmp                0.00            0.00            0.00            0.00            0.00
MemTotal                63888.29        64461.80       514048.00       514048.00      1156446.08
MemFree                 49144.22        55151.21       486251.39       514047.97      1104594.79
MemUsed                 14744.07         9310.58        27796.61            0.03        51851.29
Dirty                       0.25            0.13            0.00            0.00            0.38
Writeback                   0.00            0.00            0.00            0.00            0.00
FilePages                 298.07          154.46            0.21            0.00          452.75
AnonPages                5319.02          283.32        27794.09            0.00        33396.43
PageTables                 86.53            8.70            0.00            0.00           95.23
WritebackTmp                0.00            0.00            0.00            0.00            0.00
MemTotal                63888.29        64461.80       514048.00       514048.00      1156446.08
MemFree                 49144.22        55151.66       486251.39       514047.97      1104595.24
MemUsed                 14744.07         9310.13        27796.61            0.03        51850.84
Dirty                       0.32            0.12            0.00            0.00            0.44
Writeback                   0.00            0.00            0.00            0.00            0.00
FilePages                 298.08          154.46            0.21            0.00          452.76
AnonPages                5319.10          283.54        27794.09            0.00        33396.73
PageTables                 86.53            8.75            0.00            0.00           95.28
WritebackTmp                0.00            0.00            0.00            0.00            0.00
MemTotal                63888.29        64461.80       514048.00       514048.00      1156446.08
MemFree                 49142.23        55149.99       486251.55       514047.97      1104591.74
MemUsed                 14746.06         9311.80        27796.45            0.03        51854.34
Dirty                       0.40            0.13            0.00            0.00            0.53
Writeback                   0.00            0.00            0.00            0.00            0.00
FilePages                 298.09          154.47            0.21            0.00          452.77
AnonPages                5321.12          284.36        27794.09            0.00        33399.57
PageTables                 86.53            8.85            0.00            0.00           95.38
WritebackTmp                0.00            0.00            0.00            0.00            0.00
MemTotal                63888.29        64461.80       514048.00       514048.00      1156446.08
MemFree                 49142.24        55150.25       486251.55       514047.97      1104592.02
MemUsed                 14746.04         9311.54        27796.45            0.03        51854.07
Dirty                       0.50            0.13            0.00            0.00            0.63
Writeback                   0.00            0.00            0.00            0.00            0.00
FilePages                 298.09          154.73            0.21            0.00          453.04
AnonPages                5321.18          284.10        27794.09            0.00        33399.36
PageTables                 86.53            8.82            0.00            0.00           95.35
WritebackTmp                0.00            0.00            0.00            0.00            0.00
MemTotal                63888.29        64461.80       514048.00       514048.00      1156446.08
MemFree                 49142.24        55149.28       486251.55       514047.97      1104591.04
MemUsed                 14746.04         9312.52        27796.45            0.03        51855.04
Dirty                       0.59            0.17            0.00            0.00            0.75
Writeback                   0.00            0.00            0.00            0.00            0.00
FilePages                 298.10          154.75            0.21            0.00          453.06
AnonPages                5321.27          285.10        27794.09            0.00        33400.46
PageTables                 86.53            9.34            0.00            0.00           95.86
WritebackTmp                0.00            0.00            0.00            0.00            0.00
MemTotal                63888.29        64461.80       514048.00       514048.00      1156446.08
MemFree                 49141.82        55150.88       486251.55       514047.97      1104592.21
MemUsed                 14746.47         9310.92        27796.45            0.03        51853.87
Dirty                       0.16            0.09            0.00            0.00            0.25
Writeback                   0.00            0.00            0.00            0.00            0.00
FilePages                 298.11          154.75            0.21            0.00          453.08
AnonPages                5321.31          283.52        27794.09            0.00        33398.92
PageTables                 86.53            8.54            0.00            0.00           95.06
WritebackTmp                0.00            0.00            0.00            0.00            0.00
MemTotal                63888.29        64461.80       514048.00       514048.00      1156446.08
MemFree                 49141.37        55153.29       486251.55       514047.97      1104594.18
MemUsed                 14746.91         9308.50        27796.45            0.03        51851.90
Dirty                       0.36            0.15            0.00            0.00            0.51
Writeback                   0.00            0.00            0.00            0.00            0.00
FilePages                 298.12          155.90            0.21            0.00          454.23
AnonPages                5321.36          281.02        27794.09            0.00        33396.46
PageTables                 86.53            8.53            0.00            0.00           95.05
WritebackTmp                0.00            0.00            0.00            0.00            0.00
MemTotal                63888.29        64461.80       514048.00       514048.00      1156446.08
MemFree                 49141.39        55096.79       486251.30       514046.98      1104536.47
MemUsed                 14746.90         9365.00        27796.70            1.02        51909.61
Dirty                       0.20            0.07            0.00            0.00            0.27
Writeback                   0.00            0.00            0.00            0.00            0.00
FilePages                 298.05          198.12            0.07            0.00          496.25
AnonPages                5321.41          282.95        27794.09            0.00        33398.45
PageTables                 86.53           10.16            0.00            0.00           96.69
WritebackTmp                0.00            0.00            0.00            0.00            0.00
MemTotal                63888.29        64461.80       514048.00       514048.00      1156446.08
MemFree                 49135.34        55037.31       486251.55       514046.98      1104471.18
MemUsed                 14752.94         9424.48        27796.45            1.02        51974.90
Dirty                       0.06            0.14            0.00            0.00            0.20
Writeback                   0.00            0.00            0.00            0.00            0.00
FilePages                 298.06          254.41            0.07            0.00          552.55
AnonPages                5328.52          280.00        27794.09            0.00        33402.60
PageTables                 86.53            8.54            0.00            0.00           95.06
WritebackTmp                0.00            0.00            0.00            0.00            0.00
MemTotal                63856.97        64493.11       514048.00       514048.00      1156446.08
MemFree                 53679.28        55825.07       514047.97       514047.97      1137600.29
MemUsed                 10177.69         8668.04            0.03            0.03        18845.79
Dirty                       0.25            0.02            0.00            0.00            0.27
Writeback                   0.00            0.00            0.00            0.00            0.00
FilePages                 366.79            7.02            0.00            0.00          373.81
AnonPages                 730.77           13.36            0.00            0.00          744.14
PageTables                 31.69            0.95            0.00            0.00           32.64
WritebackTmp                0.00            0.00            0.00            0.00            0.00
MemTotal                63856.97        64493.11       514048.00       514048.00      1156446.08
MemFree                 48529.63        55824.60       512885.57       514047.97      1131287.77
MemUsed                 15327.34         8668.52         1162.43            0.03        25158.32
Dirty                       0.28            0.05            0.02            0.00            0.34
Writeback                   0.00            0.00            0.00            0.00            0.00
FilePages                 370.59            7.79            3.66            0.00          382.04
AnonPages                5849.27           13.36         1156.40            0.00         7019.03
PageTables                 44.40            0.95            0.00            0.00           45.35
WritebackTmp                0.00            0.00            0.00            0.00            0.00
MemTotal                63856.97        64493.11       514048.00       514048.00      1156446.08
MemFree                 48516.64        55823.77       509556.65       514047.97      1127945.02
MemUsed                 15340.33         8669.34         4491.35            0.03        28501.06
Dirty                       0.41            0.07            0.00            0.00            0.48
Writeback                   0.00            0.00            0.00            0.00            0.00
FilePages                 370.99            8.88            3.67            0.00          383.54
AnonPages                5851.43           13.36         4487.12            0.00        10351.91
PageTables                 50.52            0.95            0.00            0.00           51.46
WritebackTmp                0.00            0.00            0.00            0.00            0.00
MemTotal                63856.97        64493.11       514048.00       514048.00      1156446.08
MemFree                 48501.83        55824.27       506320.65       514047.97      1124694.71
MemUsed                 15355.14         8668.85         7727.35            0.03        31751.37
Dirty                       0.46            0.09            0.02            0.00            0.57
Writeback                   0.00            0.00            0.00            0.00            0.00
FilePages                 371.13            9.27            3.67            0.00          384.08
AnonPages                5852.37           13.36         7721.12            0.00        13586.85
PageTables                 56.98            0.95            0.00            0.00           57.93
WritebackTmp                0.00            0.00            0.00            0.00            0.00
MemTotal                63856.97        64493.11       514048.00       514048.00      1156446.08
MemFree                 48489.04        55824.52       503040.69       514047.97      1121402.22
MemUsed                 15367.93         8668.60        11007.31            0.03        35043.86
Dirty                       0.42            0.11            0.00            0.00            0.54
Writeback                   0.00            0.00            0.00            0.00            0.00
FilePages                 371.16            9.66            3.68            0.00          384.49
AnonPages                5852.00           13.36        11001.12            0.00        16866.48
PageTables                 63.40            0.95            0.00            0.00           64.35
WritebackTmp                0.00            0.00            0.00            0.00            0.00
MemTotal                63856.97        64493.11       514048.00       514048.00      1156446.08
MemFree                 48478.16        55824.52       500004.69       514047.97      1118355.34
MemUsed                 15378.81         8668.59        14043.31            0.03        38090.74
Dirty                       0.40            0.10            0.02            0.00            0.51
Writeback                   0.00            0.00            0.00            0.00            0.00
FilePages                 371.16           10.23            3.68            0.00          385.07
AnonPages                5852.20           13.36        14035.12            0.00        19900.68
PageTables                 69.14            0.95            0.00            0.00           70.09
WritebackTmp                0.00            0.00            0.00            0.00            0.00
MemTotal                63856.97        64493.11       514048.00       514048.00      1156446.08
MemFree                 48462.49        55824.39       496624.52       514047.97      1114959.36
MemUsed                 15394.48         8668.72        17423.48            0.03        41486.72
Dirty                       0.30            0.11            0.00            0.00            0.41
Writeback                   0.00            0.00            0.00            0.00            0.00
FilePages                 371.17           10.70            3.68            0.00          385.55
AnonPages                5851.22           13.36        17415.12            0.00        23279.70
PageTables                 76.09            0.95            0.00            0.00           77.04
WritebackTmp                0.00            0.00            0.00            0.00            0.00
MemTotal                63856.97        64493.11       514048.00       514048.00      1156446.08
MemFree                 48452.34        55824.57       493848.52       514047.97      1112173.39
MemUsed                 15404.63         8668.54        20199.48            0.03        44272.69
Dirty                       0.28            0.09            0.02            0.00            0.39
Writeback                   0.00            0.00            0.00            0.00            0.00
FilePages                 371.18           10.76            3.68            0.00          385.62
AnonPages                5852.33           13.36        20191.12            0.00        26056.81
PageTables                 81.15            0.95            0.00            0.00           82.10
WritebackTmp                0.00            0.00            0.00            0.00            0.00
MemTotal                63856.97        64493.11       514048.00       514048.00      1156446.08
MemFree                 48440.87        55823.09       491252.02       514047.97      1109563.95
MemUsed                 15416.10         8670.02        22795.98            0.03        46882.13
Dirty                       0.32            0.11            0.00            0.00            0.43
Writeback                   0.00            0.00            0.00            0.00            0.00
FilePages                 371.19           12.16            3.68            0.00          387.02
AnonPages                5852.62           13.36        22785.76            0.00        28651.75
PageTables                 86.40            0.95            0.00            0.00           87.35
WritebackTmp                0.00            0.00            0.00            0.00            0.00
MemTotal                63856.97        64493.11       514048.00       514048.00      1156446.08
MemFree                 48434.90        55823.09       488560.02       514047.97      1106865.99
MemUsed                 15422.07         8670.02        25487.98            0.03        49580.09
Dirty                       0.29            0.08            0.02            0.00            0.39
Writeback                   0.00            0.00            0.00            0.00            0.00
FilePages                 371.20           12.17            3.68            0.00          387.05
AnonPages                5850.77           13.36        25481.89            0.00        31346.02
PageTables                 91.85            0.95            0.00            0.00           92.80
WritebackTmp                0.00            0.00            0.00            0.00            0.00
MemTotal                63856.97        64493.11       514048.00       514048.00      1156446.08
MemFree                 48426.88        55822.85       486385.14       514047.97      1104682.84
MemUsed                 15430.09         8670.27        27662.86            0.03        51763.25
Dirty                       0.23            0.09            0.00            0.00            0.32
Writeback                   0.00            0.00            0.00            0.00            0.00
FilePages                 371.23           12.19            3.68            0.00          387.10
AnonPages                5851.55           13.36        27654.60            0.00        33519.51
PageTables                 96.13            0.95            0.00            0.00           97.08
WritebackTmp                0.00            0.00            0.00            0.00            0.00
MemTotal                63856.97        64493.11       514048.00       514048.00      1156446.08
MemFree                 48445.95        55823.10       486365.14       514047.97      1104682.15
MemUsed                 15411.02         8670.02        27682.86            0.03        51763.93
Dirty                       0.19            0.08            0.02            0.00            0.29
Writeback                   0.00            0.00            0.00            0.00            0.00
FilePages                 371.23           12.21            3.68            0.00          387.12
AnonPages                5832.46           13.36        27674.60            0.00        33520.43
PageTables                 96.19            0.95            0.00            0.00           97.14
WritebackTmp                0.00            0.00            0.00            0.00            0.00
MemTotal                63856.97        64493.11       514048.00       514048.00      1156446.08
MemFree                 48467.42        55823.10       486344.64       514047.97      1104683.13
MemUsed                 15389.55         8670.02        27703.36            0.03        51762.95
Dirty                       0.00            0.01            0.00            0.00            0.01
Writeback                   0.00            0.00            0.00            0.00            0.00
FilePages                 371.24           12.23            3.68            0.00          387.15
AnonPages                5811.62           13.36        27694.60            0.00        33519.59
PageTables                 96.18            0.95            0.00            0.00           97.13
WritebackTmp                0.00            0.00            0.00            0.00            0.00
MemTotal                63856.97        64493.11       514048.00       514048.00      1156446.08
MemFree                 48487.41        55823.02       486324.64       514047.97      1104683.05
MemUsed                 15369.56         8670.09        27723.36            0.03        51763.04
Dirty                       0.14            0.06            0.02            0.00            0.22
Writeback                   0.00            0.00            0.00            0.00            0.00
FilePages                 371.25           12.42            3.68            0.00          387.35
AnonPages                5792.36           13.36        27714.60            0.00        33520.32
PageTables                 96.20            0.95            0.00            0.00           97.15
WritebackTmp                0.00            0.00            0.00            0.00            0.00
MemTotal                63856.97        64493.11       514048.00       514048.00      1156446.08
MemFree                 48504.98        55823.02       486302.65       514047.97      1104678.62
MemUsed                 15351.99         8670.09        27745.35            0.03        51767.46
Dirty                       0.12            0.07            0.00            0.00            0.19
Writeback                   0.03            0.05            0.00            0.00            0.09
FilePages                 371.26           12.44            3.68            0.00          387.38
AnonPages                5774.10           13.36        27734.60            0.00        33522.07
PageTables                 96.14            0.95            0.00            0.00           97.09
WritebackTmp                0.00            0.00            0.00            0.00            0.00
MemTotal                63856.97        64493.11       514048.00       514048.00      1156446.08
MemFree                 48521.76        55823.02       486286.65       514047.97      1104679.40
MemUsed                 15335.21         8670.09        27761.35            0.03        51766.68
Dirty                       0.00            0.00            0.02            0.00            0.02
Writeback                   0.00            0.00            0.00            0.00            0.00
FilePages                 371.27           12.45            3.68            0.00          387.40
AnonPages                5755.92           13.39        27752.60            0.00        33521.92
PageTables                 96.19            0.95            0.00            0.00           97.14
WritebackTmp                0.00            0.00            0.00            0.00            0.00
MemTotal                63856.97        64493.11       514048.00       514048.00      1156446.08
MemFree                 48541.09        55823.02       486266.65       514047.97      1104678.73
MemUsed                 15315.88         8670.09        27781.35            0.03        51767.35
Dirty                       0.59            0.13            0.00            0.00            0.72
Writeback                   0.00            0.00            0.00            0.00            0.00
FilePages                 371.27           12.48            3.68            0.00          387.43
AnonPages                5736.97           13.39        27772.60            0.00        33522.97
PageTables                 96.19            0.95            0.00            0.00           97.14
WritebackTmp                0.00            0.00            0.00            0.00            0.00
MemTotal                63856.97        64493.11       514048.00       514048.00      1156446.08
MemFree                 48560.91        55822.53       486246.65       514047.97      1104678.06
MemUsed                 15296.05         8670.58        27801.35            0.03        51768.02
Dirty                       0.50            0.14            0.02            0.00            0.65
Writeback                   0.00            0.00            0.00            0.00            0.00
FilePages                 371.28           12.87            3.68            0.00          387.83
AnonPages                5716.17           13.40        27792.60            0.00        33522.17
PageTables                 96.19            0.95            0.00            0.00           97.14
WritebackTmp                0.00            0.00            0.00            0.00            0.00
MemTotal                63856.97        64493.11       514048.00       514048.00      1156446.08
MemFree                 48575.88        55822.31       486230.65       514047.97      1104676.81
MemUsed                 15281.09         8670.80        27817.35            0.03        51769.27
Dirty                       0.50            0.14            0.00            0.00            0.64
Writeback                   0.00            0.00            0.00            0.00            0.00
FilePages                 371.29           12.89            3.69            0.00          387.86
AnonPages                5702.86           13.40        27806.60            0.00        33522.86
PageTables                 96.18            0.95            0.00            0.00           97.13
WritebackTmp                0.00            0.00            0.00            0.00            0.00
MemTotal                63856.97        64493.11       514048.00       514048.00      1156446.08
MemFree                 48573.03        55822.07       486232.65       514047.97      1104675.73
MemUsed                 15283.94         8671.04        27815.35            0.03        51770.36
Dirty                       0.32            0.14            0.02            0.00            0.47
Writeback                   0.00            0.00            0.00            0.00            0.00
FilePages                 371.30           13.15            3.69            0.00          388.13
AnonPages                5704.07           13.40        27806.60            0.00        33524.07
PageTables                 96.18            0.95            0.00            0.00           97.14
WritebackTmp                0.00            0.00            0.00            0.00            0.00
MemTotal                63856.97        64493.11       514048.00       514048.00      1156446.08
MemFree                 48571.38        55822.08       486232.65       514047.97      1104674.07
MemUsed                 15285.59         8671.04        27815.35            0.03        51772.01
Dirty                       0.31            0.15            0.00            0.00            0.46
Writeback                   0.00            0.00            0.00            0.00            0.00
FilePages                 371.30           13.16            3.69            0.00          388.16
AnonPages                5706.03           13.40        27806.60            0.00        33526.03
PageTables                 96.10            0.95            0.00            0.00           97.05
WritebackTmp                0.00            0.00            0.00            0.00            0.00
MemTotal                63856.97        64493.11       514048.00       514048.00      1156446.08
MemFree                 48570.46        55822.08       486232.88       514047.97      1104673.39
MemUsed                 15286.51         8671.04        27815.12            0.03        51772.70
Dirty                       0.28            0.07            0.02            0.00            0.36
Writeback                   0.00            0.10            0.00            0.00            0.10
FilePages                 371.32           13.18            3.69            0.00          388.19
AnonPages                5706.70           13.40        27806.60            0.00        33526.70
PageTables                 96.14            0.95            0.00            0.00           97.10
WritebackTmp                0.00            0.00            0.00            0.00            0.00
MemTotal                63856.97        64493.11       514048.00       514048.00      1156446.08
MemFree                 48571.43        55823.34       486232.88       514047.97      1104675.62
MemUsed                 15285.54         8669.77        27815.12            0.03        51770.46
Dirty                       0.30            0.08            0.01            0.00            0.39
Writeback                   0.00            0.00            0.00            0.00            0.00
FilePages                 371.33           13.19            3.69            0.00          388.21
AnonPages                5705.34           13.40        27806.60            0.00        33525.34
PageTables                 96.01            0.95            0.00            0.00           96.96
WritebackTmp                0.00            0.00            0.00            0.00            0.00
MemTotal                63856.97        64493.11       514048.00       514048.00      1156446.08
MemFree                 48570.82        55823.34       486232.88       514047.97      1104675.01
MemUsed                 15286.15         8669.77        27815.12            0.03        51771.07
Dirty                       0.23            0.10            0.01            0.00            0.34
Writeback                   0.00            0.00            0.00            0.00            0.00
FilePages                 371.34           13.20            3.69            0.00          388.23
AnonPages                5705.90           13.40        27806.60            0.00        33525.90
PageTables                 96.06            0.95            0.00            0.00           97.02
WritebackTmp                0.00            0.00            0.00            0.00            0.00
MemTotal                63856.97        64493.11       514048.00       514048.00      1156446.08
MemFree                 48570.45        55823.10       486232.88       514047.97      1104674.39
MemUsed                 15286.52         8670.02        27815.12            0.03        51771.69
Dirty                       0.24            0.10            0.00            0.00            0.34
Writeback                   0.00            0.00            0.00            0.00            0.00
FilePages                 371.35           13.72            3.69            0.00          388.76
AnonPages                5705.59           13.40        27806.60            0.00        33525.59
PageTables                 96.09            0.95            0.00            0.00           97.05
WritebackTmp                0.00            0.00            0.00            0.00            0.00
MemTotal                63856.97        64493.11       514048.00       514048.00      1156446.08
MemFree                 48570.55        55823.10       486232.88       514047.97      1104674.50
MemUsed                 15286.42         8670.02        27815.12            0.03        51771.59
Dirty                       0.54            0.15            0.00            0.00            0.69
Writeback                   0.00            0.00            0.00            0.00            0.00
FilePages                 371.36           13.73            3.69            0.00          388.78
AnonPages                5707.05           13.40        27806.60            0.00        33527.05
PageTables                 96.05            0.95            0.00            0.00           97.01
WritebackTmp                0.00            0.00            0.00            0.00            0.00
MemTotal                63856.97        64493.11       514048.00       514048.00      1156446.08
MemFree                 48565.43        55823.10       486232.88       514047.97      1104669.38
MemUsed                 15291.54         8670.02        27815.12            0.03        51776.71
Dirty                       0.90            0.20            0.01            0.00            1.11
Writeback                   0.00            0.00            0.00            0.00            0.00
FilePages                 371.37           13.75            3.69            0.00          388.80
AnonPages                5711.57           13.40        27806.60            0.00        33531.57
PageTables                 96.03            0.95            0.00            0.00           96.98
WritebackTmp                0.00            0.00            0.00            0.00            0.00
MemTotal                63856.97        64493.11       514048.00       514048.00      1156446.08
MemFree                 48566.57        55823.10       486232.88       514047.97      1104670.52
MemUsed                 15290.40         8670.02        27815.12            0.03        51775.56
Dirty                       1.16            0.24            0.00            0.00            1.40
Writeback                   0.00            0.00            0.00            0.00            0.00
FilePages                 371.54           13.76            3.69            0.00          388.99
AnonPages                5711.58           13.37        27806.60            0.00        33531.55
PageTables                 96.07            0.95            0.00            0.00           97.03
WritebackTmp                0.00            0.00            0.00            0.00            0.00
MemTotal                63856.97        64493.11       514048.00       514048.00      1156446.08
MemFree                 48563.69        55823.10       486232.88       514047.97      1104667.64
MemUsed                 15293.28         8670.02        27815.12            0.03        51778.44
Dirty                       1.47            0.22            0.01            0.00            1.70
Writeback                   0.00            0.00            0.00            0.00            0.00
FilePages                 371.55           13.77            3.69            0.00          389.02
AnonPages                5714.36           13.37        27806.60            0.00        33534.33
PageTables                 96.05            0.95            0.00            0.00           97.00
WritebackTmp                0.00            0.00            0.00            0.00            0.00
MemTotal                63856.97        64493.11       514048.00       514048.00      1156446.08
MemFree                 48568.69        55823.10       486232.88       514047.97      1104672.64
MemUsed                 15288.28         8670.02        27815.12            0.03        51773.44
Dirty                       0.46            0.25            0.00            0.00            0.72
Writeback                   0.23            0.04            0.00            0.00            0.27
FilePages                 371.84           13.79            3.69            0.00          389.31
AnonPages                5709.44           13.37        27806.60            0.00        33529.41
PageTables                 95.85            0.95            0.00            0.00           96.80
WritebackTmp                0.00            0.00            0.00            0.00            0.00
MemTotal                63856.97        64493.11       514048.00       514048.00      1156446.08
MemFree                 48563.88        55823.10       486232.88       514047.97      1104667.83
MemUsed                 15293.09         8670.02        27815.12            0.03        51778.25
Dirty                       0.46            0.12            0.01            0.00            0.59
Writeback                   0.00            0.00            0.00            0.00            0.00
FilePages                 374.71           13.80            3.69            0.00          392.20
AnonPages                5711.06           13.37        27806.60            0.00        33531.03
PageTables                 96.43            0.95            0.00            0.00           97.38
WritebackTmp                0.00            0.00            0.00            0.00            0.00
