MemTotal                63888.29        64466.73       514048.00       514048.00      1156451.01
MemFree                 53937.32        55591.50       514036.05       514047.66      1137612.52
MemUsed                  9950.96         8875.23           11.95            0.34        18838.49
Dirty                       0.12            0.03            0.00            0.00            0.15
Writeback                   0.00            0.00            0.00            0.00            0.00
FilePages                 318.59           32.09            0.04            0.00          350.72
AnonPages                 565.29           59.64            0.00            0.00          624.93
PageTables                 28.06            2.56            0.00            0.00           30.62
WritebackTmp                0.00            0.00            0.00            0.00            0.00
MemTotal                63888.29        64466.73       514048.00       514048.00      1156451.01
MemFree                 43908.65        55591.95       514036.29       514047.84      1127584.74
MemUsed                 19979.64         8874.77           11.71            0.16        28866.27
Dirty                       0.00            0.00            0.00            0.00            0.00
Writeback                   0.00            0.00            0.00            0.00            0.00
FilePages                 321.68           32.10            0.04            0.00          353.82
AnonPages               10554.16           59.64            0.00            0.00        10613.80
PageTables                 47.61            2.56            0.00            0.00           50.17
WritebackTmp                0.00            0.00            0.00            0.00            0.00
MemTotal                63888.29        64466.73       514048.00       514048.00      1156451.01
MemFree                 37226.50        55592.21       514036.54       514047.84      1120903.09
MemUsed                 26661.79         8874.52           11.46            0.16        35547.92
Dirty                       0.06            0.02            0.00            0.00            0.08
Writeback                   0.00            0.00            0.00            0.00            0.00
FilePages                 321.68           32.10            0.04            0.00          353.83
AnonPages               17209.54           59.64            0.00            0.00        17269.18
PageTables                 60.61            2.56            0.00            0.00           63.17
WritebackTmp                0.00            0.00            0.00            0.00            0.00
MemTotal                63888.29        64466.73       514048.00       514048.00      1156451.01
MemFree                 31443.80        55592.44       514036.54       514047.84      1115120.63
MemUsed                 32444.48         8874.29           11.46            0.16        41330.38
Dirty                       0.07            0.02            0.00            0.00            0.09
Writeback                   0.00            0.00            0.00            0.00            0.00
FilePages                 321.69           32.10            0.04            0.00          353.84
AnonPages               22969.64           59.64            0.00            0.00        23029.29
PageTables                 71.62            2.56            0.00            0.00           74.18
WritebackTmp                0.00            0.00            0.00            0.00            0.00
MemTotal                63888.29        64466.73       514048.00       514048.00      1156451.01
MemFree                 27845.98        55592.44       514036.54       514047.84      1111522.80
MemUsed                 36042.31         8874.29           11.46            0.16        44928.21
Dirty                       0.03            0.00            0.00            0.00            0.03
Writeback                   0.00            0.00            0.00            0.00            0.00
FilePages                 321.70           32.10            0.04            0.00          353.84
AnonPages               26553.43           59.66            0.00            0.00        26613.08
PageTables                 78.69            2.56            0.00            0.00           81.25
WritebackTmp                0.00            0.00            0.00            0.00            0.00
MemTotal                63888.29        64466.73       514048.00       514048.00      1156451.01
MemFree                 25276.02        55592.44       514036.54       514047.84      1108952.85
MemUsed                 38612.26         8874.29           11.46            0.16        47498.16
Dirty                       0.02            0.00            0.00            0.00            0.02
Writeback                   0.00            0.00            0.00            0.00            0.00
FilePages                 321.71           32.10            0.04            0.00          353.86
AnonPages               29113.51           59.66            0.00            0.00        29173.17
PageTables                 83.68            2.56            0.00            0.00           86.24
WritebackTmp                0.00            0.00            0.00            0.00            0.00
MemTotal                63888.29        64466.73       514048.00       514048.00      1156451.01
MemFree                 23733.24        55592.44       514036.54       514047.84      1107410.07
MemUsed                 40155.04         8874.29           11.46            0.16        49040.95
Dirty                       0.01            0.00            0.00            0.00            0.01
Writeback                   0.02            0.00            0.00            0.00            0.02
FilePages                 321.72           32.10            0.04            0.00          353.86
AnonPages               30648.47           59.66            0.00            0.00        30708.12
PageTables                 86.93            2.56            0.00            0.00           89.49
WritebackTmp                0.00            0.00            0.00            0.00            0.00
MemTotal                63888.29        64466.73       514048.00       514048.00      1156451.01
MemFree                 24052.57        55592.44       513073.63       514047.84      1106766.49
MemUsed                 39835.71         8874.29          974.37            0.16        49684.52
Dirty                       0.07            0.02            0.02            0.00            0.10
Writeback                   0.00            0.00            0.00            0.00            0.00
FilePages                 318.82           32.10            2.95            0.00          353.87
AnonPages               30332.29           59.66          956.00            0.00        31347.95
PageTables                 88.12            2.56            0.00            0.00           90.68
WritebackTmp                0.00            0.00            0.00            0.00            0.00
MemTotal                63888.29        64466.73       514048.00       514048.00      1156451.01
MemFree                 24024.86        55592.44       513099.63       514047.84      1106764.78
MemUsed                 39863.42         8874.29          948.37            0.16        49686.23
Dirty                       0.00            0.00            0.00            0.00            0.00
Writeback                   0.00            0.00            0.00            0.00            0.00
FilePages                 318.83           32.10            2.95            0.00          353.88
AnonPages               30360.48           59.66          928.00            0.00        31348.14
PageTables                 88.19            2.56            0.00            0.00           90.75
WritebackTmp                0.00            0.00            0.00            0.00            0.00
MemTotal                63888.29        64466.73       514048.00       514048.00      1156451.01
MemFree                 24024.62        55592.44       513099.63       514047.84      1106764.54
MemUsed                 39863.67         8874.29          948.37            0.16        49686.48
Dirty                       0.01            0.00            0.02            0.00            0.02
Writeback                   0.00            0.00            0.00            0.00            0.00
FilePages                 318.84           32.10            2.95            0.00          353.89
AnonPages               30360.54           59.66          928.00            0.00        31348.20
PageTables                 88.11            2.56            0.00            0.00           90.68
WritebackTmp                0.00            0.00            0.00            0.00            0.00
MemTotal                63888.29        64466.73       514048.00       514048.00      1156451.01
MemFree                 24019.39        55592.20       513101.39       514047.84      1106760.82
MemUsed                 39868.89         8874.53          946.61            0.16        49690.19
Dirty                       0.00            0.00            0.00            0.00            0.00
Writeback                   0.00            0.00            0.00            0.00            0.00
FilePages                 319.50           32.10            2.95            0.00          354.55
AnonPages               30362.55           59.66          926.00            0.00        31348.22
PageTables                 88.12            2.56            0.00            0.00           90.68
WritebackTmp                0.00            0.00            0.00            0.00            0.00
MemTotal                63888.29        64466.73       514048.00       514048.00      1156451.01
MemFree                 24022.70        55592.20       513105.63       514047.84      1106768.38
MemUsed                 39865.58         8874.53          942.37            0.16        49682.64
Dirty                       0.01            0.00            0.02            0.00            0.02
Writeback                   0.00            0.00            0.00            0.00            0.00
FilePages                 319.65           32.10            2.95            0.00          354.70
AnonPages               30360.85           59.66          928.00            0.00        31348.52
PageTables                 88.24            2.56            0.00            0.00           90.80
WritebackTmp                0.00            0.00            0.00            0.00            0.00
MemTotal                63888.29        64466.73       514048.00       514048.00      1156451.01
MemFree                 24020.93        55592.20       513103.63       514047.84      1106764.61
MemUsed                 39867.35         8874.53          944.37            0.16        49686.41
Dirty                       0.01            0.00            0.00            0.00            0.01
Writeback                   0.00            0.00            0.00            0.00            0.00
FilePages                 319.66           32.10            2.95            0.00          354.71
AnonPages               30360.84           59.66          928.00            0.00        31348.50
PageTables                 88.12            2.56            0.00            0.00           90.68
WritebackTmp                0.00            0.00            0.00            0.00            0.00
MemTotal                63888.29        64466.73       514048.00       514048.00      1156451.01
MemFree                 24021.43        55592.20       513103.63       514047.84      1106765.10
MemUsed                 39866.86         8874.53          944.37            0.16        49685.91
Dirty                       0.01            0.00            0.02            0.00            0.02
Writeback                   0.00            0.00            0.00            0.00            0.00
FilePages                 319.66           32.10            2.95            0.00          354.72
AnonPages               30362.96           59.66          926.00            0.00        31348.62
PageTables                 88.12            2.56            0.00            0.00           90.69
WritebackTmp                0.00            0.00            0.00            0.00            0.00
MemTotal                63888.29        64466.73       514048.00       514048.00      1156451.01
MemFree                 24023.75        55592.46       513103.63       514047.84      1106767.68
MemUsed                 39864.53         8874.27          944.37            0.16        49683.33
Dirty                       0.01            0.00            0.00            0.00            0.01
Writeback                   0.00            0.00            0.00            0.00            0.00
FilePages                 319.66           32.10            2.95            0.00          354.72
AnonPages               30361.10           59.70          928.00            0.00        31348.79
PageTables                 88.12            2.56            0.00            0.00           90.68
WritebackTmp                0.00            0.00            0.00            0.00            0.00
MemTotal                63888.29        64466.73       514048.00       514048.00      1156451.01
MemFree                 24023.08        55592.46       513101.38       514047.84      1106764.77
MemUsed                 39865.20         8874.27          946.62            0.16        49686.25
Dirty                       0.00            0.00            0.02            0.00            0.02
Writeback                   0.00            0.00            0.00            0.00            0.00
FilePages                 319.68           32.10            2.96            0.00          354.74
AnonPages               30361.40           59.71          928.00            0.00        31349.11
PageTables                 88.25            2.56            0.00            0.00           90.81
WritebackTmp                0.00            0.00            0.00            0.00            0.00
MemTotal                63888.29        64466.73       514048.00       514048.00      1156451.01
MemFree                 24022.90        55593.44       513099.39       514047.84      1106763.57
MemUsed                 39865.39         8873.29          948.61            0.16        49687.44
Dirty                       0.02            0.00            0.00            0.00            0.02
Writeback                   0.00            0.00            0.00            0.00            0.00
FilePages                 319.69           32.10            2.96            0.00          354.75
AnonPages               30361.23           59.29          928.00            0.00        31348.51
PageTables                 88.12            2.56            0.00            0.00           90.68
WritebackTmp                0.00            0.00            0.00            0.00            0.00
MemTotal                63888.29        64466.73       514048.00       514048.00      1156451.01
MemFree                 24020.02        55593.44       513103.16       514047.84      1106764.46
MemUsed                 39868.27         8873.29          944.84            0.16        49686.55
Dirty                       0.01            0.00            0.02            0.00            0.02
Writeback                   0.00            0.00            0.00            0.00            0.00
FilePages                 319.70           32.10            2.96            0.00          354.75
AnonPages               30363.08           59.30          926.27            0.00        31348.65
PageTables                 88.10            2.56            0.00            0.00           90.66
WritebackTmp                0.00            0.00            0.00            0.00            0.00
MemTotal                63888.29        64466.73       514048.00       514048.00      1156451.01
MemFree                 24023.01        55593.44       513103.16       514047.84      1106767.46
MemUsed                 39865.27         8873.29          944.84            0.16        49683.55
Dirty                       0.01            0.00            0.00            0.00            0.01
Writeback                   0.00            0.00            0.00            0.00            0.00
FilePages                 319.70           32.10            2.96            0.00          354.76
AnonPages               30362.40           59.31          926.27            0.00        31347.98
PageTables                 88.16            2.56            0.00            0.00           90.72
WritebackTmp                0.00            0.00            0.00            0.00            0.00
MemTotal                63888.29        64466.73       514048.00       514048.00      1156451.01
MemFree                 24022.53        55593.44       513103.16       514047.84      1106766.98
MemUsed                 39865.76         8873.29          944.84            0.16        49684.04
Dirty                       0.01            0.00            0.02            0.00            0.03
Writeback                   0.00            0.00            0.00            0.00            0.00
FilePages                 319.71           32.10            2.96            0.00          354.77
AnonPages               30362.52           59.31          926.27            0.00        31348.10
PageTables                 88.14            2.56            0.00            0.00           90.71
WritebackTmp                0.00            0.00            0.00            0.00            0.00
MemTotal                63888.29        64466.73       514048.00       514048.00      1156451.01
MemFree                 24020.86        55593.44       513101.19       514047.84      1106763.34
MemUsed                 39867.43         8873.29          946.81            0.16        49687.68
Dirty                       0.00            0.00            0.00            0.00            0.00
Writeback                   0.00            0.00            0.00            0.00            0.00
FilePages                 319.71           32.10            2.96            0.00          354.77
AnonPages               30362.62           59.31          926.27            0.00        31348.20
PageTables                 88.14            2.56            0.00            0.00           90.70
WritebackTmp                0.00            0.00            0.00            0.00            0.00
MemTotal                63888.29        64466.73       514048.00       514048.00      1156451.01
MemFree                 24022.62        55593.44       513101.19       514047.84      1106765.10
MemUsed                 39865.66         8873.29          946.81            0.16        49685.91
Dirty                       0.00            0.00            0.02            0.00            0.02
Writeback                   0.00            0.00            0.00            0.00            0.00
FilePages                 319.73           32.10            2.96            0.00          354.79
AnonPages               30362.72           59.31          926.27            0.00        31348.30
PageTables                 88.10            2.56            0.00            0.00           90.66
WritebackTmp                0.00            0.00            0.00            0.00            0.00
MemTotal                63888.29        64466.73       514048.00       514048.00      1156451.01
MemFree                 24019.79        55593.25       513103.21       514047.84      1106764.09
MemUsed                 39868.50         8873.47          944.79            0.16        49686.92
Dirty                       0.01            0.00            0.00            0.00            0.01
Writeback                   0.00            0.00            0.00            0.00            0.00
FilePages                 320.16           32.10            2.96            0.00          355.23
AnonPages               30364.21           59.07          924.27            0.00        31347.55
PageTables                 88.27            2.56            0.00            0.00           90.83
WritebackTmp                0.00            0.00            0.00            0.00            0.00
MemTotal                63888.29        64466.73       514048.00       514048.00      1156451.01
MemFree                 24020.04        55593.25       513103.21       514047.84      1106764.34
MemUsed                 39868.25         8873.47          944.79            0.16        49686.67
Dirty                       0.01            0.00            0.02            0.00            0.02
Writeback                   0.00            0.00            0.00            0.00            0.00
FilePages                 320.17           32.10            2.96            0.00          355.23
AnonPages               30364.12           59.08          924.27            0.00        31347.47
PageTables                 88.16            2.56            0.00            0.00           90.72
WritebackTmp                0.00            0.00            0.00            0.00            0.00
MemTotal                63888.29        64466.73       514048.00       514048.00      1156451.01
MemFree                 24021.93        55593.25       513103.21       514047.84      1106766.24
MemUsed                 39866.36         8873.47          944.79            0.16        49684.77
Dirty                       0.02            0.00            0.00            0.00            0.02
Writeback                   0.00            0.00            0.00            0.00            0.00
FilePages                 320.18           32.10            2.96            0.00          355.25
AnonPages               30362.34           59.08          926.32            0.00        31347.74
PageTables                 88.21            2.56            0.00            0.00           90.78
WritebackTmp                0.00            0.00            0.00            0.00            0.00
MemTotal                63888.29        64466.73       514048.00       514048.00      1156451.01
MemFree                 24023.87        55593.25       513105.25       514047.84      1106770.21
MemUsed                 39864.41         8873.47          942.75            0.16        49680.80
Dirty                       0.01            0.00            0.00            0.00            0.01
Writeback                   0.00            0.00            0.00            0.00            0.00
FilePages                 320.19           32.10            2.97            0.00          355.26
AnonPages               30360.03           59.09          928.27            0.00        31347.39
PageTables                 88.17            2.56            0.00            0.00           90.73
WritebackTmp                0.00            0.00            0.00            0.00            0.00
MemTotal                63888.29        64466.73       514048.00       514048.00      1156451.01
MemFree                 24020.16        55593.25       513105.29       514047.84      1106766.55
MemUsed                 39868.12         8873.47          942.71            0.16        49684.46
Dirty                       0.00            0.00            0.02            0.00            0.02
Writeback                   0.00            0.00            0.00            0.00            0.00
FilePages                 320.69           32.10            2.97            0.00          355.76
AnonPages               30362.04           59.09          926.27            0.00        31347.40
PageTables                 89.10            2.56            0.00            0.00           91.66
WritebackTmp                0.00            0.00            0.00            0.00            0.00
MemTotal                63888.29        64466.73       514048.00       514048.00      1156451.01
MemFree                 24018.29        55593.50       513103.54       514047.84      1106763.18
MemUsed                 39870.00         8873.23          944.46            0.16        49687.84
Dirty                       0.00            0.00            0.00            0.00            0.00
Writeback                   0.00            0.00            0.00            0.00            0.00
FilePages                 320.75           32.10            2.97            0.00          355.82
AnonPages               30362.61           59.09          926.27            0.00        31347.97
PageTables                 88.24            2.56            0.00            0.00           90.80
WritebackTmp                0.00            0.00            0.00            0.00            0.00
MemTotal                63888.29        64466.73       514048.00       514048.00      1156451.01
MemFree                 24019.59        55593.50       513105.55       514047.84      1106766.48
MemUsed                 39868.70         8873.23          942.45            0.16        49684.53
Dirty                       0.01            0.00            0.02            0.00            0.02
Writeback                   0.00            0.00            0.00            0.00            0.00
FilePages                 320.76           32.10            2.97            0.00          355.83
AnonPages               30362.58           59.10          926.27            0.00        31347.95
PageTables                 88.11            2.56            0.00            0.00           90.67
WritebackTmp                0.00            0.00            0.00            0.00            0.00
MemTotal                63888.29        64466.73       514048.00       514048.00      1156451.01
MemFree                 24020.27        55593.50       513103.56       514047.84      1106765.17
MemUsed                 39868.02         8873.23          944.44            0.16        49685.84
Dirty                       0.03            0.00            0.00            0.00            0.03
Writeback                   0.00            0.00            0.00            0.00            0.00
FilePages                 320.90           32.10            2.97            0.00          355.97
AnonPages               30361.74           59.11          926.27            0.00        31347.12
PageTables                 88.11            2.56            0.00            0.00           90.67
WritebackTmp                0.00            0.00            0.00            0.00            0.00
MemTotal                63888.29        64466.73       514048.00       514048.00      1156451.01
MemFree                 53237.81        55593.50       514027.58       514047.84      1136906.73
MemUsed                 10650.48         8873.23           20.42            0.16        19544.28
Dirty                       0.00            0.00            0.02            0.00            0.02
Writeback                   0.00            0.00            0.00            0.00            0.00
FilePages                 320.91           32.10            2.97            0.00          355.98
AnonPages                 568.63           59.12            0.27            0.00          628.02
PageTables                 28.16            2.56            0.00            0.00           30.72
WritebackTmp                0.00            0.00            0.00            0.00            0.00
