MemTotal                63888.29        64461.80       514048.00       514048.00      1156446.08
MemFree                 50474.37        55813.57       514043.36       514047.94      1134379.24
MemUsed                 13413.91         8648.22            4.64            0.06        22066.84
Dirty                       0.11            0.08            0.00            0.00            0.19
Writeback                   0.00            0.00            0.00            0.00            0.00
FilePages                 427.12            6.17            0.03            0.00          433.32
AnonPages                3950.95           19.59            0.00            0.00         3970.55
PageTables                 38.67            0.45            0.00            0.00           39.12
WritebackTmp                0.00            0.00            0.00            0.00            0.00
MemTotal                63888.29        64461.80       514048.00       514048.00      1156446.08
MemFree                 45335.36        55813.82       513336.58       514047.94      1128533.70
MemUsed                 18552.92         8647.97          711.42            0.06        27912.38
Dirty                       0.05            0.04            0.00            0.00            0.09
Writeback                   0.00            0.00            0.00            0.00            0.00
FilePages                 426.96            6.22            2.01            0.00          435.20
AnonPages                9067.41           19.62          703.93            0.00         9790.96
PageTables                 50.14            0.45            0.00            0.00           50.59
WritebackTmp                0.00            0.00            0.00            0.00            0.00
MemTotal                63888.29        64461.80       514048.00       514048.00      1156446.08
MemFree                 45262.89        55813.82       509807.10       514047.94      1124931.75
MemUsed                 18625.40         8647.97         4240.90            0.06        31514.33
Dirty                       0.38            0.13            0.02            0.00            0.52
Writeback                   0.00            0.00            0.00            0.00            0.00
FilePages                 455.21            6.24            3.87            0.00          465.32
AnonPages                9098.89           19.62         4230.20            0.00        13348.71
PageTables                 57.18            0.45            0.00            0.00           57.63
WritebackTmp                0.00            0.00            0.00            0.00            0.00
MemTotal                63888.29        64461.80       514048.00       514048.00      1156446.08
MemFree                 45246.87        55813.33       506481.39       514047.94      1121589.53
MemUsed                 18641.42         8648.46         7566.61            0.06        34856.55
Dirty                       0.20            0.09            0.00            0.00            0.29
Writeback                   0.00            0.00            0.00            0.00            0.00
FilePages                 455.21            6.70            3.87            0.00          465.78
AnonPages                9101.33           19.67         7556.24            0.00        16677.24
PageTables                 63.48            0.45            0.00            0.00           63.93
WritebackTmp                0.00            0.00            0.00            0.00            0.00
MemTotal                63888.29        64461.80       514048.00       514048.00      1156446.08
MemFree                 45232.87        55812.62       503152.29       514047.94      1118245.72
MemUsed                 18655.41         8649.17        10895.71            0.06        38200.36
Dirty                       0.16            0.11            0.02            0.00            0.28
Writeback                   0.00            0.00            0.00            0.00            0.00
FilePages                 455.21            7.18            3.87            0.00          466.27
AnonPages                9101.75           19.75        10884.36            0.00        20005.87
PageTables                 70.09            0.45            0.00            0.00           70.54
WritebackTmp                0.00            0.00            0.00            0.00            0.00
MemTotal                63888.29        64461.80       514048.00       514048.00      1156446.08
MemFree                 45220.01        55812.71       499950.61       514047.94      1115031.27
MemUsed                 18668.27         8649.09        14097.39            0.06        41414.82
Dirty                       0.10            0.09            0.00            0.00            0.20
Writeback                   0.00            0.00            0.00            0.00            0.00
FilePages                 455.21            7.20            3.88            0.00          466.29
AnonPages                9101.18           19.81        14084.71            0.00        23205.70
PageTables                 76.50            0.45            0.00            0.00           76.95
WritebackTmp                0.00            0.00            0.00            0.00            0.00
MemTotal                63888.29        64461.80       514048.00       514048.00      1156446.08
MemFree                 45205.63        55812.22       496498.65       514047.94      1111564.43
MemUsed                 18682.66         8649.58        17549.35            0.06        44881.65
Dirty                       0.03            0.03            0.02            0.00            0.08
Writeback                   0.00            0.00            0.00            0.00            0.00
FilePages                 455.21            7.68            3.88            0.00          466.77
AnonPages                9101.59           19.86        17535.86            0.00        26657.30
PageTables                 83.21            0.45            0.00            0.00           83.66
WritebackTmp                0.00            0.00            0.00            0.00            0.00
MemTotal                63888.29        64461.80       514048.00       514048.00      1156446.08
MemFree                 45194.68        55811.97       493684.18       514047.94      1108738.77
MemUsed                 18693.60         8649.82        20363.82            0.06        47707.31
Dirty                       0.30            0.12            0.00            0.00            0.42
Writeback                   0.00            0.00            0.00            0.00            0.00
FilePages                 455.35            7.70            3.88            0.00          466.92
AnonPages                9101.18           19.89        20350.08            0.00        29471.14
PageTables                 88.81            0.45            0.00            0.00           89.26
WritebackTmp                0.00            0.00            0.00            0.00            0.00
MemTotal                63888.29        64461.80       514048.00       514048.00      1156446.08
MemFree                 45183.43        55811.97       490733.52       514047.94      1105776.86
MemUsed                 18704.85         8649.82        23314.48            0.06        50669.22
Dirty                       0.22            0.11            0.02            0.00            0.35
Writeback                   0.00            0.00            0.00            0.00            0.00
FilePages                 455.35            7.71            3.88            0.00          466.93
AnonPages                9101.97           19.89        23300.66            0.00        32422.52
PageTables                 94.53            0.45            0.00            0.00           94.98
WritebackTmp                0.00            0.00            0.00            0.00            0.00
MemTotal                63888.29        64461.80       514048.00       514048.00      1156446.08
MemFree                 45172.33        55811.48       487774.98       514047.94      1102806.73
MemUsed                 18715.95         8650.32        26273.02            0.06        53639.36
Dirty                       0.22            0.14            0.00            0.00            0.36
Writeback                   0.00            0.00            0.00            0.00            0.00
FilePages                 455.35            8.17            3.88            0.00          467.39
AnonPages                9102.23           19.89        26258.89            0.00        35381.01
PageTables                100.46            0.45            0.00            0.00          100.91
WritebackTmp                0.00            0.00            0.00            0.00            0.00
MemTotal                63888.29        64461.80       514048.00       514048.00      1156446.08
MemFree                 45169.05        55811.74       486379.29       514047.94      1101408.01
MemUsed                 18719.24         8650.06        27668.71            0.06        55038.07
Dirty                       0.12            0.13            0.02            0.00            0.27
Writeback                   0.00            0.00            0.00            0.00            0.00
FilePages                 455.35            8.18            3.88            0.00          467.41
AnonPages                9099.84           19.89        27654.57            0.00        36774.30
PageTables                103.18            0.45            0.00            0.00          103.63
WritebackTmp                0.00            0.00            0.00            0.00            0.00
MemTotal                63888.29        64461.80       514048.00       514048.00      1156446.08
MemFree                 45174.29        55811.74       486374.23       514047.94      1101408.19
MemUsed                 18714.00         8650.06        27673.77            0.06        55037.89
Dirty                       0.09            0.09            0.00            0.00            0.18
Writeback                   0.00            0.00            0.00            0.00            0.00
FilePages                 455.35            8.23            3.88            0.00          467.45
AnonPages                9094.59           19.89        27660.42            0.00        36774.90
PageTables                103.17            0.45            0.00            0.00          103.62
WritebackTmp                0.00            0.00            0.00            0.00            0.00
MemTotal                63888.29        64461.80       514048.00       514048.00      1156446.08
MemFree                 45177.33        55811.74       486370.30       514047.94      1101407.30
MemUsed                 18710.96         8650.06        27677.70            0.06        55038.78
Dirty                       0.03            0.02            0.02            0.00            0.06
Writeback                   0.00            0.00            0.00            0.00            0.00
FilePages                 455.35            8.24            3.88            0.00          467.46
AnonPages                9090.77           19.89        27664.24            0.00        36774.90
PageTables                103.13            0.45            0.00            0.00          103.58
WritebackTmp                0.00            0.00            0.00            0.00            0.00
MemTotal                63888.29        64461.80       514048.00       514048.00      1156446.08
MemFree                 45183.04        55810.51       486364.85       514047.94      1101406.33
MemUsed                 18705.25         8651.29        27683.15            0.06        55039.75
Dirty                       0.27            0.12            0.00            0.00            0.39
Writeback                   0.03            0.00            0.00            0.00            0.03
FilePages                 455.35            9.16            3.88            0.00          468.38
AnonPages                9085.05           19.89        27670.20            0.00        36775.13
PageTables                103.19            0.45            0.00            0.00          103.64
WritebackTmp                0.00            0.00            0.00            0.00            0.00
MemTotal                63888.29        64461.80       514048.00       514048.00      1156446.08
MemFree                 45188.04        55810.26       486361.14       514047.94      1101407.39
MemUsed                 18700.24         8651.54        27686.86            0.06        55038.70
Dirty                       0.18            0.11            0.02            0.00            0.30
Writeback                   0.00            0.00            0.00            0.00            0.00
FilePages                 455.35            9.41            3.88            0.00          468.64
AnonPages                9081.56           19.89        27674.10            0.00        36775.55
PageTables                103.19            0.46            0.00            0.00          103.64
WritebackTmp                0.00            0.00            0.00            0.00            0.00
MemTotal                63888.29        64461.80       514048.00       514048.00      1156446.08
MemFree                 45194.52        55810.26       486355.35       514047.94      1101408.07
MemUsed                 18693.77         8651.54        27692.65            0.06        55038.01
Dirty                       0.16            0.11            0.00            0.00            0.28
Writeback                   0.04            0.00            0.00            0.00            0.04
FilePages                 455.35            9.44            3.88            0.00          468.67
AnonPages                9074.35           19.40        27679.93            0.00        36773.68
PageTables                103.18            0.46            0.00            0.00          103.63
WritebackTmp                0.00            0.00            0.00            0.00            0.00
MemTotal                63888.29        64461.80       514048.00       514048.00      1156446.08
MemFree                 45198.75        55810.26       486351.41       514047.94      1101408.37
MemUsed                 18689.53         8651.54        27696.59            0.06        55037.71
Dirty                       0.10            0.12            0.02            0.00            0.24
Writeback                   0.00            0.00            0.00            0.00            0.00
FilePages                 455.35            9.57            3.88            0.00          468.80
AnonPages                9070.70           19.40        27683.82            0.00        36773.92
PageTables                103.14            0.46            0.00            0.00          103.60
WritebackTmp                0.00            0.00            0.00            0.00            0.00
MemTotal                63888.29        64461.80       514048.00       514048.00      1156446.08
MemFree                 45211.32        55809.77       486346.25       514047.94      1101415.27
MemUsed                 18676.97         8652.03        27701.75            0.06        55030.81
Dirty                       0.11            0.09            0.00            0.00            0.20
Writeback                   0.00            0.00            0.00            0.00            0.00
FilePages                 447.94           10.05            3.88            0.00          461.88
AnonPages                9065.26           19.40        27689.75            0.00        36774.40
PageTables                103.16            0.46            0.00            0.00          103.62
WritebackTmp                0.00            0.00            0.00            0.00            0.00
MemTotal                63888.29        64461.80       514048.00       514048.00      1156446.08
MemFree                 45214.82        55809.77       486342.06       514047.94      1101414.59
MemUsed                 18673.47         8652.03        27705.94            0.06        55031.50
Dirty                       0.02            0.06            0.02            0.00            0.09
Writeback                   0.00            0.01            0.00            0.00            0.01
FilePages                 447.94           10.05            3.88            0.00          461.88
AnonPages                9061.77           19.40        27693.68            0.00        36774.85
PageTables                103.17            0.46            0.00            0.00          103.62
WritebackTmp                0.00            0.00            0.00            0.00            0.00
MemTotal                63888.29        64461.80       514048.00       514048.00      1156446.08
MemFree                 45219.34        55809.77       486336.25       514047.94      1101413.29
MemUsed                 18668.95         8652.03        27711.75            0.06        55032.79
Dirty                       0.25            0.10            0.00            0.00            0.36
Writeback                   0.04            0.00            0.00            0.00            0.04
FilePages                 447.94           10.07            3.89            0.00          461.90
AnonPages                9056.13           19.59        27699.54            0.00        36775.25
PageTables                103.25            0.46            0.00            0.00          103.71
WritebackTmp                0.00            0.00            0.00            0.00            0.00
MemTotal                63888.29        64461.80       514048.00       514048.00      1156446.08
MemFree                 45224.08        55810.17       486332.40       514047.94      1101414.59
MemUsed                 18664.20         8651.63        27715.60            0.06        55031.49
Dirty                       0.22            0.11            0.02            0.00            0.35
Writeback                   0.00            0.00            0.00            0.00            0.00
FilePages                 447.94           10.09            3.89            0.00          461.92
AnonPages                9051.80           19.59        27703.48            0.00        36774.87
PageTables                103.25            0.46            0.00            0.00          103.71
WritebackTmp                0.00            0.00            0.00            0.00            0.00
MemTotal                63888.29        64461.80       514048.00       514048.00      1156446.08
MemFree                 45228.83        55810.17       486326.25       514047.94      1101413.19
MemUsed                 18659.45         8651.63        27721.75            0.06        55032.89
Dirty                       0.20            0.11            0.00            0.00            0.32
Writeback                   0.03            0.00            0.00            0.00            0.03
FilePages                 447.94           10.11            3.89            0.00          461.93
AnonPages                9046.11           19.59        27709.31            0.00        36775.01
PageTables                103.16            0.46            0.00            0.00          103.62
WritebackTmp                0.00            0.00            0.00            0.00            0.00
MemTotal                63888.29        64461.80       514048.00       514048.00      1156446.08
MemFree                 45232.32        55810.17       486322.32       514047.94      1101412.75
MemUsed                 18655.96         8651.63        27725.68            0.06        55033.34
Dirty                       0.11            0.11            0.02            0.00            0.23
Writeback                   0.00            0.00            0.00            0.00            0.00
FilePages                 447.94           10.11            3.89            0.00          461.93
AnonPages                9042.55           19.59        27713.22            0.00        36775.36
PageTables                103.12            0.46            0.00            0.00          103.57
WritebackTmp                0.00            0.00            0.00            0.00            0.00
MemTotal                63888.29        64461.80       514048.00       514048.00      1156446.08
MemFree                 45237.32        55810.41       486316.89       514047.94      1101412.57
MemUsed                 18650.96         8651.38        27731.11            0.06        55033.52
Dirty                       0.11            0.07            0.00            0.00            0.19
Writeback                   0.00            0.00            0.00            0.00            0.00
FilePages                 448.22           10.13            3.89            0.00          462.23
AnonPages                9036.88           19.59        27719.09            0.00        36775.55
PageTables                103.15            0.46            0.00            0.00          103.61
WritebackTmp                0.00            0.00            0.00            0.00            0.00
MemTotal                63888.29        64461.80       514048.00       514048.00      1156446.08
MemFree                 45237.39        55808.47       486313.07       514047.94      1101406.87
MemUsed                 18650.89         8653.33        27734.93            0.06        55039.21
Dirty                       0.40            0.11            0.02            0.00            0.53
Writeback                   0.00            0.00            0.00            0.00            0.00
FilePages                 452.03           11.78            3.89            0.00          467.70
AnonPages                9033.27           19.59        27722.99            0.00        36775.85
PageTables                103.12            0.46            0.00            0.00          103.58
WritebackTmp                0.00            0.00            0.00            0.00            0.00
MemTotal                63888.29        64461.80       514048.00       514048.00      1156446.08
MemFree                 45249.77        55807.32       486307.17       514047.94      1101412.20
MemUsed                 18638.52         8654.48        27740.83            0.06        55033.88
Dirty                       0.29            0.11            0.00            0.00            0.39
Writeback                   0.00            0.00            0.00            0.00            0.00
FilePages                 452.03           12.48            3.89            0.00          468.39
AnonPages                9021.28           19.30        27728.96            0.00        36769.54
PageTables                102.89            0.46            0.00            0.00          103.34
WritebackTmp                0.00            0.00            0.00            0.00            0.00
MemTotal                63888.29        64461.80       514048.00       514048.00      1156446.08
MemFree                 45253.27        55807.32       486303.24       514047.94      1101411.76
MemUsed                 18635.02         8654.48        27744.76            0.06        55034.32
Dirty                       0.21            0.10            0.02            0.00            0.33
Writeback                   0.00            0.00            0.00            0.00            0.00
FilePages                 452.03           12.48            3.89            0.00          468.39
AnonPages                9017.80           19.30        27732.80            0.00        36769.90
PageTables                103.00            0.46            0.00            0.00          103.46
WritebackTmp                0.00            0.00            0.00            0.00            0.00
MemTotal                63888.29        64461.80       514048.00       514048.00      1156446.08
MemFree                 45260.48        55807.32       486298.07       514047.94      1101413.81
MemUsed                 18627.80         8654.48        27749.93            0.06        55032.27
Dirty                       0.19            0.11            0.00            0.00            0.30
Writeback                   0.03            0.00            0.00            0.00            0.03
FilePages                 452.48           12.50            3.89            0.00          468.88
AnonPages                9011.25           19.30        27738.73            0.00        36769.29
PageTables                103.02            0.46            0.00            0.00          103.48
WritebackTmp                0.00            0.00            0.00            0.00            0.00
MemTotal                63888.29        64461.80       514048.00       514048.00      1156446.08
MemFree                 45264.22        55807.32       486294.13       514047.94      1101413.61
MemUsed                 18624.06         8654.48        27753.87            0.06        55032.47
Dirty                       0.12            0.11            0.02            0.00            0.26
Writeback                   0.00            0.00            0.00            0.00            0.00
FilePages                 452.48           12.52            3.89            0.00          468.89
AnonPages                9007.49           19.30        27742.62            0.00        36769.41
PageTables                102.89            0.46            0.00            0.00          103.35
WritebackTmp                0.00            0.00            0.00            0.00            0.00
MemTotal                63888.29        64461.80       514048.00       514048.00      1156446.08
MemFree                 45270.72        55807.32       486288.23       514047.94      1101414.20
MemUsed                 18617.57         8654.48        27759.77            0.06        55031.88
Dirty                       0.11            0.12            0.00            0.00            0.23
Writeback                   0.00            0.00            0.00            0.00            0.00
FilePages                 452.48           12.53            3.90            0.00          468.91
AnonPages                9000.76           19.30        27748.43            0.00        36768.50
PageTables                102.98            0.46            0.00            0.00          103.43
WritebackTmp                0.00            0.00            0.00            0.00            0.00
MemTotal                63888.29        64461.80       514048.00       514048.00      1156446.08
MemFree                 45273.74        55807.32       486284.08       514047.94      1101413.08
MemUsed                 18614.54         8654.48        27763.92            0.06        55033.00
Dirty                       0.04            0.03            0.02            0.00            0.09
Writeback                   0.02            0.07            0.00            0.00            0.08
FilePages                 452.48           12.55            3.90            0.00          468.93
AnonPages                8996.84           19.30        27752.33            0.00        36768.47
PageTables                103.11            0.46            0.00            0.00          103.56
WritebackTmp                0.00            0.00            0.00            0.00            0.00
MemTotal                63888.29        64461.80       514048.00       514048.00      1156446.08
MemFree                 45277.48        55807.32       486280.88       514047.94      1101413.62
MemUsed                 18610.80         8654.48        27767.12            0.06        55032.46
Dirty                       0.23            0.11            0.00            0.00            0.34
Writeback                   0.00            0.00            0.00            0.00            0.00
FilePages                 452.48           12.55            3.90            0.00          468.94
AnonPages                8993.14           19.30        27756.31            0.00        36768.76
PageTables                103.16            0.46            0.00            0.00          103.61
WritebackTmp                0.00            0.00            0.00            0.00            0.00
MemTotal                63888.29        64461.80       514048.00       514048.00      1156446.08
MemFree                 45283.47        55807.32       486275.08       514047.94      1101413.81
MemUsed                 18604.82         8654.48        27772.92            0.06        55032.27
Dirty                       0.21            0.09            0.02            0.00            0.32
Writeback                   0.00            0.00            0.00            0.00            0.00
FilePages                 452.49           12.57            3.90            0.00          468.96
AnonPages                8987.50           19.30        27762.15            0.00        36768.96
PageTables                103.04            0.46            0.00            0.00          103.49
WritebackTmp                0.00            0.00            0.00            0.00            0.00
MemTotal                63888.29        64461.80       514048.00       514048.00      1156446.08
MemFree                 45286.72        55807.52       486271.15       514047.94      1101413.33
MemUsed                 18601.57         8654.27        27776.85            0.06        55032.75
Dirty                       0.11            0.10            0.00            0.00            0.21
Writeback                   0.04            0.00            0.00            0.00            0.04
FilePages                 452.50           12.59            3.90            0.00          468.98
AnonPages                8983.77           19.30        27766.09            0.00        36769.16
PageTables                103.16            0.46            0.00            0.00          103.62
WritebackTmp                0.00            0.00            0.00            0.00            0.00
MemTotal                63888.29        64461.80       514048.00       514048.00      1156446.08
MemFree                 45291.69        55807.52       486267.03       514047.94      1101414.18
MemUsed                 18596.59         8654.27        27780.97            0.06        55031.90
Dirty                       0.12            0.11            0.02            0.00            0.25
Writeback                   0.00            0.00            0.00            0.00            0.00
FilePages                 452.50           12.59            3.90            0.00          469.00
AnonPages                8978.13           19.30        27771.97            0.00        36769.40
PageTables                103.11            0.46            0.00            0.00          103.57
WritebackTmp                0.00            0.00            0.00            0.00            0.00
MemTotal                63888.29        64461.80       514048.00       514048.00      1156446.08
MemFree                 45296.16        55807.59       486263.40       514047.94      1101415.10
MemUsed                 18592.12         8654.20        27784.60            0.06        55030.98
Dirty                       0.33            0.11            0.00            0.00            0.45
Writeback                   0.00            0.00            0.00            0.00            0.00
FilePages                 452.51           12.61            3.90            0.00          469.02
AnonPages                8973.75           19.30        27775.89            0.00        36768.95
PageTables                102.86            0.46            0.00            0.00          103.32
WritebackTmp                0.00            0.00            0.00            0.00            0.00
MemTotal                63888.29        64461.80       514048.00       514048.00      1156446.08
MemFree                 45301.70        55807.86       486257.50       514047.94      1101415.00
MemUsed                 18586.58         8653.94        27790.50            0.06        55031.08
Dirty                       0.34            0.12            0.02            0.00            0.48
Writeback                   0.00            0.00            0.00            0.00            0.00
FilePages                 452.52           12.62            3.90            0.00          469.05
AnonPages                8968.65           19.34        27781.77            0.00        36769.76
PageTables                102.82            0.46            0.00            0.00          103.28
WritebackTmp                0.00            0.00            0.00            0.00            0.00
MemTotal                63888.29        64461.80       514048.00       514048.00      1156446.08
MemFree                 45304.95        55807.86       486253.62       514047.94      1101414.37
MemUsed                 18583.34         8653.94        27794.38            0.06        55031.71
Dirty                       0.20            0.09            0.00            0.00            0.29
Writeback                   0.00            0.00            0.00            0.00            0.00
FilePages                 452.53           12.64            3.90            0.00          469.07
AnonPages                8965.35           19.34        27785.68            0.00        36770.37
PageTables                102.82            0.46            0.00            0.00          103.28
WritebackTmp                0.00            0.00            0.00            0.00            0.00
MemTotal                63888.29        64461.80       514048.00       514048.00      1156446.08
MemFree                 45310.80        55807.37       486247.47       514047.94      1101413.58
MemUsed                 18577.48         8654.43        27800.53            0.06        55032.50
Dirty                       0.29            0.10            0.02            0.00            0.41
Writeback                   0.00            0.00            0.00            0.00            0.00
FilePages                 452.71           13.16            3.91            0.00          469.77
AnonPages                8959.68           19.34        27791.56            0.00        36770.58
PageTables                102.83            0.46            0.00            0.00          103.29
WritebackTmp                0.00            0.00            0.00            0.00            0.00
MemTotal                63888.29        64461.80       514048.00       514048.00      1156446.08
MemFree                 45314.31        55807.37       486243.54       514047.94      1101413.15
MemUsed                 18573.97         8654.43        27804.46            0.06        55032.93
Dirty                       0.17            0.09            0.01            0.00            0.27
Writeback                   0.00            0.00            0.00            0.00            0.00
FilePages                 452.71           13.16            3.91            0.00          469.77
AnonPages                8956.71           19.29        27795.38            0.00        36771.37
PageTables                102.81            0.46            0.00            0.00          103.27
WritebackTmp                0.00            0.00            0.00            0.00            0.00
MemTotal                63888.29        64461.80       514048.00       514048.00      1156446.08
MemFree                 45321.04        55807.37       486237.70       514047.94      1101414.04
MemUsed                 18567.25         8654.43        27810.30            0.06        55032.04
Dirty                       0.20            0.10            0.02            0.00            0.31
Writeback                   0.00            0.00            0.00            0.00            0.00
FilePages                 452.72           13.18            3.91            0.00          469.80
AnonPages                8949.93           19.29        27801.34            0.00        36770.55
PageTables                102.83            0.46            0.00            0.00          103.29
WritebackTmp                0.00            0.00            0.00            0.00            0.00
MemTotal                63888.29        64461.80       514048.00       514048.00      1156446.08
MemFree                 45324.51        55806.99       486233.64       514047.94      1101413.07
MemUsed                 18563.77         8654.81        27814.36            0.06        55033.01
Dirty                       0.08            0.04            0.00            0.00            0.12
Writeback                   0.00            0.00            0.00            0.00            0.00
FilePages                 452.73           13.20            3.91            0.00          469.83
AnonPages                8946.27           19.29        27805.23            0.00        36770.79
PageTables                102.87            0.46            0.00            0.00          103.33
WritebackTmp                0.00            0.00            0.00            0.00            0.00
MemTotal                63888.29        64461.80       514048.00       514048.00      1156446.08
MemFree                 45326.75        55806.99       486231.77       514047.94      1101413.44
MemUsed                 18561.54         8654.81        27816.23            0.06        55032.64
Dirty                       0.32            0.12            0.02            0.00            0.46
Writeback                   0.00            0.00            0.00            0.00            0.00
FilePages                 452.73           13.20            3.91            0.00          469.84
AnonPages                8944.20           19.29        27807.11            0.00        36770.59
PageTables                102.93            0.46            0.00            0.00          103.38
WritebackTmp                0.00            0.00            0.00            0.00            0.00
MemTotal                63888.29        64461.80       514048.00       514048.00      1156446.08
MemFree                 45326.51        55806.99       486231.83       514047.94      1101413.27
MemUsed                 18561.77         8654.81        27816.17            0.06        55032.81
Dirty                       0.16            0.09            0.00            0.00            0.25
Writeback                   0.00            0.00            0.00            0.00            0.00
FilePages                 452.74           13.21            3.91            0.00          469.86
AnonPages                8943.95           19.29        27807.00            0.00        36770.24
PageTables                102.78            0.46            0.00            0.00          103.23
WritebackTmp                0.00            0.00            0.00            0.00            0.00
MemTotal                63888.29        64461.80       514048.00       514048.00      1156446.08
MemFree                 45325.78        55806.99       486231.94       514047.94      1101412.64
MemUsed                 18562.51         8654.81        27816.06            0.06        55033.44
Dirty                       0.19            0.10            0.01            0.00            0.30
Writeback                   0.00            0.00            0.00            0.00            0.00
FilePages                 452.76           13.23            3.91            0.00          469.90
AnonPages                8944.51           19.29        27807.00            0.00        36770.80
PageTables                102.88            0.46            0.00            0.00          103.34
WritebackTmp                0.00            0.00            0.00            0.00            0.00
MemTotal                63888.29        64461.80       514048.00       514048.00      1156446.08
MemFree                 45326.03        55806.99       486232.25       514047.94      1101413.21
MemUsed                 18562.25         8654.81        27815.75            0.06        55032.87
Dirty                       0.09            0.09            0.00            0.00            0.18
Writeback                   0.00            0.00            0.00            0.00            0.00
FilePages                 452.76           13.24            3.91            0.00          469.91
AnonPages                8944.37           19.30        27807.00            0.00        36770.67
PageTables                102.89            0.46            0.00            0.00          103.34
WritebackTmp                0.00            0.00            0.00            0.00            0.00
MemTotal                63888.29        64461.80       514048.00       514048.00      1156446.08
MemFree                 45325.79        55806.99       486232.67       514047.94      1101413.38
MemUsed                 18562.50         8654.81        27815.33            0.06        55032.70
Dirty                       0.12            0.09            0.01            0.00            0.22
Writeback                   0.00            0.00            0.00            0.00            0.00
FilePages                 452.76           13.26            3.91            0.00          469.93
AnonPages                8944.66           19.30        27807.00            0.00        36770.96
PageTables                102.84            0.46            0.00            0.00          103.29
WritebackTmp                0.00            0.00            0.00            0.00            0.00
MemTotal                63888.29        64461.80       514048.00       514048.00      1156446.08
MemFree                 45325.79        55806.99       486232.91       514047.94      1101413.63
MemUsed                 18562.50         8654.81        27815.09            0.06        55032.45
Dirty                       0.05            0.11            0.00            0.00            0.16
Writeback                   0.03            0.00            0.00            0.00            0.03
FilePages                 452.77           13.27            3.91            0.00          469.95
AnonPages                8943.95           19.30        27807.00            0.00        36770.25
PageTables                102.79            0.46            0.00            0.00          103.24
WritebackTmp                0.00            0.00            0.00            0.00            0.00
MemTotal                63888.29        64461.80       514048.00       514048.00      1156446.08
MemFree                 45326.04        55806.99       486233.40       514047.94      1101414.36
MemUsed                 18562.25         8654.81        27814.60            0.06        55031.72
Dirty                       0.20            0.11            0.01            0.00            0.33
Writeback                   0.00            0.00            0.00            0.00            0.00
FilePages                 452.77           13.27            3.91            0.00          469.95
AnonPages                8943.97           19.45        27807.00            0.00        36770.42
PageTables                102.79            0.46            0.00            0.00          103.25
WritebackTmp                0.00            0.00            0.00            0.00            0.00
MemTotal                63888.29        64461.80       514048.00       514048.00      1156446.08
MemFree                 45326.54        55806.75       486233.65       514047.94      1101414.87
MemUsed                 18561.75         8655.05        27814.35            0.06        55031.21
Dirty                       0.14            0.08            0.00            0.00            0.22
Writeback                   0.00            0.00            0.00            0.00            0.00
FilePages                 452.77           13.30            3.91            0.00          469.98
AnonPages                8944.16           19.45        27807.00            0.00        36770.61
PageTables                102.80            0.46            0.00            0.00          103.25
WritebackTmp                0.00            0.00            0.00            0.00            0.00
MemTotal                63888.29        64461.80       514048.00       514048.00      1156446.08
MemFree                 45326.29        55806.50       486233.89       514047.94      1101414.62
MemUsed                 18561.99         8655.30        27814.11            0.06        55031.46
Dirty                       0.16            0.10            0.00            0.00            0.26
Writeback                   0.00            0.00            0.01            0.00            0.02
FilePages                 452.79           13.31            3.91            0.00          470.01
AnonPages                8944.27           19.45        27807.00            0.00        36770.71
PageTables                102.75            0.46            0.00            0.00          103.21
WritebackTmp                0.00            0.00            0.00            0.00            0.00
MemTotal                63888.29        64461.80       514048.00       514048.00      1156446.08
MemFree                 45326.54        55806.50       486234.39       514047.94      1101415.37
MemUsed                 18561.74         8655.30        27813.61            0.06        55030.71
Dirty                       0.10            0.09            0.00            0.00            0.19
Writeback                   0.00            0.00            0.00            0.00            0.00
FilePages                 452.79           13.32            3.91            0.00          470.02
AnonPages                8944.78           19.45        27807.00            0.00        36771.23
PageTables                103.06            0.46            0.00            0.00          103.52
WritebackTmp                0.00            0.00            0.00            0.00            0.00
MemTotal                63888.29        64461.80       514048.00       514048.00      1156446.08
MemFree                 45324.83        55806.50       486234.39       514047.94      1101413.65
MemUsed                 18563.46         8655.30        27813.61            0.06        55032.43
Dirty                       0.12            0.10            0.01            0.00            0.23
Writeback                   0.00            0.00            0.00            0.00            0.00
FilePages                 452.80           13.34            3.91            0.00          470.04
AnonPages                8945.08           19.45        27807.00            0.00        36771.53
PageTables                102.85            0.46            0.00            0.00          103.30
WritebackTmp                0.00            0.00            0.00            0.00            0.00
MemTotal                63888.29        64461.80       514048.00       514048.00      1156446.08
MemFree                 45325.32        55806.50       486234.40       514047.94      1101414.16
MemUsed                 18562.96         8655.30        27813.60            0.06        55031.92
Dirty                       0.02            0.02            0.01            0.00            0.05
Writeback                   0.00            0.06            0.00            0.00            0.06
FilePages                 452.80           13.34            3.91            0.00          470.05
AnonPages                8945.15           19.45        27807.00            0.00        36771.60
PageTables                102.72            0.46            0.00            0.00          103.18
WritebackTmp                0.00            0.00            0.00            0.00            0.00
MemTotal                63888.29        64461.80       514048.00       514048.00      1156446.08
MemFree                 45325.82        55806.50       486234.63       514047.94      1101414.88
MemUsed                 18562.47         8655.30        27813.37            0.06        55031.20
Dirty                       0.21            0.13            0.00            0.00            0.34
Writeback                   0.00            0.00            0.00            0.00            0.00
FilePages                 452.80           13.36            3.91            0.00          470.07
AnonPages                8944.73           19.45        27807.00            0.00        36771.18
PageTables                102.86            0.46            0.00            0.00          103.31
WritebackTmp                0.00            0.00            0.00            0.00            0.00
MemTotal                63888.29        64461.80       514048.00       514048.00      1156446.08
MemFree                 45325.08        55806.06       486234.81       514047.94      1101413.89
MemUsed                 18563.20         8655.73        27813.19            0.06        55032.19
Dirty                       0.13            0.12            0.01            0.00            0.27
Writeback                   0.02            0.00            0.00            0.00            0.02
FilePages                 452.80           13.37            3.91            0.00          470.07
AnonPages                8944.83           19.45        27807.00            0.00        36771.28
PageTables                102.73            0.46            0.00            0.00          103.19
WritebackTmp                0.00            0.00            0.00            0.00            0.00
MemTotal                63888.29        64461.80       514048.00       514048.00      1156446.08
MemFree                 45325.57        55806.06       486234.87       514047.94      1101414.44
MemUsed                 18562.71         8655.73        27813.13            0.06        55031.64
Dirty                       0.19            0.11            0.00            0.00            0.30
Writeback                   0.00            0.00            0.00            0.00            0.00
FilePages                 452.80           13.38            3.91            0.00          470.09
AnonPages                8945.31           19.47        27807.00            0.00        36771.78
PageTables                102.82            0.46            0.00            0.00          103.27
WritebackTmp                0.00            0.00            0.00            0.00            0.00
MemTotal                63888.29        64461.80       514048.00       514048.00      1156446.08
MemFree                 45325.58        55806.06       486234.87       514047.94      1101414.45
MemUsed                 18562.71         8655.73        27813.13            0.06        55031.64
Dirty                       0.07            0.10            0.01            0.00            0.18
Writeback                   0.00            0.00            0.00            0.00            0.00
FilePages                 452.80           13.38            3.91            0.00          470.09
AnonPages                8945.83           19.48        27807.00            0.00        36772.31
PageTables                103.06            0.46            0.00            0.00          103.52
WritebackTmp                0.00            0.00            0.00            0.00            0.00
MemTotal                63888.29        64461.80       514048.00       514048.00      1156446.08
MemFree                 45325.58        55805.82       486234.87       514047.94      1101414.20
MemUsed                 18562.70         8655.98        27813.13            0.06        55031.88
Dirty                       0.00            0.02            0.00            0.00            0.02
Writeback                   0.00            0.00            0.00            0.00            0.00
FilePages                 452.80           13.41            3.91            0.00          470.12
AnonPages                8945.21           19.48        27807.00            0.00        36771.70
PageTables                102.94            0.46            0.00            0.00          103.40
WritebackTmp                0.00            0.00            0.00            0.00            0.00
MemTotal                63888.29        64461.80       514048.00       514048.00      1156446.08
MemFree                 45326.32        55805.82       486234.87       514047.94      1101414.95
MemUsed                 18561.96         8655.98        27813.13            0.06        55031.14
Dirty                       0.22            0.12            0.01            0.00            0.34
Writeback                   0.00            0.00            0.00            0.00            0.00
FilePages                 452.80           13.42            3.91            0.00          470.13
AnonPages                8944.68           19.48        27807.00            0.00        36771.16
PageTables                103.11            0.46            0.00            0.00          103.56
WritebackTmp                0.00            0.00            0.00            0.00            0.00
MemTotal                63888.29        64461.80       514048.00       514048.00      1156446.08
MemFree                 45326.08        55805.82       486234.87       514047.94      1101414.70
MemUsed                 18562.20         8655.98        27813.13            0.06        55031.38
Dirty                       0.12            0.12            0.01            0.00            0.25
Writeback                   0.00            0.00            0.00            0.00            0.00
FilePages                 452.80           13.43            3.91            0.00          470.14
AnonPages                8944.59           19.48        27807.00            0.00        36771.08
PageTables                102.72            0.46            0.00            0.00          103.18
WritebackTmp                0.00            0.00            0.00            0.00            0.00
MemTotal                63888.29        64461.80       514048.00       514048.00      1156446.08
MemFree                 45325.59        55805.82       486234.87       514047.94      1101414.21
MemUsed                 18562.70         8655.98        27813.13            0.06        55031.87
Dirty                       0.11            0.12            0.01            0.00            0.23
Writeback                   0.00            0.00            0.00            0.00            0.00
FilePages                 452.81           13.46            3.91            0.00          470.18
AnonPages                8945.24           19.52        27807.00            0.00        36771.76
PageTables                102.94            0.46            0.00            0.00          103.40
WritebackTmp                0.00            0.00            0.00            0.00            0.00
MemTotal                63888.29        64461.80       514048.00       514048.00      1156446.08
MemFree                 45325.59        55805.82       486234.98       514047.94      1101414.33
MemUsed                 18562.69         8655.98        27813.02            0.06        55031.75
Dirty                       0.08            0.09            0.01            0.00            0.18
Writeback                   0.00            0.00            0.00            0.00            0.00
FilePages                 452.81           13.47            3.91            0.00          470.18
AnonPages                8944.73           19.52        27807.00            0.00        36771.26
PageTables                102.94            0.46            0.00            0.00          103.40
WritebackTmp                0.00            0.00            0.00            0.00            0.00
MemTotal                63888.29        64461.80       514048.00       514048.00      1156446.08
MemFree                 45325.36        55805.82       486234.98       514047.94      1101414.10
MemUsed                 18562.93         8655.98        27813.02            0.06        55031.98
Dirty                       0.10            0.11            0.00            0.00            0.21
Writeback                   0.00            0.00            0.00            0.00            0.00
FilePages                 452.81           13.48            3.91            0.00          470.19
AnonPages                8944.84           19.41        27807.00            0.00        36771.25
PageTables                102.94            0.46            0.00            0.00          103.40
WritebackTmp                0.00            0.00            0.00            0.00            0.00
MemTotal                63888.29        64461.80       514048.00       514048.00      1156446.08
MemFree                 45325.38        55805.57       486234.98       514047.94      1101413.87
MemUsed                 18562.91         8656.23        27813.02            0.06        55032.21
Dirty                       0.04            0.02            0.01            0.00            0.06
Writeback                   0.00            0.00            0.00            0.00            0.00
FilePages                 452.81           13.50            3.91            0.00          470.21
AnonPages                8945.13           19.41        27807.00            0.00        36771.54
PageTables                102.94            0.46            0.00            0.00          103.40
WritebackTmp                0.00            0.00            0.00            0.00            0.00
MemTotal                63888.29        64461.80       514048.00       514048.00      1156446.08
MemFree                 45324.64        55805.65       486234.98       514047.94      1101413.21
MemUsed                 18563.65         8656.14        27813.02            0.06        55032.87
Dirty                       0.18            0.12            0.00            0.00            0.30
Writeback                   0.00            0.00            0.00            0.00            0.00
FilePages                 452.81           13.50            3.91            0.00          470.22
AnonPages                8945.39           19.41        27807.00            0.00        36771.80
PageTables                102.94            0.46            0.00            0.00          103.40
WritebackTmp                0.00            0.00            0.00            0.00            0.00
MemTotal                63888.29        64461.80       514048.00       514048.00      1156446.08
MemFree                 45326.27        55805.65       486234.98       514047.94      1101414.84
MemUsed                 18562.02         8656.14        27813.02            0.06        55031.24
Dirty                       0.16            0.12            0.01            0.00            0.29
Writeback                   0.00            0.00            0.00            0.00            0.00
FilePages                 452.81           13.52            3.91            0.00          470.24
AnonPages                8944.79           19.41        27807.00            0.00        36771.20
PageTables                102.95            0.46            0.00            0.00          103.40
WritebackTmp                0.00            0.00            0.00            0.00            0.00
MemTotal                63888.29        64461.80       514048.00       514048.00      1156446.08
MemFree                 45326.02        55805.41       486234.98       514047.94      1101414.35
MemUsed                 18562.26         8656.39        27813.02            0.06        55031.73
Dirty                       0.14            0.12            0.00            0.00            0.27
Writeback                   0.00            0.00            0.00            0.00            0.00
FilePages                 452.81           13.57            3.91            0.00          470.29
AnonPages                8944.30           19.41        27807.00            0.00        36770.71
PageTables                102.94            0.46            0.00            0.00          103.40
WritebackTmp                0.00            0.00            0.00            0.00            0.00
MemTotal                63888.29        64461.80       514048.00       514048.00      1156446.08
MemFree                 45325.79        55805.41       486234.98       514047.94      1101414.11
MemUsed                 18562.50         8656.39        27813.02            0.06        55031.97
Dirty                       0.10            0.12            0.01            0.00            0.23
Writeback                   0.00            0.00            0.00            0.00            0.00
FilePages                 452.81           13.58            3.91            0.00          470.30
AnonPages                8944.62           19.41        27807.00            0.00        36771.03
PageTables                102.94            0.46            0.00            0.00          103.40
WritebackTmp                0.00            0.00            0.00            0.00            0.00
MemTotal                63888.29        64461.80       514048.00       514048.00      1156446.08
MemFree                 45325.54        55805.41       486234.98       514047.94      1101413.87
MemUsed                 18562.74         8656.39        27813.02            0.06        55032.21
Dirty                       0.09            0.11            0.00            0.00            0.20
Writeback                   0.00            0.00            0.00            0.00            0.00
FilePages                 452.81           13.59            3.91            0.00          470.31
AnonPages                8944.89           19.41        27807.00            0.00        36771.30
PageTables                102.94            0.46            0.00            0.00          103.40
WritebackTmp                0.00            0.00            0.00            0.00            0.00
MemTotal                63888.29        64461.80       514048.00       514048.00      1156446.08
MemFree                 45326.04        55805.41       486234.98       514047.94      1101414.36
MemUsed                 18562.25         8656.39        27813.02            0.06        55031.72
Dirty                       0.01            0.02            0.01            0.00            0.03
Writeback                   0.00            0.04            0.00            0.00            0.04
FilePages                 452.81           13.60            3.91            0.00          470.32
AnonPages                8945.24           19.41        27807.00            0.00        36771.66
PageTables                102.91            0.46            0.00            0.00          103.36
WritebackTmp                0.00            0.00            0.00            0.00            0.00
MemTotal                63888.29        64461.80       514048.00       514048.00      1156446.08
MemFree                 45326.60        55805.41       486234.98       514047.94      1101414.93
MemUsed                 18561.69         8656.39        27813.02            0.06        55031.16
Dirty                       0.20            0.13            0.00            0.00            0.33
Writeback                   0.00            0.00            0.00            0.00            0.00
FilePages                 452.82           13.62            3.91            0.00          470.35
AnonPages                8944.71           19.45        27807.00            0.00        36771.16
PageTables                102.88            0.46            0.00            0.00          103.34
WritebackTmp                0.00            0.00            0.00            0.00            0.00
MemTotal                63888.29        64461.80       514048.00       514048.00      1156446.08
MemFree                 45325.87        55805.19       486234.98       514047.94      1101413.98
MemUsed                 18562.42         8656.61        27813.02            0.06        55032.11
Dirty                       0.13            0.13            0.01            0.00            0.27
Writeback                   0.00            0.00            0.00            0.00            0.00
FilePages                 452.82           13.63            3.91            0.00          470.36
AnonPages                8945.02           19.45        27807.00            0.00        36771.47
PageTables                102.90            0.46            0.00            0.00          103.36
WritebackTmp                0.00            0.00            0.00            0.00            0.00
MemTotal                63888.29        64461.80       514048.00       514048.00      1156446.08
MemFree                 45325.62        55805.19       486234.98       514047.94      1101413.73
MemUsed                 18562.66         8656.61        27813.02            0.06        55032.35
Dirty                       0.16            0.13            0.00            0.00            0.29
Writeback                   0.00            0.00            0.00            0.00            0.00
FilePages                 452.82           13.65            3.91            0.00          470.37
AnonPages                8945.46           19.45        27807.00            0.00        36771.91
PageTables                102.97            0.46            0.00            0.00          103.43
WritebackTmp                0.00            0.00            0.00            0.00            0.00
MemTotal                63888.29        64461.80       514048.00       514048.00      1156446.08
MemFree                 45325.38        55805.19       486234.98       514047.94      1101413.48
MemUsed                 18562.91         8656.61        27813.02            0.06        55032.60
Dirty                       0.08            0.13            0.01            0.00            0.21
Writeback                   0.00            0.00            0.00            0.00            0.00
FilePages                 452.82           13.69            3.91            0.00          470.41
AnonPages                8945.91           19.45        27807.00            0.00        36772.36
PageTables                103.03            0.46            0.00            0.00          103.49
WritebackTmp                0.00            0.00            0.00            0.00            0.00
MemTotal                63888.29        64461.80       514048.00       514048.00      1156446.08
MemFree                 45325.62        55805.19       486234.98       514047.94      1101413.73
MemUsed                 18562.66         8656.61        27813.02            0.06        55032.35
Dirty                       0.11            0.12            0.00            0.00            0.23
Writeback                   0.02            0.05            0.00            0.00            0.08
FilePages                 452.82           13.71            3.91            0.00          470.44
AnonPages                8946.08           19.45        27807.00            0.00        36772.53
PageTables                102.89            0.46            0.00            0.00          103.35
WritebackTmp                0.00            0.00            0.00            0.00            0.00
MemTotal                63888.29        64461.80       514048.00       514048.00      1156446.08
MemFree                 45326.61        55804.97       486234.98       514047.94      1101414.50
MemUsed                 18561.68         8656.83        27813.02            0.06        55031.58
Dirty                       0.02            0.02            0.01            0.00            0.04
Writeback                   0.00            0.01            0.00            0.00            0.01
FilePages                 452.82           13.71            3.91            0.00          470.44
AnonPages                8944.72           19.45        27807.00            0.00        36771.17
PageTables                103.04            0.46            0.00            0.00          103.50
WritebackTmp                0.00            0.00            0.00            0.00            0.00
MemTotal                63888.29        64461.80       514048.00       514048.00      1156446.08
MemFree                 45326.86        55804.97       486234.98       514047.94      1101414.75
MemUsed                 18561.43         8656.83        27813.02            0.06        55031.34
Dirty                       0.25            0.12            0.00            0.00            0.37
Writeback                   0.00            0.00            0.00            0.00            0.00
FilePages                 452.83           13.73            3.91            0.00          470.47
AnonPages                8944.97           19.48        27807.00            0.00        36771.45
PageTables                102.91            0.46            0.00            0.00          103.36
WritebackTmp                0.00            0.00            0.00            0.00            0.00
MemTotal                63888.29        64461.80       514048.00       514048.00      1156446.08
MemFree                 45326.37        55804.97       486234.98       514047.94      1101414.26
MemUsed                 18561.92         8656.83        27813.02            0.06        55031.82
Dirty                       0.14            0.12            0.01            0.00            0.27
Writeback                   0.00            0.00            0.00            0.00            0.00
FilePages                 452.84           13.73            3.91            0.00          470.48
AnonPages                8945.45           19.48        27807.00            0.00        36771.93
PageTables                103.03            0.46            0.00            0.00          103.48
WritebackTmp                0.00            0.00            0.00            0.00            0.00
MemTotal                63888.29        64461.80       514048.00       514048.00      1156446.08
MemFree                 45326.63        55804.97       486234.98       514047.94      1101414.52
MemUsed                 18561.65         8656.83        27813.02            0.06        55031.56
Dirty                       0.19            0.13            0.00            0.00            0.32
Writeback                   0.00            0.00            0.00            0.00            0.00
FilePages                 452.85           13.76            3.91            0.00          470.52
AnonPages                8945.26           19.50        27807.00            0.00        36771.76
PageTables                102.85            0.46            0.00            0.00          103.30
WritebackTmp                0.00            0.00            0.00            0.00            0.00
MemTotal                63888.29        64461.80       514048.00       514048.00      1156446.08
MemFree                 45325.91        55804.97       486234.98       514047.94      1101413.80
MemUsed                 18562.38         8656.83        27813.02            0.06        55032.29
Dirty                       0.12            0.12            0.01            0.00            0.25
Writeback                   0.00            0.00            0.00            0.00            0.00
FilePages                 452.86           13.76            3.91            0.00          470.52
AnonPages                8945.42           19.50        27807.00            0.00        36771.91
PageTables                102.90            0.46            0.00            0.00          103.36
WritebackTmp                0.00            0.00            0.00            0.00            0.00
MemTotal                63888.29        64461.80       514048.00       514048.00      1156446.08
MemFree                 45325.66        55804.92       486235.14       514047.94      1101413.66
MemUsed                 18562.62         8656.88        27812.86            0.06        55032.43
Dirty                       0.15            0.13            0.00            0.00            0.28
Writeback                   0.00            0.00            0.00            0.00            0.00
FilePages                 452.87           13.78            3.91            0.00          470.55
AnonPages                8945.70           19.50        27807.00            0.00        36772.19
PageTables                102.92            0.46            0.00            0.00          103.38
WritebackTmp                0.00            0.00            0.00            0.00            0.00
MemTotal                63888.29        64461.80       514048.00       514048.00      1156446.08
MemFree                 45325.37        55804.92       486235.14       514047.94      1101413.36
MemUsed                 18562.92         8656.88        27812.86            0.06        55032.72
Dirty                       0.09            0.03            0.01            0.00            0.12
Writeback                   0.00            0.01            0.00            0.00            0.01
FilePages                 452.87           13.80            3.91            0.00          470.57
AnonPages                8946.01           19.50        27807.00            0.00        36772.50
PageTables                103.06            0.46            0.00            0.00          103.52
WritebackTmp                0.00            0.00            0.00            0.00            0.00
MemTotal                63888.29        64461.80       514048.00       514048.00      1156446.08
MemFree                 45256.11        55805.14       486235.14       514047.94      1101344.32
MemUsed                 18632.18         8656.66        27812.86            0.06        55101.76
Dirty                       0.31            0.12            0.00            0.00            0.43
Writeback                   0.00            0.00            0.00            0.00            0.00
FilePages                 494.68           13.81            3.91            0.00          512.40
AnonPages                8945.24           19.50        27807.00            0.00        36771.73
PageTables                102.91            0.46            0.00            0.00          103.37
WritebackTmp                0.00            0.00            0.00            0.00            0.00
MemTotal                63888.29        64461.80       514048.00       514048.00      1156446.08
MemFree                 45254.89        55805.14       486235.14       514047.94      1101343.11
MemUsed                 18633.39         8656.66        27812.86            0.06        55102.97
Dirty                       0.16            0.11            0.01            0.00            0.28
Writeback                   0.04            0.00            0.00            0.00            0.04
FilePages                 494.68           13.83            3.91            0.00          512.42
AnonPages                8945.72           19.50        27807.00            0.00        36772.22
PageTables                103.06            0.46            0.00            0.00          103.52
WritebackTmp                0.00            0.00            0.00            0.00            0.00
MemTotal                63888.29        64461.80       514048.00       514048.00      1156446.08
MemFree                 45253.71        55805.14       486235.14       514047.94      1101341.92
MemUsed                 18634.58         8656.66        27812.86            0.06        55104.16
Dirty                       0.13            0.12            0.00            0.00            0.25
Writeback                   0.00            0.00            0.00            0.00            0.00
FilePages                 494.69           13.84            3.91            0.00          512.43
AnonPages                8945.92           19.07        27807.00            0.00        36772.00
PageTables                102.91            0.46            0.00            0.00          103.37
WritebackTmp                0.00            0.00            0.00            0.00            0.00
MemTotal                63888.29        64461.80       514048.00       514048.00      1156446.08
MemFree                 45252.73        55805.39       486235.14       514047.94      1101341.19
MemUsed                 18635.56         8656.41        27812.86            0.06        55104.89
Dirty                       0.09            0.12            0.01            0.00            0.21
Writeback                   0.00            0.00            0.00            0.00            0.00
FilePages                 494.69           13.85            3.91            0.00          512.45
AnonPages                8946.24           19.07        27807.00            0.00        36772.32
PageTables                103.00            0.46            0.00            0.00          103.46
WritebackTmp                0.00            0.00            0.00            0.00            0.00
MemTotal                63888.29        64461.80       514048.00       514048.00      1156446.08
MemFree                 45252.48        55805.44       486235.14       514047.94      1101341.00
MemUsed                 18635.80         8656.36        27812.86            0.06        55105.09
Dirty                       0.00            0.04            0.00            0.00            0.04
Writeback                   0.00            0.00            0.00            0.00            0.00
FilePages                 494.69           13.87            3.91            0.00          512.46
AnonPages                8945.96           19.03        27807.00            0.00        36771.99
PageTables                103.08            0.46            0.00            0.00          103.54
WritebackTmp                0.00            0.00            0.00            0.00            0.00
MemTotal                63888.29        64461.80       514048.00       514048.00      1156446.08
MemFree                 45252.73        55805.44       486235.14       514047.94      1101341.25
MemUsed                 18635.55         8656.36        27812.86            0.06        55104.84
Dirty                       0.19            0.10            0.01            0.00            0.30
Writeback                   0.00            0.00            0.00            0.00            0.00
FilePages                 494.69           13.88            3.91            0.00          512.47
AnonPages                8945.57           19.03        27807.00            0.00        36771.61
PageTables                102.82            0.46            0.00            0.00          103.27
WritebackTmp                0.00            0.00            0.00            0.00            0.00
MemTotal                63888.29        64461.80       514048.00       514048.00      1156446.08
MemFree                 45252.01        55805.44       486235.14       514047.94      1101340.53
MemUsed                 18636.27         8656.36        27812.86            0.06        55105.55
Dirty                       0.12            0.12            0.00            0.00            0.25
Writeback                   0.00            0.00            0.00            0.00            0.00
FilePages                 494.69           13.89            3.91            0.00          512.49
AnonPages                8945.53           19.04        27807.00            0.00        36771.57
PageTables                102.86            0.46            0.00            0.00          103.32
WritebackTmp                0.00            0.00            0.00            0.00            0.00
MemTotal                63888.29        64461.80       514048.00       514048.00      1156446.08
MemFree                 45252.50        55805.44       486235.38       514047.94      1101341.27
MemUsed                 18635.78         8656.36        27812.62            0.06        55104.82
Dirty                       0.15            0.12            0.01            0.00            0.28
Writeback                   0.00            0.00            0.00            0.00            0.00
FilePages                 494.69           13.90            3.91            0.00          512.50
AnonPages                8945.55           19.06        27807.00            0.00        36771.61
PageTables                102.97            0.46            0.00            0.00          103.43
WritebackTmp                0.00            0.00            0.00            0.00            0.00
