MemTotal                63861.90        64493.11        22528.00        22528.00       173411.01
MemFree                 61251.86        63277.23        22527.17        22527.69       169583.94
MemUsed                  2610.04         1215.89            0.83            0.31         3827.07
Dirty                       0.02            0.08            0.00            0.00            0.10
Writeback                   0.00            0.00            0.00            0.00            0.00
FilePages                 243.17          104.88            0.00            0.00          348.05
AnonPages                 707.29           39.98            0.00            0.00          747.27
PageTables                 29.51            1.23            0.00            0.00           30.74
WritebackTmp                0.00            0.00            0.00            0.00            0.00
MemTotal                63861.90        64493.11        22528.00        22528.00       173411.01
MemFree                 59085.62        63277.05        22527.42        22527.88       167417.96
MemUsed                  4776.28         1216.07            0.58            0.12         5993.05
Dirty                       0.00            0.00            0.00            0.00            0.00
Writeback                   0.00            0.01            0.00            0.00            0.01
FilePages                2403.89          104.89            0.00            0.00         2508.77
AnonPages                 706.93           39.79            0.00            0.00          746.72
PageTables                 29.43            1.23            0.00            0.00           30.66
WritebackTmp                0.00            0.00            0.00            0.00            0.00
MemTotal                63861.90        64493.11        22528.00        22528.00       173411.01
MemFree                 56894.12        63277.97        22527.42        22527.88       165227.39
MemUsed                  6967.78         1215.14            0.58            0.12         8183.62
Dirty                       0.02            0.00            0.00            0.00            0.02
Writeback                   0.00            0.00            0.00            0.00            0.00
FilePages                4591.54          104.89            0.00            0.00         4696.43
AnonPages                 706.78           39.79            0.00            0.00          746.57
PageTables                 29.35            1.23            0.00            0.00           30.58
WritebackTmp                0.00            0.00            0.00            0.00            0.00
MemTotal                63861.90        64493.11        22528.00        22528.00       173411.01
MemFree                 54694.27        63276.74        22527.42        22527.88       163026.31
MemUsed                  9167.62         1216.37            0.58            0.12        10384.70
Dirty                       0.04            0.12            0.00            0.00            0.15
Writeback                   0.00            0.00            0.00            0.00            0.00
FilePages                6784.05          106.82            0.00            0.00         6890.88
AnonPages                 707.08           39.79            0.00            0.00          746.87
PageTables                 29.43            1.23            0.00            0.00           30.66
WritebackTmp                0.00            0.00            0.00            0.00            0.00
MemTotal                63861.90        64493.11        22528.00        22528.00       173411.01
MemFree                 52490.39        63277.29        22527.66        22527.88       160823.22
MemUsed                 11371.50         1215.83            0.34            0.12        12587.79
Dirty                       0.02            0.02            0.00            0.00            0.04
Writeback                   0.00            0.00            0.00            0.00            0.00
FilePages                8981.42          106.82            0.00            0.00         9088.24
AnonPages                 707.67           39.79            0.00            0.00          747.46
PageTables                 29.45            1.23            0.00            0.00           30.68
WritebackTmp                0.00            0.00            0.00            0.00            0.00
MemTotal                63861.90        64493.11        22528.00        22528.00       173411.01
MemFree                 50296.61        63277.53        22527.91        22527.88       158629.93
MemUsed                 13565.29         1215.58            0.09            0.12        14781.09
Dirty                       0.03            0.00            0.00            0.00            0.03
Writeback                   0.00            0.00            0.00            0.00            0.00
FilePages               11170.79          106.82            0.00            0.00        11277.61
AnonPages                 707.16           39.79            0.00            0.00          746.95
PageTables                 29.38            1.23            0.00            0.00           30.61
WritebackTmp                0.00            0.00            0.00            0.00            0.00
MemTotal                63861.90        64493.11        22528.00        22528.00       173411.01
MemFree                 48017.21        63277.79        22527.91        22527.88       156350.79
MemUsed                 15844.69         1215.32            0.09            0.12        17060.23
Dirty                       0.05            0.12            0.00            0.00            0.18
Writeback                   0.00            0.00            0.00            0.00            0.00
FilePages               13443.78          107.13            0.00            0.00        13550.91
AnonPages                 707.73           39.80            0.00            0.00          747.53
PageTables                 29.25            1.23            0.00            0.00           30.47
WritebackTmp                0.00            0.00            0.00            0.00            0.00
MemTotal                63861.90        64493.11        22528.00        22528.00       173411.01
MemFree                 45780.11        63278.05        22527.91        22527.88       154113.95
MemUsed                 18081.79         1215.06            0.09            0.12        19297.06
Dirty                       0.00            0.00            0.00            0.00            0.00
Writeback                   0.00            0.00            0.00            0.00            0.00
FilePages               15675.71          107.13            0.00            0.00        15782.85
AnonPages                 707.36           39.80            0.00            0.00          747.16
PageTables                 29.38            1.23            0.00            0.00           30.61
WritebackTmp                0.00            0.00            0.00            0.00            0.00
MemTotal                63861.90        64493.11        22528.00        22528.00       173411.01
MemFree                 43563.66        63278.05        22527.91        22527.88       151897.50
MemUsed                 20298.23         1215.06            0.09            0.12        21513.51
Dirty                       0.02            0.00            0.00            0.00            0.02
Writeback                   0.00            0.00            0.00            0.00            0.00
FilePages               17887.61          107.13            0.00            0.00        17994.75
AnonPages                 706.68           39.80            0.00            0.00          746.47
PageTables                 29.41            1.23            0.00            0.00           30.64
WritebackTmp                0.00            0.00            0.00            0.00            0.00
MemTotal                63861.90        64493.11        22528.00        22528.00       173411.01
MemFree                 41370.62        63278.05        22527.91        22527.88       149704.46
MemUsed                 22491.28         1215.06            0.09            0.12        23706.55
Dirty                       0.00            0.00            0.00            0.00            0.00
Writeback                   0.00            0.00            0.00            0.00            0.00
FilePages               20073.86          107.13            0.00            0.00        20181.00
AnonPages                 707.15           39.80            0.00            0.00          746.95
PageTables                 29.45            1.23            0.00            0.00           30.67
WritebackTmp                0.00            0.00            0.00            0.00            0.00
MemTotal                63861.90        64493.11        22528.00        22528.00       173411.01
MemFree                 39583.51        63278.05        22527.91        22527.88       147917.35
MemUsed                 24278.39         1215.06            0.09            0.12        25493.66
Dirty                       0.03            0.00            0.00            0.00            0.03
Writeback                   0.00            0.00            0.00            0.00            0.00
FilePages               21680.89          107.13            0.00            0.00        21788.03
AnonPages                 883.75           39.80            0.00            0.00          923.55
PageTables                 29.77            1.23            0.00            0.00           30.99
WritebackTmp                0.00            0.00            0.00            0.00            0.00
MemTotal                63861.90        64493.11        22528.00        22528.00       173411.01
MemFree                 38932.28        63278.05        22527.91        22527.88       147266.12
MemUsed                 24929.62         1215.06            0.09            0.12        26144.89
Dirty                       0.01            0.00            0.00            0.00            0.02
Writeback                   0.00            0.00            0.00            0.00            0.00
FilePages               21680.91          107.14            0.00            0.00        21788.05
AnonPages                1529.48           39.80            0.00            0.00         1569.28
PageTables                 31.03            1.23            0.00            0.00           32.26
WritebackTmp                0.00            0.00            0.00            0.00            0.00
MemTotal                63861.90        64493.11        22528.00        22528.00       173411.01
MemFree                 38276.51        63278.30        22527.91        22527.88       146610.60
MemUsed                 25585.39         1214.81            0.09            0.12        26800.41
Dirty                       0.02            0.00            0.00            0.00            0.02
Writeback                   0.00            0.00            0.00            0.00            0.00
FilePages               21680.92          107.14            0.00            0.00        21788.05
AnonPages                2181.72           39.80            0.00            0.00         2221.52
PageTables                 32.21            1.23            0.00            0.00           33.44
WritebackTmp                0.00            0.00            0.00            0.00            0.00
MemTotal                63861.90        64493.11        22528.00        22528.00       173411.01
MemFree                 37629.70        63278.30        22527.91        22527.88       145963.79
MemUsed                 26232.20         1214.81            0.09            0.12        27447.22
Dirty                       0.00            0.00            0.00            0.00            0.00
Writeback                   0.00            0.00            0.00            0.00            0.00
FilePages               21680.93          107.14            0.00            0.00        21788.06
AnonPages                2828.26           39.80            0.00            0.00         2868.06
PageTables                 33.57            1.23            0.00            0.00           34.79
WritebackTmp                0.00            0.00            0.00            0.00            0.00
MemTotal                63861.90        64493.11        22528.00        22528.00       173411.01
MemFree                 36974.91        63278.30        22527.91        22527.88       145309.00
MemUsed                 26886.99         1214.81            0.09            0.12        28102.01
Dirty                       0.00            0.00            0.00            0.00            0.00
Writeback                   0.00            0.00            0.00            0.00            0.00
FilePages               21680.93          107.14            0.00            0.00        21788.07
AnonPages                3480.40           39.80            0.00            0.00         3520.20
PageTables                 34.73            1.23            0.00            0.00           35.96
WritebackTmp                0.00            0.00            0.00            0.00            0.00
MemTotal                63861.90        64493.11        22528.00        22528.00       173411.01
MemFree                 36325.47        63274.30        22527.91        22527.88       144655.56
MemUsed                 27536.43         1218.81            0.09            0.12        28755.45
Dirty                       0.03            0.00            0.00            0.00            0.03
Writeback                   0.00            0.00            0.00            0.00            0.00
FilePages               21680.95          107.14            0.00            0.00        21788.08
AnonPages                4123.95           41.80            0.00            0.00         4165.75
PageTables                 36.03            1.23            0.00            0.00           37.26
WritebackTmp                0.00            0.00            0.00            0.00            0.00
MemTotal                63861.90        64493.11        22528.00        22528.00       173411.01
MemFree                 35674.44        63274.30        22527.91        22527.88       144004.53
MemUsed                 28187.46         1218.81            0.09            0.12        29406.48
Dirty                       0.01            0.00            0.00            0.00            0.02
Writeback                   0.00            0.00            0.00            0.00            0.00
FilePages               21680.95          107.14            0.00            0.00        21788.09
AnonPages                4771.49           41.80            0.00            0.00         4813.29
PageTables                 37.37            1.23            0.00            0.00           38.59
WritebackTmp                0.00            0.00            0.00            0.00            0.00
MemTotal                63861.90        64493.11        22528.00        22528.00       173411.01
MemFree                 35027.50        63274.30        22527.91        22527.88       143357.59
MemUsed                 28834.39         1218.81            0.09            0.12        30053.42
Dirty                       0.02            0.00            0.00            0.00            0.02
Writeback                   0.00            0.00            0.00            0.00            0.00
FilePages               21680.96          107.14            0.00            0.00        21788.10
AnonPages                5417.68           41.80            0.00            0.00         5459.48
PageTables                 38.55            1.23            0.00            0.00           39.77
WritebackTmp                0.00            0.00            0.00            0.00            0.00
MemTotal                63861.90        64493.11        22528.00        22528.00       173411.01
MemFree                 34376.20        63274.30        22527.91        22527.88       142706.29
MemUsed                 29485.70         1218.81            0.09            0.12        30704.72
Dirty                       0.00            0.00            0.00            0.00            0.00
Writeback                   0.00            0.00            0.00            0.00            0.00
FilePages               21680.97          107.14            0.00            0.00        21788.11
AnonPages                6066.09           41.80            0.00            0.00         6107.89
PageTables                 39.84            1.23            0.00            0.00           41.06
WritebackTmp                0.00            0.00            0.00            0.00            0.00
MemTotal                63861.90        64493.11        22528.00        22528.00       173411.01
MemFree                 33725.20        63274.34        22527.91        22527.88       142055.32
MemUsed                 30136.70         1218.78            0.09            0.12        31355.70
Dirty                       0.02            0.00            0.00            0.00            0.02
Writeback                   0.00            0.00            0.00            0.00            0.00
FilePages               21680.98          107.14            0.00            0.00        21788.12
AnonPages                6712.30           41.80            0.00            0.00         6754.10
PageTables                 41.09            1.23            0.00            0.00           42.32
WritebackTmp                0.00            0.00            0.00            0.00            0.00
MemTotal                63861.90        64493.11        22528.00        22528.00       173411.01
MemFree                 33079.88        63274.34        22527.91        22527.88       141410.00
MemUsed                 30782.02         1218.78            0.09            0.12        32001.01
Dirty                       0.00            0.00            0.00            0.00            0.00
Writeback                   0.00            0.00            0.00            0.00            0.00
FilePages               21680.99          107.14            0.00            0.00        21788.12
AnonPages                7357.75           41.80            0.00            0.00         7399.55
PageTables                 42.30            1.23            0.00            0.00           43.53
WritebackTmp                0.00            0.00            0.00            0.00            0.00
MemTotal                63861.90        64493.11        22528.00        22528.00       173411.01
MemFree                 32428.90        63274.34        22527.91        22527.88       140759.02
MemUsed                 31433.00         1218.78            0.09            0.12        32651.99
Dirty                       0.01            0.00            0.00            0.00            0.01
Writeback                   0.00            0.00            0.00            0.00            0.00
FilePages               21681.00          107.14            0.00            0.00        21788.13
AnonPages                8006.25           41.80            0.00            0.00         8048.05
PageTables                 43.61            1.23            0.00            0.00           44.83
WritebackTmp                0.00            0.00            0.00            0.00            0.00
MemTotal                63861.90        64493.11        22528.00        22528.00       173411.01
MemFree                 31782.88        63274.58        22527.91        22527.88       140113.24
MemUsed                 32079.02         1218.53            0.09            0.12        33297.77
Dirty                       0.02            0.00            0.00            0.00            0.02
Writeback                   0.00            0.00            0.00            0.00            0.00
FilePages               21681.00          107.14            0.00            0.00        21788.14
AnonPages                8649.66           41.80            0.00            0.00         8691.45
PageTables                 44.76            1.23            0.00            0.00           45.99
WritebackTmp                0.00            0.00            0.00            0.00            0.00
MemTotal                63861.90        64493.11        22528.00        22528.00       173411.01
MemFree                 31131.59        63274.84        22527.91        22527.88       139462.21
MemUsed                 32730.30         1218.28            0.09            0.12        33948.80
Dirty                       0.04            0.11            0.00            0.00            0.15
Writeback                   0.00            0.00            0.00            0.00            0.00
FilePages               21681.02          107.14            0.00            0.00        21788.16
AnonPages                9298.18           41.53            0.00            0.00         9339.71
PageTables                 46.12            1.23            0.00            0.00           47.34
WritebackTmp                0.00            0.00            0.00            0.00            0.00
MemTotal                63861.90        64493.11        22528.00        22528.00       173411.01
MemFree                 31288.51        63274.65        21755.18        22527.88       138846.21
MemUsed                 32573.39         1218.46          772.82            0.12        34564.80
Dirty                       0.05            0.12            0.01            0.00            0.19
Writeback                   0.00            0.00            0.00            0.00            0.00
FilePages               20908.32          107.14          772.72            0.00        21788.18
AnonPages                9910.64           41.53            0.00            0.00         9952.18
PageTables                 47.31            1.23            0.00            0.00           48.54
WritebackTmp                0.00            0.00            0.00            0.00            0.00
MemTotal                63861.90        64493.11        22528.00        22528.00       173411.01
MemFree                 31094.08        63274.18        21335.09        22527.88       138231.23
MemUsed                 32767.82         1218.93         1192.91            0.12        35179.78
Dirty                       0.00            0.00            0.00            0.00            0.00
Writeback                   0.00            0.01            0.00            0.00            0.01
FilePages               20488.33          107.14         1192.72            0.00        21788.19
AnonPages               10520.18           41.53            0.00            0.00        10561.71
PageTables                 48.47            1.23            0.00            0.00           49.70
WritebackTmp                0.00            0.00            0.00            0.00            0.00
MemTotal                63861.90        64493.11        22528.00        22528.00       173411.01
MemFree                 31325.60        63274.18        20492.96        22527.88       137620.62
MemUsed                 32536.30         1218.93         2035.04            0.12        35790.39
Dirty                       0.01            0.00            0.01            0.00            0.02
Writeback                   0.00            0.00            0.00            0.00            0.00
FilePages               19646.34          107.14         2034.72            0.00        21788.20
AnonPages               11130.68           41.53            0.00            0.00        11172.21
PageTables                 49.72            1.23            0.00            0.00           50.95
WritebackTmp                0.00            0.00            0.00            0.00            0.00
MemTotal                63861.90        64493.11        22528.00        22528.00       173411.01
MemFree                 31133.13        63274.43        20071.16        22527.88       137006.59
MemUsed                 32728.77         1218.68         2456.84            0.12        36404.42
Dirty                       0.00            0.00            0.00            0.00            0.00
Writeback                   0.00            0.00            0.00            0.00            0.00
FilePages               19224.48          107.14         2456.60            0.00        21788.21
AnonPages               11742.27           41.53            0.00            0.00        11783.80
PageTables                 50.87            1.23            0.00            0.00           52.09
WritebackTmp                0.00            0.00            0.00            0.00            0.00
MemTotal                63861.90        64493.11        22528.00        22528.00       173411.01
MemFree                 31306.62        63274.43        19282.18        22527.88       136391.10
MemUsed                 32555.28         1218.68         3245.82            0.12        37019.91
Dirty                       0.01            0.00            0.00            0.00            0.01
Writeback                   0.00            0.00            0.00            0.00            0.00
FilePages               18436.23          107.14         3244.86            0.00        21788.22
AnonPages               12352.61           41.53            0.00            0.00        12394.13
PageTables                 52.08            1.23            0.00            0.00           53.30
WritebackTmp                0.00            0.00            0.00            0.00            0.00
MemTotal                63861.90        64493.11        22528.00        22528.00       173411.01
MemFree                 31168.25        63274.43        18810.87        22527.88       135781.42
MemUsed                 32693.65         1218.68         3717.13            0.12        37629.59
Dirty                       0.02            0.00            0.01            0.00            0.03
Writeback                   0.00            0.00            0.00            0.00            0.00
FilePages               17964.50          107.14         3716.60            0.00        21788.23
AnonPages               12962.22           41.53            0.00            0.00        13003.75
PageTables                 53.28            1.23            0.00            0.00           54.51
WritebackTmp                0.00            0.00            0.00            0.00            0.00
MemTotal                63861.90        64493.11        22528.00        22528.00       173411.01
MemFree                 31015.71        63274.43        18348.70        22527.88       135166.72
MemUsed                 32846.19         1218.68         4179.30            0.12        38244.29
Dirty                       0.01            0.00            0.00            0.00            0.02
Writeback                   0.00            0.00            0.00            0.00            0.00
FilePages               17502.54          107.14         4178.56            0.00        21788.24
AnonPages               13574.54           41.53            0.00            0.00        13616.07
PageTables                 54.48            1.23            0.00            0.00           55.71
WritebackTmp                0.00            0.00            0.00            0.00            0.00
MemTotal                63861.90        64493.11        22528.00        22528.00       173411.01
MemFree                 31192.75        63274.43        17556.77        22527.88       134551.82
MemUsed                 32669.15         1218.68         4971.23            0.12        38859.19
Dirty                       0.01            0.00            0.01            0.00            0.02
Writeback                   0.00            0.00            0.00            0.00            0.00
FilePages               16710.51          107.14         4970.60            0.00        21788.25
AnonPages               14184.90           41.53            0.00            0.00        14226.43
PageTables                 55.68            1.23            0.00            0.00           56.90
WritebackTmp                0.00            0.00            0.00            0.00            0.00
MemTotal                63861.90        64493.11        22528.00        22528.00       173411.01
MemFree                 30997.89        63274.66        17136.69        22527.88       133937.12
MemUsed                 32864.01         1218.45         5391.31            0.12        39473.89
Dirty                       0.00            0.00            0.00            0.00            0.00
Writeback                   0.00            0.00            0.00            0.00            0.00
FilePages               16290.52          107.14         5390.60            0.00        21788.25
AnonPages               14797.32           41.53            0.00            0.00        14838.84
PageTables                 56.87            1.23            0.00            0.00           58.09
WritebackTmp                0.00            0.00            0.00            0.00            0.00
MemTotal                63861.90        64493.11        22528.00        22528.00       173411.01
MemFree                 31222.98        63273.69        16300.71        22527.88       133325.25
MemUsed                 32638.92         1219.42         6227.29            0.12        40085.76
Dirty                       0.03            0.19            0.00            0.00            0.22
Writeback                   0.00            0.00            0.00            0.00            0.00
FilePages               15454.72          107.22         6226.60            0.00        21788.54
AnonPages               15405.72           41.54            0.00            0.00        15447.26
PageTables                 58.05            1.23            0.00            0.00           59.28
WritebackTmp                0.00            0.00            0.00            0.00            0.00
MemTotal                63861.90        64493.11        22528.00        22528.00       173411.01
MemFree                 31029.36        63273.72        15880.38        22527.88       132711.34
MemUsed                 32832.54         1219.39         6647.62            0.12        40699.67
Dirty                       0.02            0.01            0.01            0.00            0.03
Writeback                   0.00            0.00            0.00            0.00            0.00
FilePages               15034.61          107.22         6646.72            0.00        21788.55
AnonPages               16017.34           41.54            0.00            0.00        16058.87
PageTables                 59.27            1.23            0.00            0.00           60.50
WritebackTmp                0.00            0.00            0.00            0.00            0.00
MemTotal                63861.90        64493.11        22528.00        22528.00       173411.01
MemFree                 31251.76        63273.72        15046.82        22527.88       132100.18
MemUsed                 32610.14         1219.39         7481.18            0.12        41310.84
Dirty                       0.01            0.00            0.00            0.00            0.01
Writeback                   0.00            0.00            0.00            0.00            0.00
FilePages               14200.74          107.22         7480.60            0.00        21788.56
AnonPages               16626.82           41.54            0.00            0.00        16668.36
PageTables                 60.44            1.23            0.00            0.00           61.67
WritebackTmp                0.00            0.00            0.00            0.00            0.00
MemTotal                63861.90        64493.11        22528.00        22528.00       173411.01
MemFree                 31057.89        63273.72        14626.74        22527.88       131486.22
MemUsed                 32804.01         1219.39         7901.26            0.12        41924.79
Dirty                       0.02            0.00            0.01            0.00            0.02
Writeback                   0.00            0.00            0.00            0.00            0.00
FilePages               13780.62          107.22         7900.72            0.00        21788.57
AnonPages               17237.14           41.54            0.00            0.00        17278.68
PageTables                 61.63            1.23            0.00            0.00           62.86
WritebackTmp                0.00            0.00            0.00            0.00            0.00
MemTotal                63861.90        64493.11        22528.00        22528.00       173411.01
MemFree                 31285.66        63273.72        13788.79        22527.88       130876.05
MemUsed                 32576.24         1219.39         8739.21            0.12        42534.96
Dirty                       0.00            0.00            0.00            0.00            0.00
Writeback                   0.00            0.00            0.00            0.00            0.00
FilePages               12942.75          107.22         8738.60            0.00        21788.57
AnonPages               17845.51           41.54            0.00            0.00        17887.04
PageTables                 62.84            1.23            0.00            0.00           64.06
WritebackTmp                0.00            0.00            0.00            0.00            0.00
MemTotal                63861.90        64493.11        22528.00        22528.00       173411.01
MemFree                 31085.18        63273.72        13374.62        22527.88       130261.39
MemUsed                 32776.72         1219.39         9153.38            0.12        43149.62
Dirty                       0.01            0.00            0.01            0.00            0.02
Writeback                   0.00            0.00            0.00            0.00            0.00
FilePages               12528.64          107.22         9152.72            0.00        21788.59
AnonPages               18457.02           41.54            0.00            0.00        18498.56
PageTables                 64.03            1.23            0.00            0.00           65.26
WritebackTmp                0.00            0.00            0.00            0.00            0.00
MemTotal                63861.90        64493.11        22528.00        22528.00       173411.01
MemFree                 31310.96        63273.72        12538.64        22527.88       129651.19
MemUsed                 32550.94         1219.39         9989.36            0.12        43759.82
Dirty                       0.00            0.00            0.00            0.00            0.00
Writeback                   0.00            0.00            0.00            0.00            0.00
FilePages               11692.65          107.22         9988.72            0.00        21788.59
AnonPages               19065.41           41.54            0.00            0.00        19106.95
PageTables                 65.17            1.23            0.00            0.00           66.40
WritebackTmp                0.00            0.00            0.00            0.00            0.00
MemTotal                63861.90        64493.11        22528.00        22528.00       173411.01
MemFree                 31116.21        63273.72        12122.74        22527.88       129040.54
MemUsed                 32745.69         1219.39        10405.26            0.12        44370.47
Dirty                       0.00            0.00            0.00            0.00            0.00
Writeback                   0.00            0.00            0.00            0.00            0.00
FilePages               11276.66          107.22        10404.72            0.00        21788.60
AnonPages               19674.99           41.54            0.00            0.00        19716.53
PageTables                 66.52            1.23            0.00            0.00           67.74
WritebackTmp                0.00            0.00            0.00            0.00            0.00
MemTotal                63861.90        64493.11        22528.00        22528.00       173411.01
MemFree                 31134.38        63273.72        11491.40        22527.88       128427.37
MemUsed                 32727.52         1219.39        11036.60            0.12        44983.64
Dirty                       0.02            0.00            0.01            0.00            0.02
Writeback                   0.00            0.00            0.00            0.00            0.00
FilePages               10645.50          107.22        11035.89            0.00        21788.61
AnonPages               20284.45           41.54            0.00            0.00        20325.98
PageTables                 67.60            1.23            0.00            0.00           68.83
WritebackTmp                0.00            0.00            0.00            0.00            0.00
MemTotal                63861.90        64493.11        22528.00        22528.00       173411.01
MemFree                 31155.49        63273.72        10860.91        22527.88       127817.99
MemUsed                 32706.41         1219.39        11667.09            0.12        45593.02
Dirty                       0.01            0.00            0.00            0.00            0.01
Writeback                   0.00            0.00            0.00            0.00            0.00
FilePages               10014.80          107.22        11666.60            0.00        21788.62
AnonPages               20894.52           41.54            0.00            0.00        20936.05
PageTables                 68.79            1.23            0.00            0.00           70.02
WritebackTmp                0.00            0.00            0.00            0.00            0.00
MemTotal                63861.90        64493.11        22528.00        22528.00       173411.01
MemFree                 30960.10        63273.73        10440.58        22527.88       127202.28
MemUsed                 32901.80         1219.39        12087.42            0.12        46208.73
Dirty                       0.05            0.11            0.01            0.00            0.17
Writeback                   0.00            0.00            0.00            0.00            0.00
FilePages                9594.68          107.22        12086.72            0.00        21788.63
AnonPages               21503.59           41.38            0.00            0.00        21544.96
PageTables                 69.93            1.23            0.00            0.00           71.16
WritebackTmp                0.00            0.00            0.00            0.00            0.00
MemTotal                63861.90        64493.11        22528.00        22528.00       173411.01
MemFree                 31189.49        63273.73         9604.80        22527.88       126595.89
MemUsed                 32672.41         1219.39        12923.20            0.12        46815.12
Dirty                       0.00            0.00            0.00            0.00            0.00
Writeback                   0.00            0.00            0.00            0.00            0.00
FilePages                8758.82          107.22        12922.60            0.00        21788.64
AnonPages               22110.16           41.38            0.00            0.00        22151.54
PageTables                 71.28            1.23            0.00            0.00           72.51
WritebackTmp                0.00            0.00            0.00            0.00            0.00
MemTotal                63861.90        64493.11        22528.00        22528.00       173411.01
MemFree                 30992.04        63273.73         9184.72        22527.88       125978.36
MemUsed                 32869.86         1219.39        13343.28            0.12        47432.65
Dirty                       0.01            0.00            0.01            0.00            0.02
Writeback                   0.00            0.00            0.00            0.00            0.00
FilePages                8338.70          107.22        13342.72            0.00        21788.64
AnonPages               22723.83           41.38            0.00            0.00        22765.20
PageTables                 72.50            1.23            0.00            0.00           73.72
WritebackTmp                0.00            0.00            0.00            0.00            0.00
MemTotal                63861.90        64493.11        22528.00        22528.00       173411.01
MemFree                 31216.39        63273.73         8344.80        22527.88       125362.79
MemUsed                 32645.51         1219.39        14183.20            0.12        48048.22
Dirty                       0.01            0.00            0.00            0.00            0.01
Writeback                   0.00            0.00            0.00            0.00            0.00
FilePages                7498.83          107.22        14182.60            0.00        21788.65
AnonPages               23336.39           41.38            0.00            0.00        23377.77
PageTables                 73.65            1.23            0.00            0.00           74.88
WritebackTmp                0.00            0.00            0.00            0.00            0.00
MemTotal                63861.90        64493.11        22528.00        22528.00       173411.01
MemFree                 31021.04        63273.48         7924.73        22527.88       124747.12
MemUsed                 32840.86         1219.63        14603.27            0.12        48663.89
Dirty                       0.01            0.01            0.00            0.00            0.02
Writeback                   0.00            0.00            0.00            0.00            0.00
FilePages                7078.89          107.22        14602.72            0.00        21788.84
AnonPages               23950.23           41.52            0.00            0.00        23991.76
PageTables                 74.76            1.23            0.00            0.00           75.99
WritebackTmp                0.00            0.00            0.00            0.00            0.00
MemTotal                63861.90        64493.11        22528.00        22528.00       173411.01
MemFree                 31247.16        63273.48         7086.78        22527.88       124135.30
MemUsed                 32614.74         1219.63        15441.22            0.12        49275.71
Dirty                       0.01            0.00            0.01            0.00            0.02
Writeback                   0.00            0.00            0.00            0.00            0.00
FilePages                6240.99          107.22        15440.63            0.00        21788.84
AnonPages               24557.50           41.52            0.00            0.00        24599.02
PageTables                 76.03            1.23            0.00            0.00           77.26
WritebackTmp                0.00            0.00            0.00            0.00            0.00
MemTotal                63861.90        64493.11        22528.00        22528.00       173411.01
MemFree                 31052.56        63273.69         6666.70        22527.88       123520.82
MemUsed                 32809.34         1219.43        15861.30            0.12        49890.19
Dirty                       0.00            0.00            0.00            0.00            0.01
Writeback                   0.00            0.00            0.00            0.00            0.00
FilePages                5820.88          107.22        15860.76            0.00        21788.85
AnonPages               25169.79           41.52            0.00            0.00        25211.31
PageTables                 77.14            1.23            0.00            0.00           78.37
WritebackTmp                0.00            0.00            0.00            0.00            0.00
MemTotal                63861.90        64493.11        22528.00        22528.00       173411.01
MemFree                 31277.34        63273.69         5828.75        22527.88       122907.65
MemUsed                 32584.56         1219.43        16699.25            0.12        50503.36
Dirty                       0.00            0.00            0.01            0.00            0.02
Writeback                   0.00            0.00            0.00            0.00            0.00
FilePages                4983.01          107.22        16698.63            0.00        21788.86
AnonPages               25779.44           41.52            0.00            0.00        25820.96
PageTables                 78.38            1.23            0.00            0.00           79.60
WritebackTmp                0.00            0.00            0.00            0.00            0.00
MemTotal                63861.90        64493.11        22528.00        22528.00       173411.01
MemFree                 31083.01        63273.69         5410.64        22527.88       122295.21
MemUsed                 32778.89         1219.43        17117.36            0.12        51115.80
Dirty                       0.00            0.00            0.00            0.00            0.00
Writeback                   0.00            0.00            0.00            0.00            0.00
FilePages                4564.89          107.22        17116.76            0.00        21788.87
AnonPages               26389.83           41.52            0.00            0.00        26431.35
PageTables                 79.53            1.23            0.00            0.00           80.75
WritebackTmp                0.00            0.00            0.00            0.00            0.00
MemTotal                63861.90        64493.11        22528.00        22528.00       173411.01
MemFree                 31175.35        63273.69         4704.35        22527.88       121681.26
MemUsed                 32686.55         1219.43        17823.65            0.12        51729.75
Dirty                       0.01            0.00            0.00            0.00            0.02
Writeback                   0.00            0.00            0.00            0.00            0.00
FilePages                3858.60          107.22        17823.06            0.00        21788.88
AnonPages               27000.14           41.52            0.00            0.00        27041.66
PageTables                 80.66            1.23            0.00            0.00           81.89
WritebackTmp                0.00            0.00            0.00            0.00            0.00
MemTotal                63861.90        64493.11        22528.00        22528.00       173411.01
MemFree                 31114.14        63273.69         4150.64        22527.88       121066.34
MemUsed                 32747.76         1219.43        18377.36            0.12        52344.68
Dirty                       0.01            0.00            0.02            0.00            0.03
Writeback                   0.00            0.00            0.00            0.00            0.00
FilePages                3304.91          107.22        18376.77            0.00        21788.89
AnonPages               27612.07           41.52            0.00            0.00        27653.59
PageTables                 81.88            1.23            0.00            0.00           83.10
WritebackTmp                0.00            0.00            0.00            0.00            0.00
MemTotal                63861.90        64493.11        22528.00        22528.00       173411.01
MemFree                 30920.48        63273.69         3731.04        22527.88       120453.09
MemUsed                 32941.41         1219.43        18796.96            0.12        52957.93
Dirty                       0.01            0.00            0.00            0.00            0.02
Writeback                   0.00            0.00            0.00            0.00            0.00
FilePages                2885.04          107.22        18796.64            0.00        21788.90
AnonPages               28223.61           41.52            0.00            0.00        28265.13
PageTables                 83.13            1.23            0.00            0.00           84.36
WritebackTmp                0.00            0.00            0.00            0.00            0.00
MemTotal                63861.90        64493.11        22528.00        22528.00       173411.01
MemFree                 31147.77        63273.69         2893.07        22527.88       119842.41
MemUsed                 32714.12         1219.43        19634.93            0.12        53568.60
Dirty                       0.00            0.00            0.02            0.00            0.02
Writeback                   0.00            0.00            0.00            0.00            0.00
FilePages                2046.92          107.22        19634.77            0.00        21788.91
AnonPages               28833.44           41.52            0.00            0.00        28874.96
PageTables                 84.24            1.23            0.00            0.00           85.46
WritebackTmp                0.00            0.00            0.00            0.00            0.00
MemTotal                63861.90        64493.11        22528.00        22528.00       173411.01
MemFree                 30953.38        63273.69         2473.24        22527.88       119228.18
MemUsed                 32908.52         1219.43        20054.76            0.12        54182.83
Dirty                       0.00            0.00            0.00            0.00            0.00
Writeback                   0.00            0.00            0.00            0.00            0.00
FilePages                1627.05          107.22        20054.64            0.00        21788.91
AnonPages               29445.64           41.52            0.00            0.00        29487.16
PageTables                 85.53            1.23            0.00            0.00           86.76
WritebackTmp                0.00            0.00            0.00            0.00            0.00
MemTotal                63861.90        64493.11        22528.00        22528.00       173411.01
MemFree                 31179.61        63273.69         1633.07        22527.88       118614.25
MemUsed                 32682.29         1219.43        20894.93            0.12        54796.76
Dirty                       0.00            0.00            0.02            0.00            0.02
Writeback                   0.00            0.00            0.00            0.00            0.00
FilePages                 786.94          107.22        20894.77            0.00        21788.93
AnonPages               30056.07           41.52            0.00            0.00        30097.59
PageTables                 86.58            1.23            0.00            0.00           87.81
WritebackTmp                0.00            0.00            0.00            0.00            0.00
MemTotal                63861.90        64493.11        22528.00        22528.00       173411.01
MemFree                 30410.54        63318.18           71.12        22527.88       116327.72
MemUsed                 33451.36         1174.93        22456.88            0.12        57083.29
Dirty                       0.00            0.00            0.00            0.00            0.00
Writeback                   0.00            0.00            0.00            0.00            0.00
FilePages                 243.82          107.22        20538.11            0.00        20889.15
AnonPages               31426.98           41.52         1911.44            0.00        33379.94
PageTables                 93.11            1.23            0.00            0.00           94.33
WritebackTmp                0.00            0.00            0.00            0.00            0.00
MemTotal                63861.90        64493.11        22528.00        22528.00       173411.01
MemFree                 30449.17        63318.43           58.20        22527.88       116353.68
MemUsed                 33412.73         1174.68        22469.80            0.12        57057.33
Dirty                       0.01            0.00            0.00            0.00            0.01
Writeback                   0.00            0.00            0.00            0.00            0.00
FilePages                 243.84          107.22        16334.36            0.00        16685.41
AnonPages               31369.02           41.52         6134.29            0.00        37544.84
PageTables                101.26            1.23            0.00            0.00          102.49
WritebackTmp                0.00            0.00            0.00            0.00            0.00
MemTotal                63861.90        64493.11        22528.00        22528.00       173411.01
MemFree                 30454.56        63318.43           54.03        22527.88       116354.89
MemUsed                 33407.34         1174.68        22473.97            0.12        57056.12
Dirty                       0.01            0.00            0.02            0.00            0.02
Writeback                   0.00            0.00            0.00            0.00            0.00
FilePages                 243.84          107.22        16328.38            0.00        16679.44
AnonPages               31359.55           41.52         6144.34            0.00        37545.41
PageTables                101.41            1.23            0.00            0.00          102.64
WritebackTmp                0.00            0.00            0.00            0.00            0.00
MemTotal                63861.90        64493.11        22528.00        22528.00       173411.01
MemFree                 30414.69        63318.19           90.14        22527.88       116350.89
MemUsed                 33447.21         1174.93        22437.86            0.12        57060.12
Dirty                       0.04            0.11            0.00            0.00            0.15
Writeback                   0.00            0.00            0.00            0.00            0.00
FilePages                 243.85          107.22        16328.38            0.00        16679.45
AnonPages               31395.97           41.52         6107.73            0.00        37545.21
PageTables                101.39            1.23            0.00            0.00          102.61
WritebackTmp                0.00            0.00            0.00            0.00            0.00
MemTotal                63861.90        64493.11        22528.00        22528.00       173411.01
MemFree                 30374.85        63318.44           66.42        22527.88       116287.58
MemUsed                 33487.05         1174.68        22461.58            0.12        57123.43
Dirty                       0.00            0.00            0.02            0.00            0.02
Writeback                   0.00            0.00            0.00            0.00            0.00
FilePages                 243.86          107.22        15845.59            0.00        16196.66
AnonPages               31427.27           41.52         6615.55            0.00        38084.33
PageTables                111.63            1.23            0.00            0.00          112.86
WritebackTmp                0.00            0.00            0.00            0.00            0.00
MemTotal                63861.90        64493.11        22528.00        22528.00       173411.01
MemFree                 30323.76        63318.44           63.91        22527.88       116233.98
MemUsed                 33538.14         1174.68        22464.09            0.12        57177.03
Dirty                       0.00            0.00            0.00            0.00            0.00
Writeback                   0.00            0.00            0.00            0.00            0.00
FilePages                 243.86          107.22        13560.21            0.00        13911.30
AnonPages               31453.62           41.52         8899.73            0.00        40394.87
PageTables                122.06            1.23            0.00            0.00          123.29
WritebackTmp                0.00            0.00            0.00            0.00            0.00
MemTotal                63861.90        64493.11        22528.00        22528.00       173411.01
MemFree                 30279.01        63318.44           78.00        22527.88       116203.32
MemUsed                 33582.89         1174.68        22450.00            0.12        57207.69
Dirty                       0.01            0.00            0.00            0.00            0.01
Writeback                   0.00            0.00            0.00            0.00            0.00
FilePages                 243.88          107.22        11195.52            0.00        11546.61
AnonPages               31487.36           41.52        11252.79            0.00        42781.67
PageTables                126.10            1.23            0.00            0.00          127.32
WritebackTmp                0.00            0.00            0.00            0.00            0.00
MemTotal                63861.90        64493.11        22528.00        22528.00       173411.01
MemFree                 30337.79        63318.44           45.86        22527.88       116229.95
MemUsed                 33524.11         1174.68        22482.14            0.12        57181.06
Dirty                       0.01            0.00            0.02            0.00            0.02
Writeback                   0.00            0.00            0.00            0.00            0.00
FilePages                 243.88          107.22         9152.76            0.00         9503.86
AnonPages               31426.39           41.52        13324.32            0.00        44792.22
PageTables                128.72            1.23            0.00            0.00          129.95
WritebackTmp                0.00            0.00            0.00            0.00            0.00
MemTotal                63861.90        64493.11        22528.00        22528.00       173411.01
MemFree                 30177.68        63318.44           84.75        22527.88       116108.75
MemUsed                 33684.22         1174.68        22443.25            0.12        57302.27
Dirty                       0.00            0.00            0.00            0.00            0.00
Writeback                   0.00            0.00            0.00            0.00            0.00
FilePages                 243.89          107.22         7127.38            0.00         7478.48
AnonPages               31576.00           41.52        15307.41            0.00        46924.92
PageTables                131.57            1.23            0.00            0.00          132.80
WritebackTmp                0.00            0.00            0.00            0.00            0.00
