MemTotal                63856.97        64493.11       514048.00       514048.00      1156446.08
MemFree                 53661.29        55814.80       514040.27       514047.66      1137564.03
MemUsed                 10195.68         8678.31            7.73            0.34        18882.05
Dirty                       0.08            0.07            0.00            0.00            0.15
Writeback                   0.00            0.00            0.00            0.00            0.00
FilePages                 366.23            9.47            0.00            0.00          375.71
AnonPages                 745.24           25.06            0.00            0.00          770.30
PageTables                 31.82            0.95            0.00            0.00           32.77
WritebackTmp                0.00            0.00            0.00            0.00            0.00
MemTotal                63856.97        64493.11       514048.00       514048.00      1156446.08
MemFree                 48521.42        55814.31       512892.64       514047.66      1131276.04
MemUsed                 15335.55         8678.80         1155.36            0.34        25170.04
Dirty                       0.24            0.10            0.00            0.00            0.35
Writeback                   0.00            0.00            0.00            0.00            0.00
FilePages                 363.43           10.13            4.05            0.00          377.61
AnonPages                5862.53           25.06         1142.00            0.00         7029.59
PageTables                 43.80            0.95            0.00            0.00           44.76
WritebackTmp                0.00            0.00            0.00            0.00            0.00
MemTotal                63856.97        64493.11       514048.00       514048.00      1156446.08
MemFree                 48507.02        55814.07       509546.43       514047.66      1127915.18
MemUsed                 15349.95         8679.05         4501.57            0.34        28530.91
Dirty                       0.43            0.14            0.02            0.00            0.58
Writeback                   0.00            0.00            0.00            0.00            0.00
FilePages                 363.45           10.27            4.05            0.00          377.77
AnonPages                5863.13           25.06         4490.00            0.00        10378.19
PageTables                 50.75            0.95            0.00            0.00           51.70
WritebackTmp                0.00            0.00            0.00            0.00            0.00
MemTotal                63856.97        64493.11       514048.00       514048.00      1156446.08
MemFree                 48489.64        55814.07       506328.68       514047.66      1124680.04
MemUsed                 15367.33         8679.05         7719.32            0.34        31766.04
Dirty                       0.36            0.16            0.00            0.00            0.52
Writeback                   0.00            0.00            0.00            0.00            0.00
FilePages                 368.97           10.47            4.08            0.00          383.52
AnonPages                5863.27           25.06         7704.00            0.00        13592.32
PageTables                 56.80            0.95            0.00            0.00           57.75
WritebackTmp                0.00            0.00            0.00            0.00            0.00
MemTotal                63856.97        64493.11       514048.00       514048.00      1156446.08
MemFree                 48474.22        55814.04       503045.23       514047.66      1121381.14
MemUsed                 15382.75         8679.08        11002.77            0.34        35064.94
Dirty                       0.35            0.18            0.02            0.00            0.54
Writeback                   0.00            0.00            0.00            0.00            0.00
FilePages                 370.05           10.94            4.08            0.00          385.07
AnonPages                5865.06           25.45        10988.00            0.00        16878.50
PageTables                 63.09            0.95            0.00            0.00           64.04
WritebackTmp                0.00            0.00            0.00            0.00            0.00
MemTotal                63856.97        64493.11       514048.00       514048.00      1156446.08
MemFree                 48460.74        55812.02       500009.23       514047.66      1118329.66
MemUsed                 15396.23         8681.09        14038.77            0.34        38116.42
Dirty                       0.29            0.18            0.01            0.00            0.48
Writeback                   0.00            0.00            0.00            0.00            0.00
FilePages                 370.87           12.06            4.08            0.00          387.01
AnonPages                5864.48           25.17        14024.00            0.00        19913.65
PageTables                 69.09            0.98            0.00            0.00           70.07
WritebackTmp                0.00            0.00            0.00            0.00            0.00
MemTotal                63856.97        64493.11       514048.00       514048.00      1156446.08
MemFree                 48448.23        55812.22       496617.74       514047.66      1114925.86
MemUsed                 15408.74         8680.89        17430.26            0.34        41520.23
Dirty                       0.25            0.21            0.02            0.00            0.49
Writeback                   0.00            0.00            0.00            0.00            0.00
FilePages                 371.68           12.08            4.08            0.00          387.84
AnonPages                5864.31           25.12        17418.00            0.00        23307.42
PageTables                 75.60            0.95            0.00            0.00           76.55
WritebackTmp                0.00            0.00            0.00            0.00            0.00
MemTotal                63856.97        64493.11       514048.00       514048.00      1156446.08
MemFree                 48436.99        55810.61       493851.99       514047.66      1112147.25
MemUsed                 15419.98         8682.50        20196.01            0.34        44298.83
Dirty                       0.27            0.09            0.02            0.00            0.38
Writeback                   0.00            0.00            0.00            0.00            0.00
FilePages                 371.68           12.79            4.08            0.00          388.55
AnonPages                5864.47           25.57        20184.00            0.00        26074.04
PageTables                 81.31            0.98            0.00            0.00           82.30
WritebackTmp                0.00            0.00            0.00            0.00            0.00
MemTotal                63856.97        64493.11       514048.00       514048.00      1156446.08
MemFree                 48426.86        55809.80       491247.05       514047.66      1109531.37
MemUsed                 15430.11         8683.31        22800.95            0.34        46914.71
Dirty                       0.20            0.11            0.00            0.00            0.31
Writeback                   0.00            0.00            0.00            0.00            0.00
FilePages                 371.70           13.23            4.08            0.00          389.01
AnonPages                5864.00           25.90        22787.63            0.00        28677.53
PageTables                 86.54            0.95            0.00            0.00           87.50
WritebackTmp                0.00            0.00            0.00            0.00            0.00
MemTotal                63856.97        64493.11       514048.00       514048.00      1156446.08
MemFree                 48413.61        55809.12       488554.55       514047.66      1106824.96
MemUsed                 15443.36         8683.99        25493.45            0.34        49621.12
Dirty                       0.19            0.13            0.02            0.00            0.33
Writeback                   0.00            0.00            0.00            0.00            0.00
FilePages                 371.70           13.25            4.08            0.00          389.03
AnonPages                5864.33           26.41        25481.88            0.00        31372.62
PageTables                 91.73            0.98            0.00            0.00           92.71
WritebackTmp                0.00            0.00            0.00            0.00            0.00
MemTotal                63856.97        64493.11       514048.00       514048.00      1156446.08
MemFree                 48408.70        55810.50       486378.80       514047.66      1104645.67
MemUsed                 15448.27         8682.61        27669.20            0.34        51800.41
Dirty                       0.16            0.15            0.00            0.00            0.30
Writeback                   0.00            0.00            0.00            0.00            0.00
FilePages                 371.71           13.27            4.09            0.00          389.07
AnonPages                5860.64           26.19        27658.20            0.00        33545.03
PageTables                 96.25            0.95            0.00            0.00           97.20
WritebackTmp                0.00            0.00            0.00            0.00            0.00
MemTotal                63856.97        64493.11       514048.00       514048.00      1156446.08
MemFree                 48428.58        55810.70       486359.05       514047.66      1104645.99
MemUsed                 15428.39         8682.41        27688.95            0.34        51800.09
Dirty                       0.70            0.23            0.02            0.00            0.94
Writeback                   0.00            0.00            0.00            0.00            0.00
FilePages                 371.71           13.29            4.09            0.00          389.09
AnonPages                5840.13           26.18        27678.20            0.00        33544.51
PageTables                 95.95            0.98            0.00            0.00           96.94
WritebackTmp                0.00            0.00            0.00            0.00            0.00
MemTotal                63856.97        64493.11       514048.00       514048.00      1156446.08
MemFree                 48446.26        55810.52       486343.52       514047.66      1104647.96
MemUsed                 15410.71         8682.59        27704.48            0.34        51798.12
Dirty                       0.24            0.13            0.00            0.00            0.38
Writeback                   0.01            0.07            0.00            0.00            0.09
FilePages                 371.73           13.31            4.09            0.00          389.13
AnonPages                5822.49           26.79        27696.20            0.00        33545.48
PageTables                 96.00            0.95            0.00            0.00           96.96
WritebackTmp                0.00            0.00            0.00            0.00            0.00
MemTotal                63856.97        64493.11       514048.00       514048.00      1156446.08
MemFree                 48465.63        55808.86       486323.77       514047.66      1104645.91
MemUsed                 15391.34         8684.26        27724.23            0.34        51800.17
Dirty                       0.55            0.22            0.02            0.00            0.79
Writeback                   0.00            0.00            0.00            0.00            0.00
FilePages                 371.73           13.71            4.09            0.00          389.52
AnonPages                5802.77           26.32        27716.20            0.00        33545.29
PageTables                 96.05            1.00            0.00            0.00           97.05
WritebackTmp                0.00            0.00            0.00            0.00            0.00
MemTotal                63856.97        64493.11       514048.00       514048.00      1156446.08
MemFree                 48474.81        55806.36       486303.77       514047.66      1104632.60
MemUsed                 15382.16         8686.76        27744.23            0.34        51813.48
Dirty                       0.75            0.16            0.01            0.00            0.93
Writeback                   0.00            0.00            0.00            0.00            0.00
FilePages                 379.04           15.12            4.09            0.00          398.24
AnonPages                5786.54           26.27        27736.20            0.00        33549.01
PageTables                 96.47            0.98            0.00            0.00           97.46
WritebackTmp                0.00            0.00            0.00            0.00            0.00
MemTotal                63856.97        64493.11       514048.00       514048.00      1156446.08
MemFree                 48492.54        55807.73       486280.01       514047.66      1104627.95
MemUsed                 15364.43         8685.38        27767.99            0.34        51818.13
Dirty                       0.53            0.15            0.02            0.00            0.70
Writeback                   0.01            0.00            0.01            0.00            0.02
FilePages                 379.05           15.14            4.09            0.00          398.28
AnonPages                5766.90           27.17        27756.20            0.00        33550.28
PageTables                 96.43            0.98            0.00            0.00           97.41
WritebackTmp                0.00            0.00            0.00            0.00            0.00
MemTotal                63856.97        64493.11       514048.00       514048.00      1156446.08
MemFree                 48510.52        55806.66       486260.01       514047.66      1104624.86
MemUsed                 15346.45         8686.45        27787.99            0.34        51821.22
Dirty                       0.48            0.16            0.00            0.00            0.64
Writeback                   0.00            0.01            0.00            0.00            0.01
FilePages                 379.05           15.16            4.09            0.00          398.31
AnonPages                5748.21           25.83        27776.20            0.00        33550.24
PageTables                 96.53            0.94            0.00            0.00           97.46
WritebackTmp                0.00            0.00            0.00            0.00            0.00
MemTotal                63856.97        64493.11       514048.00       514048.00      1156446.08
MemFree                 48531.67        55805.82       486244.26       514047.66      1104629.41
MemUsed                 15325.30         8687.29        27803.74            0.34        51816.67
Dirty                       0.57            0.19            0.03            0.00            0.79
Writeback                   0.00            0.00            0.00            0.00            0.00
FilePages                 380.23           15.69            4.09            0.00          400.01
AnonPages                5725.63           25.98        27794.20            0.00        33545.81
PageTables                 96.18            0.97            0.00            0.00           97.15
WritebackTmp                0.00            0.00            0.00            0.00            0.00
MemTotal                63856.97        64493.11       514048.00       514048.00      1156446.08
MemFree                 48536.39        55805.62       486230.75       514047.66      1104620.43
MemUsed                 15320.58         8687.49        27817.25            0.34        51825.66
Dirty                       0.66            0.15            0.00            0.00            0.80
Writeback                   0.00            0.00            0.00            0.00            0.00
FilePages                 385.39           14.58            1.43            0.00          401.40
AnonPages                5711.48           26.50        27808.20            0.00        33546.19
PageTables                 96.03            1.01            0.00            0.00           97.04
WritebackTmp                0.00            0.00            0.00            0.00            0.00
