MemTotal                63854.68        64492.78       514048.00       514048.00      1156443.45
MemFree                 10774.82        53030.70       487862.52       495126.45      1046794.49
MemUsed                 53079.85        11462.07        26185.48        18921.55       109648.96
Dirty                       0.00            0.00            0.00            0.00            0.00
Writeback                   0.00            0.00            0.00            0.00            0.00
FilePages               43026.97         2806.70        25103.66        18736.12        89673.45
AnonPages                  26.46          157.76          291.81          181.72          657.76
PageTables                 30.75           13.05            0.01            0.02           43.83
WritebackTmp                0.00            0.00            0.00            0.00            0.00
MemTotal                63854.68        64492.78       514048.00       514048.00      1156443.45
MemFree                  3757.56        53030.71       487863.01       495126.47      1039777.75
MemUsed                 60097.12        11462.07        26184.99        18921.53       116665.70
Dirty                       0.00            0.01            0.00            0.00            0.01
Writeback                   0.00            0.00            0.00            0.00            0.00
FilePages               43026.97         2806.73        25103.66        18736.12        89673.48
AnonPages                7029.80          158.90          291.80          181.72         7662.23
PageTables                 44.50           12.96            0.01            0.02           57.49
WritebackTmp                0.00            0.00            0.00            0.00            0.00
MemTotal                63854.68        64492.78       514048.00       514048.00      1156443.45
MemFree                   511.41        53029.23       486864.24       495126.47      1035531.34
MemUsed                 63343.27        11463.55        27183.76        18921.53       120912.11
Dirty                       0.00            0.00            0.00            0.00            0.00
Writeback                   0.00            0.00            0.00            0.00            0.00
FilePages               43026.98         2806.74        25103.66        18736.12        89673.50
AnonPages               10269.64          158.54         1290.02          181.72        11899.91
PageTables                 50.89           12.79            1.72            0.02           65.43
WritebackTmp                0.00            0.00            0.00            0.00            0.00
MemTotal                63854.68        64492.78       514048.00       514048.00      1156443.45
MemFree                   511.65        53029.01       484441.69       495126.47      1033108.82
MemUsed                 63343.02        11463.77        29606.31        18921.53       123334.63
Dirty                       0.01            0.01            0.00            0.00            0.02
Writeback                   0.00            0.00            0.00            0.00            0.00
FilePages               43026.98         2806.75        25103.66        18736.12        89673.51
AnonPages               10269.64          158.62         3707.65          181.72        14317.63
PageTables                 50.89           12.79            6.39            0.02           70.10
WritebackTmp                0.00            0.00            0.00            0.00            0.00
MemTotal                63854.68        64492.78       514048.00       514048.00      1156443.45
MemFree                   511.65        53030.14       481467.54       495126.49      1030135.82
MemUsed                 63343.03        11462.64        32580.46        18921.51       126307.64
Dirty                       0.00            0.00            0.00            0.00            0.00
Writeback                   0.00            0.00            0.00            0.00            0.00
FilePages               43026.98         2806.75        25103.66        18736.12        89673.52
AnonPages               10270.27          158.71         6636.02          181.72        17246.73
PageTables                 50.89           12.83           12.55            0.02           76.29
WritebackTmp                0.00            0.00            0.00            0.00            0.00
MemTotal                63854.68        64492.78       514048.00       514048.00      1156443.45
MemFree                   511.89        53030.59       478921.70       495126.49      1027590.67
MemUsed                 63342.79        11462.18        35126.30        18921.51       128852.78
Dirty                       0.00            0.01            0.00            0.00            0.01
Writeback                   0.00            0.00            0.00            0.00            0.00
FilePages               43026.98         2806.77        25103.67        18736.12        89673.54
AnonPages               10270.27          158.78         9178.03          181.72        19788.80
PageTables                 50.89           12.79           17.61            0.02           81.31
WritebackTmp                0.00            0.00            0.00            0.00            0.00
MemTotal                63854.68        64492.78       514048.00       514048.00      1156443.45
MemFree                   511.89        53031.08       476479.19       495126.49      1025148.66
MemUsed                 63342.79        11461.70        37568.81        18921.51       131294.80
Dirty                       0.00            0.00            0.00            0.00            0.00
Writeback                   0.00            0.00            0.00            0.00            0.00
FilePages               43026.98         2806.77        25103.68        18736.12        89673.55
AnonPages               10270.27          158.05        11616.79          181.72        22226.83
PageTables                 50.89           12.79           22.39            0.02           86.09
WritebackTmp                0.00            0.00            0.00            0.00            0.00
MemTotal                63854.68        64492.78       514048.00       514048.00      1156443.45
MemFree                   511.89        53030.59       473848.94       495126.49      1022517.91
MemUsed                 63342.79        11462.19        40199.06        18921.51       133925.54
Dirty                       0.01            0.01            0.00            0.00            0.02
Writeback                   0.00            0.00            0.00            0.00            0.00
FilePages               43026.98         2806.78        25103.69        18736.12        89673.57
AnonPages               10270.27          158.10        14243.57          181.72        24853.65
PageTables                 50.89           12.79           27.57            0.02           91.27
WritebackTmp                0.00            0.00            0.00            0.00            0.00
MemTotal                63854.68        64492.78       514048.00       514048.00      1156443.45
MemFree                   511.89        53030.10       471319.93       495126.49      1019988.41
MemUsed                 63342.79        11462.68        42728.07        18921.51       136455.05
Dirty                       0.00            0.00            0.00            0.00            0.00
Writeback                   0.00            0.00            0.00            0.00            0.00
FilePages               43026.98         2806.79        25103.69        18736.12        89673.58
AnonPages               10270.27          158.16        16767.77          181.72        27377.92
PageTables                 50.89           12.79           32.47            0.02           96.18
WritebackTmp                0.00            0.00            0.00            0.00            0.00
MemTotal                63854.68        64492.78       514048.00       514048.00      1156443.45
MemFree                   511.89        53030.10       468883.81       495126.49      1017552.29
MemUsed                 63342.79        11462.68        45164.19        18921.51       138891.16
Dirty                       0.00            0.01            0.00            0.00            0.01
Writeback                   0.00            0.00            0.00            0.00            0.00
FilePages               43026.98         2806.80        25103.70        18736.12        89673.59
AnonPages               10270.27          158.23        19200.40          181.72        29810.62
PageTables                 50.89           12.79           37.21            0.02          100.92
WritebackTmp                0.00            0.00            0.00            0.00            0.00
MemTotal                63854.68        64492.78       514048.00       514048.00      1156443.45
MemFree                   501.21        53032.64       467363.73       495126.51      1016024.08
MemUsed                 63353.46        11460.14        46684.27        18921.49       140419.37
Dirty                       0.00            0.00            0.00            0.00            0.01
Writeback                   0.00            0.00            0.00            0.00            0.00
FilePages               43026.98         2806.81        25103.70        18736.12        89673.61
AnonPages               10260.40          157.49        20719.86          181.72        31319.47
PageTables                 50.99           12.80           40.57            0.02          104.39
WritebackTmp                0.00            0.00            0.00            0.00            0.00
MemTotal                63854.68        64492.78       514048.00       514048.00      1156443.45
MemFree                   507.16        53032.83       467183.35       495126.52      1015849.87
MemUsed                 63347.51        11459.95        46864.65        18921.48       140593.59
Dirty                       0.00            0.00            0.00            0.00            0.00
Writeback                   0.00            0.00            0.00            0.00            0.00
FilePages               43026.98         2806.82        25103.70        18736.12        89673.63
AnonPages               10255.26          157.41        20866.20          181.72        31460.59
PageTables                 50.99           12.75           40.88            0.02          104.63
WritebackTmp                0.00            0.00            0.00            0.00            0.00
MemTotal                63854.68        64492.78       514048.00       514048.00      1156443.45
MemFree                   504.85        53032.41       467166.22       495126.52      1015830.01
MemUsed                 63349.82        11460.36        46881.78        18921.48       140613.45
Dirty                       0.00            0.01            0.00            0.00            0.01
Writeback                   0.00            0.00            0.00            0.00            0.00
FilePages               43026.98         2806.83        25103.71        18736.12        89673.64
AnonPages               10261.04          157.16        20817.64          181.71        31417.55
PageTables                 51.00           12.80           40.99            0.02          104.81
WritebackTmp                0.00            0.00            0.00            0.00            0.00
MemTotal                63854.68        64492.78       514048.00       514048.00      1156443.45
MemFree                   506.23        53031.95       467155.27       495126.53      1015819.98
MemUsed                 63348.45        11460.82        46892.73        18921.47       140623.47
Dirty                       0.00            0.00            0.00            0.00            0.00
Writeback                   0.00            0.00            0.00            0.00            0.00
FilePages               43026.98         2806.84        25103.72        18736.12        89673.66
AnonPages               10259.60          157.13        20853.64          181.71        31452.09
PageTables                 51.00           12.75           41.05            0.02          104.81
WritebackTmp                0.00            0.00            0.00            0.00            0.00
MemTotal                63854.68        64492.78       514048.00       514048.00      1156443.45
MemFree                   522.74        53031.74       467154.54       495126.53      1015835.54
MemUsed                 63331.93        11461.04        46893.46        18921.47       140607.91
Dirty                       0.00            0.00            0.00            0.00            0.00
Writeback                   0.00            0.00            0.00            0.00            0.00
FilePages               43026.98         2806.85        25103.73        18736.12        89673.68
AnonPages               10244.12          157.27        20904.08          181.71        31487.18
PageTables                 50.77           12.80           40.99            0.02          104.59
WritebackTmp                0.00            0.00            0.00            0.00            0.00
MemTotal                63854.68        64492.78       514048.00       514048.00      1156443.45
MemFree                   510.60        53031.62       467154.58       495126.53      1015823.33
MemUsed                 63344.07        11461.16        46893.42        18921.47       140620.12
Dirty                       0.00            0.00            0.00            0.00            0.01
Writeback                   0.00            0.00            0.00            0.00            0.00
FilePages               43026.98         2806.86        25103.73        18736.12        89673.69
AnonPages               10257.08          157.24        20881.35          181.71        31477.38
PageTables                 51.00           12.75           41.05            0.02          104.81
WritebackTmp                0.00            0.00            0.00            0.00            0.00
MemTotal                63854.68        64492.78       514048.00       514048.00      1156443.45
MemFree                   509.84        53031.39       467155.85       495126.53      1015823.61
MemUsed                 63344.83        11461.39        46892.15        18921.47       140619.85
Dirty                       0.00            0.00            0.00            0.00            0.00
Writeback                   0.00            0.00            0.00            0.00            0.00
FilePages               43026.98         2806.86        25103.73        18736.12        89673.70
AnonPages               10257.93          157.29        20892.33          181.71        31489.26
PageTables                 51.00           12.75           41.05            0.02          104.81
WritebackTmp                0.00            0.00            0.00            0.00            0.00
MemTotal                63854.68        64492.78       514048.00       514048.00      1156443.45
MemFree                   509.55        53032.62       467153.70       495126.53      1015822.40
MemUsed                 63345.13        11460.15        46894.30        18921.47       140621.05
Dirty                       0.02            0.00            0.00            0.00            0.02
Writeback                   0.00            0.00            0.00            0.00            0.00
FilePages               43026.98         2806.87        25103.74        18736.12        89673.72
AnonPages               10259.56          157.02        20897.70          181.71        31495.99
PageTables                 51.00           12.75           41.05            0.02          104.81
WritebackTmp                0.00            0.00            0.00            0.00            0.00
MemTotal                63854.68        64492.78       514048.00       514048.00      1156443.45
MemFree                   516.45        53032.11       467149.62       495126.53      1015824.71
MemUsed                 63338.23        11460.67        46898.38        18921.47       140618.75
Dirty                       0.00            0.00            0.00            0.00            0.00
Writeback                   0.00            0.00            0.00            0.00            0.00
FilePages               43026.98         2806.88        25103.74        18736.12        89673.73
AnonPages               10248.76          157.05        20850.78          181.71        31438.30
PageTables                 50.98           12.69           41.10            0.02          104.79
WritebackTmp                0.00            0.00            0.00            0.00            0.00
MemTotal                63854.68        64492.78       514048.00       514048.00      1156443.45
MemFree                   509.34        53032.12       467142.37       495126.53      1015810.36
MemUsed                 63345.34        11460.66        46905.63        18921.47       140633.09
Dirty                       0.01            0.00            0.00            0.00            0.01
Writeback                   0.00            0.00            0.00            0.00            0.00
FilePages               43026.99         2806.89        25103.74        18736.12        89673.75
AnonPages               10256.84          157.11        20877.95          181.71        31473.62
PageTables                 51.05           12.69           41.05            0.02          104.81
WritebackTmp                0.00            0.00            0.00            0.00            0.00
MemTotal                63854.68        64492.78       514048.00       514048.00      1156443.45
MemFree                   509.13        53033.09       467143.03       495126.53      1015811.77
MemUsed                 63345.55        11459.69        46904.97        18921.47       140631.68
Dirty                       0.00            0.00            0.00            0.00            0.00
Writeback                   0.00            0.00            0.00            0.00            0.00
FilePages               43026.99         2806.90        25103.75        18736.12        89673.76
AnonPages               10260.43          157.18        20904.78          181.71        31504.10
PageTables                 51.00           12.69           41.05            0.02          104.76
WritebackTmp                0.00            0.00            0.00            0.00            0.00
MemTotal                63854.68        64492.78       514048.00       514048.00      1156443.45
MemFree                 10596.66        53032.53       475203.72       495126.53      1033959.44
MemUsed                 53258.02        11460.25        38844.28        18921.47       122484.02
Dirty                       0.01            0.01            0.00            0.00            0.02
Writeback                   0.00            0.00            0.00            0.00            0.00
FilePages               43026.99         2806.91        25103.75        18736.12        89673.78
AnonPages                 174.82          157.25        12756.03          181.71        13269.81
PageTables                 31.32           12.69           30.07            0.02           74.11
WritebackTmp                0.00            0.00            0.00            0.00            0.00
