MemTotal                63854.68        64492.78       514048.00       514048.00      1156443.45
MemFree                 20964.47          274.32       395285.36       474367.76       890891.92
MemUsed                 42890.20        64218.45       118762.64        39680.24       265551.53
Dirty                       0.00            0.00            0.00            0.00            0.00
Writeback                   0.00            0.00            0.00            0.00            0.00
FilePages               31612.77        54211.76       118170.10        39665.73       243660.36
AnonPages                 661.91           73.18            3.14            0.03          738.26
PageTables                 44.91            1.80            0.10            0.00           46.81
WritebackTmp                0.00            0.00            0.00            0.00            0.00
MemTotal                63854.68        64492.78       514048.00       514048.00      1156443.45
MemFree                 12098.68          273.96       395285.36       474367.76       882025.76
MemUsed                 51756.00        64218.82       118762.64        39680.24       274417.69
Dirty                       0.00            0.00            0.00            0.00            0.00
Writeback                   0.00            0.00            0.00            0.00            0.00
FilePages               31612.80        54211.76       118170.10        39665.73       243660.39
AnonPages                9513.34           73.47            3.14            0.03         9589.98
PageTables                 62.04            1.80            0.10            0.00           63.94
WritebackTmp                0.00            0.00            0.00            0.00            0.00
MemTotal                63854.68        64492.78       514048.00       514048.00      1156443.45
MemFree                  2540.41          273.76       395285.36       474367.76       872467.29
MemUsed                 61314.27        64219.02       118762.64        39680.24       283976.16
Dirty                       0.04            0.00            0.01            0.00            0.05
Writeback                   0.00            0.00            0.00            0.00            0.00
FilePages               31612.81        54211.76       118170.10        39665.73       243660.41
AnonPages               19002.55           73.74            3.14            0.03        19079.46
PageTables                 79.93            1.80            0.10            0.00           81.82
WritebackTmp                0.00            0.00            0.00            0.00            0.00
MemTotal                63854.68        64492.78       514048.00       514048.00      1156443.45
MemFree                  3012.00          271.79       395285.36       474367.76       872936.92
MemUsed                 60842.67        64220.98       118762.64        39680.24       283506.53
Dirty                       0.00            0.00            0.00            0.00            0.00
Writeback                   0.00            0.00            0.00            0.00            0.00
FilePages               31612.83        54211.76       118170.10        39665.73       243660.43
AnonPages               18574.99           73.82            3.14            0.03        18651.98
PageTables                 79.92            1.80            0.10            0.00           81.82
WritebackTmp                0.00            0.00            0.00            0.00            0.00
MemTotal                63854.68        64492.78       514048.00       514048.00      1156443.45
MemFree                  3079.13          271.67       395285.36       474367.76       873003.93
MemUsed                 60775.54        64221.11       118762.64        39680.24       283439.52
Dirty                       0.02            0.00            0.00            0.00            0.02
Writeback                   0.00            0.00            0.00            0.00            0.00
FilePages               31612.85        54211.76       118170.10        39665.73       243660.44
AnonPages               18503.34           73.91            3.14            0.03        18580.42
PageTables                 79.35            1.85            0.10            0.00           81.30
WritebackTmp                0.00            0.00            0.00            0.00            0.00
MemTotal                63854.68        64492.78       514048.00       514048.00      1156443.45
MemFree                  3016.39          271.68       395285.36       474367.76       872941.19
MemUsed                 60838.29        64221.10       118762.64        39680.24       283502.26
Dirty                       0.00            0.00            0.00            0.00            0.00
Writeback                   0.00            0.00            0.00            0.00            0.00
FilePages               31612.86        54211.76       118170.10        39665.73       243660.45
AnonPages               18577.50           73.21            3.14            0.03        18653.89
PageTables                 80.03            1.85            0.10            0.00           81.98
WritebackTmp                0.00            0.00            0.00            0.00            0.00
