MemTotal                63888.29        64461.80       514048.00       514048.00      1156446.08
MemFree                 53856.96        55798.81       514047.97       514047.94      1137751.68
MemUsed                 10031.32         8662.98            0.03            0.06        18694.40
Dirty                       0.13            0.03            0.00            0.00            0.16
Writeback                   0.00            0.00            0.00            0.00            0.00
FilePages                 374.54           13.27            0.00            0.00          387.80
AnonPages                 605.15           20.14            0.00            0.00          625.29
PageTables                 32.19            0.50            0.00            0.00           32.69
WritebackTmp                0.00            0.00            0.00            0.00            0.00
MemTotal                63888.29        64461.80       514048.00       514048.00      1156446.08
MemFree                 48715.85        55798.88       512794.86       514047.94      1131357.53
MemUsed                 15172.43         8662.92         1253.14            0.06        25088.55
Dirty                       0.43            0.09            0.00            0.00            0.53
Writeback                   0.00            0.00            0.00            0.00            0.00
FilePages                 371.46           13.84            3.45            0.00          388.75
AnonPages                5724.95           20.27         1244.84            0.00         6990.06
PageTables                 45.59            0.50            0.00            0.00           46.09
WritebackTmp                0.00            0.00            0.00            0.00            0.00
MemTotal                63888.29        64461.80       514048.00       514048.00      1156446.08
MemFree                 48701.11        55798.18       509433.63       514047.94      1127980.86
MemUsed                 15187.18         8663.61         4614.37            0.06        28465.22
Dirty                       0.21            0.15            0.02            0.00            0.38
Writeback                   0.00            0.00            0.00            0.00            0.00
FilePages                 371.59           14.88            3.58            0.00          390.05
AnonPages                5724.61           20.27         4606.34            0.00        10351.21
PageTables                 51.46            0.50            0.00            0.00           51.96
WritebackTmp                0.00            0.00            0.00            0.00            0.00
MemTotal                63888.29        64461.80       514048.00       514048.00      1156446.08
MemFree                 48685.67        55797.20       506225.68       514047.94      1124756.49
MemUsed                 15202.61         8664.59         7822.32            0.06        31689.59
Dirty                       0.39            0.24            0.00            0.00            0.63
Writeback                   0.00            0.00            0.00            0.00            0.00
FilePages                 371.59           16.94            3.58            0.00          392.11
AnonPages                5724.85           20.09         7816.34            0.00        13561.28
PageTables                 57.46            0.50            0.00            0.00           57.96
WritebackTmp                0.00            0.00            0.00            0.00            0.00
MemTotal                63888.29        64461.80       514048.00       514048.00      1156446.08
MemFree                 48672.52        55795.48       502897.68       514047.94      1121413.62
MemUsed                 15215.76         8666.31        11150.32            0.06        35032.46
Dirty                       0.36            0.11            0.02            0.00            0.49
Writeback                   0.00            0.00            0.00            0.00            0.00
FilePages                 371.59           18.42            3.58            0.00          393.59
AnonPages                5724.49           20.09        11144.34            0.00        16888.92
PageTables                 63.34            0.50            0.00            0.00           63.84
WritebackTmp                0.00            0.00            0.00            0.00            0.00
MemTotal                63888.29        64461.80       514048.00       514048.00      1156446.08
MemFree                 48663.13        55795.48       499825.68       514047.94      1118332.23
MemUsed                 15225.16         8666.31        14222.32            0.06        38113.86
Dirty                       0.45            0.23            0.00            0.00            0.68
Writeback                   0.00            0.00            0.00            0.00            0.00
FilePages                 371.59           19.62            3.59            0.00          394.80
AnonPages                5724.29           19.91        14216.34            0.00        19960.55
PageTables                 69.64            0.50            0.00            0.00           70.14
WritebackTmp                0.00            0.00            0.00            0.00            0.00
MemTotal                63888.29        64461.80       514048.00       514048.00      1156446.08
MemFree                 48650.38        55795.23       496493.68       514047.94      1114987.23
MemUsed                 15237.90         8666.56        17554.32            0.06        41458.85
Dirty                       0.64            0.30            0.02            0.00            0.96
Writeback                   0.00            0.00            0.00            0.00            0.00
FilePages                 371.59           20.36            3.59            0.00          395.54
AnonPages                5720.98           19.91        17546.34            0.00        23287.23
PageTables                 76.18            0.50            0.00            0.00           76.68
WritebackTmp                0.00            0.00            0.00            0.00            0.00
MemTotal                63888.29        64461.80       514048.00       514048.00      1156446.08
MemFree                 48632.92        55793.76       493737.68       514047.94      1112212.30
MemUsed                 15255.36         8668.04        20310.32            0.06        44233.79
Dirty                       0.44            0.68            0.00            0.00            1.12
Writeback                   0.00            0.00            0.00            0.00            0.00
FilePages                 372.38           22.00            3.59            0.00          397.96
AnonPages                5725.16           19.91        20304.34            0.00        26049.41
PageTables                 82.80            0.51            0.00            0.00           83.32
WritebackTmp                0.00            0.00            0.00            0.00            0.00
MemTotal                63888.29        64461.80       514048.00       514048.00      1156446.08
MemFree                 48622.82        55792.53       490860.70       514047.94      1109323.98
MemUsed                 15265.46         8669.27        23187.30            0.06        47122.10
Dirty                       0.00            0.31            0.02            0.00            0.33
Writeback                   0.01            0.09            0.00            0.00            0.09
FilePages                 372.38           22.99            3.59            0.00          398.96
AnonPages                5723.79           19.91        23177.28            0.00        28920.98
PageTables                 89.09            0.51            0.00            0.00           89.60
WritebackTmp                0.00            0.00            0.00            0.00            0.00
MemTotal                63888.29        64461.80       514048.00       514048.00      1156446.08
MemFree                 48614.84        55805.39       488068.70       514047.94      1106536.87
MemUsed                 15273.45         8656.40        25979.30            0.06        49909.21
Dirty                       0.97            0.80            0.00            0.00            1.78
Writeback                   0.00            0.00            0.00            0.00            0.00
FilePages                 372.38           23.52            3.59            0.00          399.49
AnonPages                5726.14           19.92        25967.28            0.00        31713.34
PageTables                 94.86            0.52            0.00            0.00           95.38
WritebackTmp                0.00            0.00            0.00            0.00            0.00
MemTotal                63888.29        64461.80       514048.00       514048.00      1156446.08
MemFree                 48606.41        55811.17       486382.76       514047.94      1104848.28
MemUsed                 15281.87         8650.62        27665.24            0.06        51597.80
Dirty                       0.82            0.12            0.02            0.00            0.96
Writeback                   0.00            0.00            0.00            0.00            0.00
FilePages                 376.94           25.18            3.59            0.00          405.71
AnonPages                5729.44           19.92        27659.48            0.00        33408.84
PageTables                 96.85            0.52            0.00            0.00           97.37
WritebackTmp                0.00            0.00            0.00            0.00            0.00
MemTotal                63888.29        64461.80       514048.00       514048.00      1156446.08
MemFree                 48624.61        55809.94       486362.76       514047.94      1104845.25
MemUsed                 15263.68         8651.86        27685.24            0.06        51600.84
Dirty                       0.25            0.25            0.00            0.00            0.50
Writeback                   0.00            0.00            0.00            0.00            0.00
FilePages                 377.27           26.09            3.59            0.00          406.96
AnonPages                5712.25           19.93        27677.48            0.00        33409.65
PageTables                 97.73            0.52            0.00            0.00           98.25
WritebackTmp                0.00            0.00            0.00            0.00            0.00
MemTotal                63888.29        64461.80       514048.00       514048.00      1156446.08
MemFree                 48642.21        55808.98       486342.76       514047.94      1104841.89
MemUsed                 15246.07         8652.81        27705.24            0.06        51604.19
Dirty                       0.21            0.21            0.02            0.00            0.44
Writeback                   0.11            0.21            0.00            0.00            0.33
FilePages                 377.28           27.29            3.59            0.00          408.15
AnonPages                5693.11           19.93        27697.48            0.00        33410.52
PageTables                 96.56            0.52            0.00            0.00           97.07
WritebackTmp                0.00            0.00            0.00            0.00            0.00
MemTotal                63888.29        64461.80       514048.00       514048.00      1156446.08
MemFree                 48658.47        55808.81       486322.76       514047.94      1104837.97
MemUsed                 15229.82         8652.99        27725.24            0.06        51608.11
Dirty                       0.25            0.09            0.00            0.00            0.34
Writeback                   0.00            0.00            0.00            0.00            0.00
FilePages                 377.75           27.57            3.59            0.00          408.91
AnonPages                5675.57           19.93        27717.48            0.00        33412.97
PageTables                 96.47            0.52            0.00            0.00           96.98
WritebackTmp                0.00            0.00            0.00            0.00            0.00
MemTotal                63888.29        64461.80       514048.00       514048.00      1156446.08
MemFree                 48647.42        55808.62       486302.76       514047.94      1104806.74
MemUsed                 15240.86         8653.17        27745.24            0.06        51639.34
Dirty                       0.21            0.14            0.02            0.00            0.37
Writeback                   0.00            0.00            0.00            0.00            0.00
FilePages                 411.81           27.63            3.59            0.00          443.03
AnonPages                5656.52           19.93        27737.48            0.00        33413.92
PageTables                 96.59            0.52            0.00            0.00           97.10
WritebackTmp                0.00            0.00            0.00            0.00            0.00
MemTotal                63888.29        64461.80       514048.00       514048.00      1156446.08
MemFree                 48668.79        55807.89       486282.51       514047.94      1104807.13
MemUsed                 15219.49         8653.91        27765.49            0.06        51638.95
Dirty                       0.43            0.37            0.01            0.00            0.81
Writeback                   0.00            0.00            0.00            0.00            0.00
FilePages                 411.81           28.13            3.59            0.00          443.53
AnonPages                5636.62           19.93        27757.48            0.00        33414.03
PageTables                 97.40            0.52            0.00            0.00           97.91
WritebackTmp                0.00            0.00            0.00            0.00            0.00
MemTotal                63888.29        64461.80       514048.00       514048.00      1156446.08
MemFree                 48685.05        55808.20       486268.52       514047.94      1104809.71
MemUsed                 15203.23         8653.60        27779.48            0.06        51636.38
Dirty                       0.12            0.21            0.02            0.00            0.35
Writeback                   0.00            0.00            0.00            0.00            0.00
FilePages                 411.91           28.18            3.59            0.00          443.68
AnonPages                5618.36           19.93        27775.48            0.00        33413.76
PageTables                 96.28            0.52            0.00            0.00           96.80
WritebackTmp                0.00            0.00            0.00            0.00            0.00
MemTotal                63888.29        64461.80       514048.00       514048.00      1156446.08
MemFree                 48708.90        55808.24       486248.52       514047.94      1104813.59
MemUsed                 15179.39         8653.56        27799.48            0.06        51632.49
Dirty                       0.41            0.35            0.00            0.00            0.77
Writeback                   0.00            0.00            0.00            0.00            0.00
FilePages                 411.91           28.23            3.59            0.00          443.73
AnonPages                5598.50           19.93        27795.48            0.00        33413.90
PageTables                 97.02            0.52            0.00            0.00           97.53
WritebackTmp                0.00            0.00            0.00            0.00            0.00
MemTotal                63888.29        64461.80       514048.00       514048.00      1156446.08
MemFree                 48719.84        55808.24       486236.52       514047.94      1104812.54
MemUsed                 15168.44         8653.56        27811.48            0.06        51633.55
Dirty                       0.00            0.26            0.02            0.00            0.28
Writeback                   0.00            0.11            0.00            0.00            0.11
FilePages                 411.91           28.30            3.59            0.00          443.80
AnonPages                5586.49           19.93        27807.48            0.00        33413.89
PageTables                 96.35            0.52            0.00            0.00           96.87
WritebackTmp                0.00            0.00            0.00            0.00            0.00
MemTotal                63888.29        64461.80       514048.00       514048.00      1156446.08
MemFree                 48718.37        55807.99       486236.52       514047.94      1104810.82
MemUsed                 15169.91         8653.80        27811.48            0.06        51635.27
Dirty                       0.16            0.36            0.01            0.00            0.52
Writeback                   0.01            0.14            0.00            0.00            0.15
FilePages                 411.91           28.65            3.59            0.00          444.16
AnonPages                5587.09           19.93        27807.48            0.00        33414.49
PageTables                 97.11            0.52            0.00            0.00           97.62
WritebackTmp                0.00            0.00            0.00            0.00            0.00
MemTotal                63888.29        64461.80       514048.00       514048.00      1156446.08
MemFree                 48716.52        55807.26       486236.52       514047.94      1104808.23
MemUsed                 15171.76         8654.54        27811.48            0.06        51637.85
Dirty                       0.15            0.23            0.00            0.00            0.38
Writeback                   0.00            0.00            0.00            0.00            0.00
FilePages                 411.91           29.16            3.59            0.00          444.66
AnonPages                5590.49           19.93        27807.48            0.00        33417.89
PageTables                 96.56            0.52            0.00            0.00           97.08
WritebackTmp                0.00            0.00            0.00            0.00            0.00
MemTotal                63888.29        64461.80       514048.00       514048.00      1156446.08
MemFree                 48717.61        55806.52       486236.52       514047.94      1104808.58
MemUsed                 15170.68         8655.28        27811.48            0.06        51637.50
Dirty                       1.21            0.30            0.01            0.00            1.52
Writeback                   0.00            0.00            0.00            0.00            0.00
FilePages                 411.91           29.71            3.59            0.00          445.22
AnonPages                5589.45           19.93        27807.48            0.00        33416.86
PageTables                 96.32            0.52            0.00            0.00           96.84
WritebackTmp                0.00            0.00            0.00            0.00            0.00
MemTotal                63888.29        64461.80       514048.00       514048.00      1156446.08
MemFree                 48716.45        55806.03       486236.52       514047.94      1104806.93
MemUsed                 15171.83         8655.77        27811.48            0.06        51639.15
Dirty                       1.21            0.32            0.00            0.00            1.54
Writeback                   0.00            0.00            0.00            0.00            0.00
FilePages                 411.91           30.04            3.59            0.00          445.54
AnonPages                5589.76           19.25        27807.48            0.00        33416.48
PageTables                 96.34            0.52            0.00            0.00           96.86
WritebackTmp                0.00            0.00            0.00            0.00            0.00
MemTotal                63888.29        64461.80       514048.00       514048.00      1156446.08
MemFree                 48716.29        55805.05       486236.52       514047.94      1104805.80
MemUsed                 15171.99         8656.74        27811.48            0.06        51640.28
Dirty                       1.14            0.38            0.01            0.00            1.53
Writeback                   0.00            0.00            0.00            0.00            0.00
FilePages                 411.91           30.93            3.59            0.00          446.43
AnonPages                5589.55           19.25        27807.48            0.00        33416.28
PageTables                 96.36            0.52            0.00            0.00           96.88
WritebackTmp                0.00            0.00            0.00            0.00            0.00
MemTotal                63888.29        64461.80       514048.00       514048.00      1156446.08
MemFree                 48711.43        55805.09       486236.52       514047.94      1104800.97
MemUsed                 15176.85         8656.71        27811.48            0.06        51645.11
Dirty                       1.01            0.41            0.01            0.00            1.42
Writeback                   0.00            0.00            0.00            0.00            0.00
FilePages                 411.92           30.99            3.59            0.00          446.50
AnonPages                5593.90           19.25        27807.48            0.00        33420.62
PageTables                 96.54            0.52            0.00            0.00           97.05
WritebackTmp                0.00            0.00            0.00            0.00            0.00
MemTotal                63888.29        64461.80       514048.00       514048.00      1156446.08
MemFree                 48710.54        55804.85       486236.52       514047.94      1104799.85
MemUsed                 15177.74         8656.95        27811.48            0.06        51646.23
Dirty                       1.04            0.44            0.01            0.00            1.49
Writeback                   0.00            0.00            0.00            0.00            0.00
FilePages                 411.93           31.21            3.59            0.00          446.74
AnonPages                5595.37           19.25        27807.48            0.00        33422.09
PageTables                 96.49            0.52            0.00            0.00           97.01
WritebackTmp                0.00            0.00            0.00            0.00            0.00
MemTotal                63888.29        64461.80       514048.00       514048.00      1156446.08
MemFree                 48711.86        55804.61       486236.52       514047.94      1104800.92
MemUsed                 15176.43         8657.19        27811.48            0.06        51645.16
Dirty                       1.03            0.22            0.00            0.00            1.25
Writeback                   0.00            0.00            0.00            0.00            0.00
FilePages                 411.94           31.52            3.59            0.00          447.05
AnonPages                5596.80           19.25        27807.48            0.00        33423.52
PageTables                 96.67            0.52            0.00            0.00           97.18
WritebackTmp                0.00            0.00            0.00            0.00            0.00
MemTotal                63888.29        64461.80       514048.00       514048.00      1156446.08
MemFree                 48710.24        55804.61       486236.52       514047.94      1104799.30
MemUsed                 15178.05         8657.19        27811.48            0.06        51646.79
Dirty                       0.98            0.28            0.01            0.00            1.27
Writeback                   0.00            0.00            0.00            0.00            0.00
FilePages                 411.94           31.57            3.59            0.00          447.11
AnonPages                5596.09           19.37        27807.48            0.00        33422.94
PageTables                 96.45            0.52            0.00            0.00           96.97
WritebackTmp                0.00            0.00            0.00            0.00            0.00
MemTotal                63888.29        64461.80       514048.00       514048.00      1156446.08
MemFree                 48707.10        55804.80       486236.76       514047.94      1104796.60
MemUsed                 15181.19         8656.99        27811.24            0.06        51649.48
Dirty                       1.80            0.44            0.00            0.00            2.24
Writeback                   0.00            0.00            0.00            0.00            0.00
FilePages                 411.94           31.62            3.59            0.00          447.16
AnonPages                5599.34           19.37        27807.48            0.00        33426.18
PageTables                 96.43            0.52            0.00            0.00           96.95
WritebackTmp                0.00            0.00            0.00            0.00            0.00
MemTotal                63888.29        64461.80       514048.00       514048.00      1156446.08
MemFree                 48709.36        55804.56       486236.76       514047.94      1104798.61
MemUsed                 15178.93         8657.24        27811.24            0.06        51647.47
Dirty                       2.43            0.57            0.00            0.00            3.01
Writeback                   0.01            0.00            0.01            0.00            0.02
FilePages                 411.94           31.67            3.59            0.00          447.20
AnonPages                5599.38           19.26        27807.48            0.00        33426.11
PageTables                 96.44            0.52            0.00            0.00           96.96
WritebackTmp                0.00            0.00            0.00            0.00            0.00
MemTotal                63888.29        64461.80       514048.00       514048.00      1156446.08
MemFree                 48706.61        55804.32       486236.76       514047.94      1104795.62
MemUsed                 15181.68         8657.48        27811.24            0.06        51650.46
Dirty                       3.21            0.78            0.01            0.00            4.00
Writeback                   0.00            0.00            0.00            0.00            0.00
FilePages                 411.95           31.98            3.59            0.00          447.52
AnonPages                5602.36           18.73        27807.48            0.00        33428.56
PageTables                 96.49            0.53            0.00            0.00           97.02
WritebackTmp                0.00            0.00            0.00            0.00            0.00
