100.0
100.0
100.0
100.0
100.0
100.0
100.0
100.0
100.0
100.0
100.0
100.0
100.0
100.0
100.0
100.0
100.0
100.0
100.0
100.0
100.0
100.0
100.0
100.0
100.0
99.92053208948778
99.86813418665166
99.89305003475874
99.90801181694351
99.89461826374504
90.2350623373889
95.85757592875031
99.46345101034903
91.41812661059949
87.90995727900099
80.69836081975687
77.149581202283
84.0845290081098
84.62717058222677
67.26539659488277
54.03328230803682
53.16420875678154
91.0901430076235
90.5491945425294
90.29660053987838
57.711312280175804
54.70438175270108
54.3790157341598
64.29543328514329
81.97315913039135
80.9350745349267
70.43710811514654
54.87595649040936
85.60736957891886
75.7796881247501
73.04140256549903
55.55081439966882
84.91531869651031
73.42799647274289
67.2028799436095
58.324854329663665
91.86305223108417
84.89695179423397
78.4334352121686
66.03345465809649
61.925510353490594
74.23456829587955
76.77671123449838
60.01173837733634
72.51868685059398
92.3130911172286
85.2909709094728
78.97551445317514
65.69757533503757
63.040843823382225
74.73139158576052
77.94196336694793
60.05712617996182
74.0001910587631
92.40292940457985
92.59113333670085
92.61025778604879
92.39814321432964
92.68709177787649
92.70195879770348
92.65293402405256
92.56576237173581
92.26382800507415
87.22849176672963
79.19783136292028
67.71550543127601
56.398212715732676
99.73831520502435
99.776088072025
