MemTotal                63856.97        64493.11       514048.00       514048.00      1156446.08
MemFree                 54881.80        51508.65       514047.78       514047.78      1134486.02
MemUsed                  8975.17        12984.46            0.22            0.22        21960.07
Dirty                       0.29            0.03            0.00            0.00            0.31
Writeback                   0.00            0.00            0.00            0.00            0.00
FilePages                  83.32          334.25            0.00            0.00          417.57
AnonPages                  95.70         3775.02            0.00            0.00         3870.71
PageTables                  2.95           35.65            0.00            0.00           38.61
WritebackTmp                0.00            0.00            0.00            0.00            0.00
MemTotal                63856.97        64493.11       514048.00       514048.00      1156446.08
MemFree                 49736.02        51501.15       513401.79       514047.78      1128686.74
MemUsed                 14120.95        12991.96          646.21            0.22        27759.34
Dirty                       0.09            0.03            0.00            0.00            0.12
Writeback                   0.00            0.00            0.00            0.00            0.00
FilePages                  84.07          334.98            0.00            0.00          419.04
AnonPages                5215.01         3774.48          645.80            0.00         9635.29
PageTables                 13.98           35.86            0.00            0.00           49.84
WritebackTmp                0.00            0.00            0.00            0.00            0.00
MemTotal                63856.97        64493.11       514048.00       514048.00      1156446.08
MemFree                 49721.51        51499.91       509819.40       514047.78      1125088.60
MemUsed                 14135.46        12993.20         4228.60            0.22        31357.48
Dirty                       0.39            0.04            0.00            0.00            0.44
Writeback                   0.00            0.00            0.00            0.00            0.00
FilePages                  83.93          335.05            0.21            0.00          419.19
AnonPages                5215.21         3774.98         4227.75            0.00        13217.95
PageTables                 21.11           35.79            0.00            0.00           56.90
WritebackTmp                0.00            0.00            0.00            0.00            0.00
MemTotal                63856.97        64493.11       514048.00       514048.00      1156446.08
MemFree                 49706.98        51501.50       506491.47       514047.78      1121747.73
MemUsed                 14149.99        12991.61         7556.53            0.22        34698.35
Dirty                       0.29            0.04            0.00            0.00            0.33
Writeback                   0.00            0.00            0.00            0.00            0.00
FilePages                  85.71          335.06            0.21            0.00          420.98
AnonPages                5215.24         3775.34         7555.94            0.00        16546.52
PageTables                 27.59           35.80            0.00            0.00           63.39
WritebackTmp                0.00            0.00            0.00            0.00            0.00
MemTotal                63856.97        64493.11       514048.00       514048.00      1156446.08
MemFree                 49696.51        51502.82       503241.80       514047.78      1118488.91
MemUsed                 14160.46        12990.30        10806.20            0.22        37957.17
Dirty                       0.34            0.05            0.00            0.00            0.39
Writeback                   0.00            0.00            0.00            0.00            0.00
FilePages                  86.20          335.06            0.21            0.00          421.47
AnonPages                5213.77         3775.00        10805.19            0.00        19793.96
PageTables                 33.89           35.96            0.00            0.00           69.85
WritebackTmp                0.00            0.00            0.00            0.00            0.00
MemTotal                63856.97        64493.11       514048.00       514048.00      1156446.08
MemFree                 49690.93        51509.25       500044.06       514047.78      1115292.03
MemUsed                 14166.04        12983.86        14003.94            0.22        41154.05
Dirty                       0.22            0.03            0.00            0.00            0.25
Writeback                   0.00            0.00            0.00            0.00            0.00
FilePages                  86.22          335.06            0.21            0.00          421.50
AnonPages                5213.69         3774.74        14002.96            0.00        22991.39
PageTables                 40.37           35.80            0.00            0.00           76.16
WritebackTmp                0.00            0.00            0.00            0.00            0.00
MemTotal                63856.97        64493.11       514048.00       514048.00      1156446.08
MemFree                 49678.55        51506.97       496607.36       514047.56      1111840.45
MemUsed                 14178.41        12986.14        17440.64            0.44        44605.63
Dirty                       0.39            0.14            0.00            0.00            0.54
Writeback                   0.00            0.00            0.00            0.00            0.00
FilePages                  86.65          338.00            0.21            0.00          424.86
AnonPages                5213.74         3775.77        17439.49            0.00        26429.00
PageTables                 47.12           35.94            0.00            0.00           83.07
WritebackTmp                0.00            0.00            0.00            0.00            0.00
MemTotal                63856.97        64493.11       514048.00       514048.00      1156446.08
MemFree                 49667.62        51506.95       493807.06       514047.75      1109029.39
MemUsed                 14189.34        12986.16        20240.94            0.25        47416.70
Dirty                       0.02            0.00            0.00            0.00            0.02
Writeback                   0.00            0.00            0.00            0.00            0.00
FilePages                  86.65          338.32            0.21            0.00          425.19
AnonPages                5213.81         3775.51        20240.26            0.00        29229.57
PageTables                 52.41           35.95            0.00            0.00           88.35
WritebackTmp                0.00            0.00            0.00            0.00            0.00
MemTotal                63856.97        64493.11       514048.00       514048.00      1156446.08
MemFree                 49655.15        51506.23       490813.82       514047.75      1106022.95
MemUsed                 14201.82        12986.89        23234.18            0.25        50423.13
Dirty                       0.18            0.03            0.00            0.00            0.21
Writeback                   0.00            0.00            0.00            0.00            0.00
FilePages                  87.14          338.32            0.21            0.00          425.68
AnonPages                5213.80         3776.05        23232.93            0.00        32222.79
PageTables                 58.16           35.94            0.00            0.00           94.10
WritebackTmp                0.00            0.00            0.00            0.00            0.00
MemTotal                63856.97        64493.11       514048.00       514048.00      1156446.08
MemFree                 49643.13        51471.87       487896.63       514047.75      1103059.38
MemUsed                 14213.84        13021.25        26151.37            0.25        53386.71
Dirty                       0.21            0.02            0.00            0.00            0.22
Writeback                   0.00            0.00            0.00            0.00            0.00
FilePages                  87.63          376.01            0.21            0.00          463.86
AnonPages                5213.79         3778.13        26150.78            0.00        35142.70
PageTables                 64.11           35.90            0.00            0.00          100.01
WritebackTmp                0.00            0.00            0.00            0.00            0.00
MemTotal                63856.97        64493.11       514048.00       514048.00      1156446.08
MemFree                 49639.59        51470.62       486393.49       514047.75      1101551.46
MemUsed                 14217.38        13022.49        27654.51            0.25        54894.62
Dirty                       0.34            0.06            0.00            0.00            0.40
Writeback                   0.00            0.00            0.00            0.00            0.00
FilePages                  87.65          376.02            0.21            0.00          463.88
AnonPages                5211.91         3777.28        27653.95            0.00        36643.14
PageTables                 67.17           35.92            0.00            0.00          103.09
WritebackTmp                0.00            0.00            0.00            0.00            0.00
MemTotal                63856.97        64493.11       514048.00       514048.00      1156446.08
MemFree                 49643.36        51469.70       486389.30       514047.75      1101550.11
MemUsed                 14213.61        13023.41        27658.70            0.25        54895.97
Dirty                       0.07            0.03            0.00            0.00            0.10
Writeback                   0.00            0.00            0.00            0.00            0.00
FilePages                  88.16          376.02            0.21            0.00          464.39
AnonPages                5207.91         3777.58        27657.98            0.00        36643.47
PageTables                 67.18           35.93            0.00            0.00          103.10
WritebackTmp                0.00            0.00            0.00            0.00            0.00
MemTotal                63856.97        64493.11       514048.00       514048.00      1156446.08
MemFree                 49649.34        51471.02       486383.15       514047.75      1101551.25
MemUsed                 14207.63        13022.10        27664.85            0.25        54894.83
Dirty                       0.34            0.06            0.00            0.00            0.40
Writeback                   0.00            0.00            0.00            0.00            0.00
FilePages                  88.66          376.11            0.21            0.00          464.98
AnonPages                5201.92         3777.60        27663.98            0.00        36643.50
PageTables                 67.18           35.79            0.00            0.00          102.96
WritebackTmp                0.00            0.00            0.00            0.00            0.00
MemTotal                63856.97        64493.11       514048.00       514048.00      1156446.08
MemFree                 49654.09        51470.80       486379.42       514047.75      1101552.06
MemUsed                 14202.88        13022.31        27668.58            0.25        54894.02
Dirty                       0.21            0.02            0.00            0.00            0.23
Writeback                   0.00            0.00            0.00            0.00            0.00
FilePages                  88.68          376.11            0.21            0.00          465.00
AnonPages                5197.98         3778.02        27667.98            0.00        36643.98
PageTables                 67.18           35.79            0.00            0.00          102.97
WritebackTmp                0.00            0.00            0.00            0.00            0.00
MemTotal                63856.97        64493.11       514048.00       514048.00      1156446.08
MemFree                 49659.55        51470.39       486373.52       514047.75      1101551.20
MemUsed                 14197.42        13022.73        27674.48            0.25        54894.88
Dirty                       0.17            0.03            0.00            0.00            0.20
Writeback                   0.00            0.00            0.00            0.00            0.00
FilePages                  88.82          376.11            0.21            0.00          465.14
AnonPages                5192.01         3778.27        27673.95            0.00        36644.23
PageTables                 67.18           35.79            0.00            0.00          102.97
WritebackTmp                0.00            0.00            0.00            0.00            0.00
MemTotal                63856.97        64493.11       514048.00       514048.00      1156446.08
MemFree                 49663.36        51470.88       486369.33       514047.75      1101551.32
MemUsed                 14193.61        13022.23        27678.67            0.25        54894.76
Dirty                       0.19            0.01            0.00            0.00            0.20
Writeback                   0.00            0.00            0.00            0.00            0.00
FilePages                  89.29          376.12            0.21            0.00          465.62
AnonPages                5187.99         3777.71        27677.98            0.00        36643.68
PageTables                 67.19           35.79            0.00            0.00          102.98
WritebackTmp                0.00            0.00            0.00            0.00            0.00
MemTotal                63856.97        64493.11       514048.00       514048.00      1156446.08
MemFree                 49667.58        51471.56       486365.39       514047.75      1101552.29
MemUsed                 14189.39        13021.55        27682.61            0.25        54893.80
Dirty                       0.07            0.03            0.00            0.00            0.09
Writeback                   0.00            0.00            0.00            0.00            0.00
FilePages                  89.80          376.12            0.21            0.00          466.13
AnonPages                5184.04         3777.57        27681.98            0.00        36643.59
PageTables                 67.20           35.73            0.00            0.00          102.93
WritebackTmp                0.00            0.00            0.00            0.00            0.00
MemTotal                63856.97        64493.11       514048.00       514048.00      1156446.08
MemFree                 49672.80        51470.22       486359.49       514047.75      1101550.25
MemUsed                 14184.17        13022.89        27688.51            0.25        54895.83
Dirty                       0.32            0.03            0.00            0.00            0.35
Writeback                   0.00            0.00            0.00            0.00            0.00
FilePages                  90.26          376.41            0.21            0.00          466.88
AnonPages                5178.05         3778.75        27687.98            0.00        36644.78
PageTables                 67.20           35.86            0.00            0.00          103.06
WritebackTmp                0.00            0.00            0.00            0.00            0.00
MemTotal                63856.97        64493.11       514048.00       514048.00      1156446.08
MemFree                 49676.76        51470.35       486355.30       514047.75      1101550.16
MemUsed                 14180.21        13022.77        27692.70            0.25        54895.92
Dirty                       0.25            0.03            0.00            0.00            0.28
Writeback                   0.00            0.00            0.00            0.00            0.00
FilePages                  90.28          376.41            0.21            0.00          466.91
AnonPages                5174.08         3779.02        27691.98            0.00        36645.08
PageTables                 67.20           35.81            0.00            0.00          103.01
WritebackTmp                0.00            0.00            0.00            0.00            0.00
MemTotal                63856.97        64493.11       514048.00       514048.00      1156446.08
MemFree                 49681.75        51471.88       486349.36       514047.75      1101550.73
MemUsed                 14175.22        13021.23        27698.64            0.25        54895.35
Dirty                       0.28            0.02            0.00            0.00            0.30
Writeback                   0.00            0.00            0.00            0.00            0.00
FilePages                  90.29          376.41            0.21            0.00          466.92
AnonPages                5168.06         3777.78        27697.95            0.00        36643.79
PageTables                 67.21           35.88            0.00            0.00          103.09
WritebackTmp                0.00            0.00            0.00            0.00            0.00
MemTotal                63856.97        64493.11       514048.00       514048.00      1156446.08
MemFree                 49686.34        51471.75       486345.18       514047.75      1101551.02
MemUsed                 14170.63        13021.36        27702.82            0.25        54895.07
Dirty                       0.05            0.02            0.00            0.00            0.07
Writeback                   0.00            0.00            0.00            0.00            0.00
FilePages                  90.30          376.41            0.21            0.00          466.93
AnonPages                5164.06         3777.33        27701.95            0.00        36643.34
PageTables                 67.21           35.88            0.00            0.00          103.09
WritebackTmp                0.00            0.00            0.00            0.00            0.00
MemTotal                63856.97        64493.11       514048.00       514048.00      1156446.08
MemFree                 49691.33        51470.13       486339.45       514047.75      1101548.67
MemUsed                 14165.64        13022.98        27708.55            0.25        54897.41
Dirty                       0.18            0.01            0.00            0.00            0.19
Writeback                   0.00            0.00            0.00            0.00            0.00
FilePages                  90.32          376.41            0.21            0.00          466.95
AnonPages                5158.04         3777.77        27707.98            0.00        36643.79
PageTables                 67.22           35.76            0.00            0.00          102.98
WritebackTmp                0.00            0.00            0.00            0.00            0.00
MemTotal                63856.97        64493.11       514048.00       514048.00      1156446.08
MemFree                 49695.29        51469.77       486335.52       514047.75      1101548.33
MemUsed                 14161.68        13023.34        27712.48            0.25        54897.75
Dirty                       0.00            0.02            0.00            0.00            0.02
Writeback                   0.02            0.00            0.00            0.00            0.02
FilePages                  90.33          376.41            0.21            0.00          466.96
AnonPages                5154.12         3778.50        27711.95            0.00        36644.57
PageTables                 67.22           35.81            0.00            0.00          103.03
WritebackTmp                0.00            0.00            0.00            0.00            0.00
MemTotal                63856.97        64493.11       514048.00       514048.00      1156446.08
MemFree                 49701.05        51450.42       486329.36       514047.75      1101528.58
MemUsed                 14155.92        13042.69        27718.64            0.25        54917.50
Dirty                       0.32            0.05            0.00            0.00            0.38
Writeback                   0.00            0.00            0.00            0.00            0.00
FilePages                  90.85          388.37            0.21            0.00          479.43
AnonPages                5148.19         3787.54        27717.98            0.00        36653.71
PageTables                 67.23           35.81            0.00            0.00          103.04
WritebackTmp                0.00            0.00            0.00            0.00            0.00
MemTotal                63856.97        64493.11       514048.00       514048.00      1156446.08
MemFree                 49704.30        51392.73       486325.18       514047.75      1101469.96
MemUsed                 14152.67        13100.38        27722.82            0.25        54976.12
Dirty                       0.24            8.43            0.00            0.00            8.67
Writeback                   0.00            0.00            0.00            0.00            0.00
FilePages                  90.85          410.55            0.21            0.00          501.61
AnonPages                5144.19         3823.76        27721.98            0.00        36689.93
PageTables                 67.23           36.66            0.00            0.00          103.89
WritebackTmp                0.00            0.00            0.00            0.00            0.00
MemTotal                63856.97        64493.11       514048.00       514048.00      1156446.08
MemFree                 49710.31        51388.75       486319.27       514047.75      1101466.08
MemUsed                 14146.66        13104.37        27728.73            0.25        54980.00
Dirty                       0.25            0.05            0.00            0.00            0.30
Writeback                   0.00            0.00            0.00            0.00            0.00
FilePages                  90.87          411.21            0.21            0.00          502.30
AnonPages                5138.04         3828.90        27727.98            0.00        36694.92
PageTables                 67.24           36.09            0.00            0.00          103.32
WritebackTmp                0.00            0.00            0.00            0.00            0.00
MemTotal                63856.97        64493.11       514048.00       514048.00      1156446.08
MemFree                 49714.06        51387.38       486315.34       514047.75      1101464.52
MemUsed                 14142.91        13105.73        27732.66            0.25        54981.56
Dirty                       0.18            0.07            0.00            0.00            0.25
Writeback                   0.00            0.00            0.00            0.00            0.00
FilePages                  90.96          411.21            0.21            0.00          502.39
AnonPages                5134.04         3828.76        27731.98            0.00        36694.78
PageTables                 67.24           35.93            0.00            0.00          103.17
WritebackTmp                0.00            0.00            0.00            0.00            0.00
MemTotal                63856.97        64493.11       514048.00       514048.00      1156446.08
MemFree                 49719.50        51386.67       486309.18       514047.75      1101463.10
MemUsed                 14137.47        13106.44        27738.82            0.25        54982.98
Dirty                       0.14            0.02            0.00            0.00            0.16
Writeback                   0.00            0.00            0.00            0.00            0.00
FilePages                  90.96          411.21            0.21            0.00          502.39
AnonPages                5128.08         3829.08        27737.95            0.00        36695.11
PageTables                 67.25           35.93            0.00            0.00          103.18
WritebackTmp                0.00            0.00            0.00            0.00            0.00
MemTotal                63856.97        64493.11       514048.00       514048.00      1156446.08
MemFree                 49723.50        51387.23       486305.25       514047.75      1101463.73
MemUsed                 14133.46        13105.89        27742.75            0.25        54982.36
Dirty                       0.05            0.03            0.00            0.00            0.07
Writeback                   0.00            0.00            0.00            0.00            0.00
FilePages                  90.98          411.22            0.21            0.00          502.42
AnonPages                5124.11         3828.25        27741.98            0.00        36694.34
PageTables                 67.25           35.94            0.00            0.00          103.19
WritebackTmp                0.00            0.00            0.00            0.00            0.00
MemTotal                63856.97        64493.11       514048.00       514048.00      1156446.08
MemFree                 49730.48        51387.25       486299.34       514047.75      1101464.81
MemUsed                 14126.49        13105.87        27748.66            0.25        54981.27
Dirty                       0.25            0.02            0.00            0.00            0.27
Writeback                   0.00            0.00            0.00            0.00            0.00
FilePages                  91.00          411.22            0.21            0.00          502.43
AnonPages                5118.11         3828.32        27747.98            0.00        36694.41
PageTables                 67.25           35.94            0.00            0.00          103.20
WritebackTmp                0.00            0.00            0.00            0.00            0.00
MemTotal                63856.97        64493.11       514048.00       514048.00      1156446.08
MemFree                 49734.29        51387.32       486295.16       514047.75      1101464.52
MemUsed                 14122.68        13105.79        27752.84            0.25        54981.56
Dirty                       0.15            0.02            0.00            0.00            0.17
Writeback                   0.02            0.00            0.00            0.00            0.02
FilePages                  91.00          411.22            0.21            0.00          502.44
AnonPages                5114.11         3828.39        27751.98            0.00        36694.48
PageTables                 67.25           35.94            0.00            0.00          103.19
WritebackTmp                0.00            0.00            0.00            0.00            0.00
MemTotal                63856.97        64493.11       514048.00       514048.00      1156446.08
MemFree                 49740.29        51387.32       486289.25       514047.75      1101464.61
MemUsed                 14116.68        13105.79        27758.75            0.25        54981.47
Dirty                       0.27            0.01            0.00            0.00            0.28
Writeback                   0.00            0.00            0.00            0.00            0.00
FilePages                  91.03          411.22            0.21            0.00          502.46
AnonPages                5108.20         3827.76        27757.95            0.00        36693.91
PageTables                 67.27           35.94            0.00            0.00          103.21
WritebackTmp                0.00            0.00            0.00            0.00            0.00
MemTotal                63856.97        64493.11       514048.00       514048.00      1156446.08
MemFree                 49744.28        51386.14       486285.31       514047.75      1101463.48
MemUsed                 14112.69        13106.97        27762.69            0.25        54982.60
Dirty                       0.17            0.07            0.00            0.00            0.24
Writeback                   0.00            0.00            0.00            0.00            0.00
FilePages                  91.03          411.32            0.21            0.00          502.56
AnonPages                5104.20         3828.91        27761.95            0.00        36695.07
PageTables                 67.27           35.94            0.00            0.00          103.20
WritebackTmp                0.00            0.00            0.00            0.00            0.00
MemTotal                63856.97        64493.11       514048.00       514048.00      1156446.08
MemFree                 49747.84        51336.86       486279.16       514047.75      1101411.61
MemUsed                 14109.13        13156.25        27768.84            0.25        55034.48
Dirty                       0.05            0.02            0.00            0.00            0.07
Writeback                   0.00            0.00            0.00            0.00            0.00
FilePages                  91.06          431.11            0.21            0.00          522.39
AnonPages                5098.27         3828.68        27767.98            0.00        36694.93
PageTables                 67.27           35.96            0.00            0.00          103.23
WritebackTmp                0.00            0.00            0.00            0.00            0.00
MemTotal                63856.97        64493.11       514048.00       514048.00      1156446.08
MemFree                 49753.47        51335.75       486275.22       514047.75      1101412.19
MemUsed                 14103.50        13157.37        27772.78            0.25        55033.89
Dirty                       0.27            0.03            0.00            0.00            0.29
Writeback                   0.00            0.00            0.00            0.00            0.00
FilePages                  91.09          431.12            0.21            0.00          522.43
AnonPages                5094.34         3828.27        27771.98            0.00        36694.59
PageTables                 67.27           36.17            0.00            0.00          103.45
WritebackTmp                0.00            0.00            0.00            0.00            0.00
MemTotal                63856.97        64493.11       514048.00       514048.00      1156446.08
MemFree                 49759.66        51335.21       486269.32       514047.75      1101411.93
MemUsed                 14097.31        13157.91        27778.68            0.25        55034.15
Dirty                       0.33            0.02            0.00            0.00            0.35
Writeback                   0.00            0.00            0.00            0.00            0.00
FilePages                  91.11          431.12            0.21            0.00          522.45
AnonPages                5088.38         3828.36        27777.95            0.00        36694.69
PageTables                 67.29           35.98            0.00            0.00          103.26
WritebackTmp                0.00            0.00            0.00            0.00            0.00
MemTotal                63856.97        64493.11       514048.00       514048.00      1156446.08
MemFree                 49763.67        51335.91       486265.38       514047.75      1101412.71
MemUsed                 14093.30        13157.20        27782.62            0.25        55033.37
Dirty                       0.23            0.03            0.00            0.00            0.27
Writeback                   0.00            0.00            0.00            0.00            0.00
FilePages                  91.11          431.12            0.21            0.00          522.45
AnonPages                5084.18         3828.06        27781.98            0.00        36694.22
PageTables                 67.29           35.98            0.00            0.00          103.26
WritebackTmp                0.00            0.00            0.00            0.00            0.00
MemTotal                63856.97        64493.11       514048.00       514048.00      1156446.08
MemFree                 49769.40        51335.43       486259.23       514047.75      1101411.80
MemUsed                 14087.57        13157.69        27788.77            0.25        55034.28
Dirty                       0.23            0.02            0.00            0.00            0.25
Writeback                   0.00            0.00            0.00            0.00            0.00
FilePages                  91.14          431.13            0.21            0.00          522.48
AnonPages                5078.24         3828.86        27787.98            0.00        36695.08
PageTables                 67.29           35.98            0.00            0.00          103.27
WritebackTmp                0.00            0.00            0.00            0.00            0.00
MemTotal                63856.97        64493.11       514048.00       514048.00      1156446.08
MemFree                 49773.38        51335.68       486255.29       514047.75      1101412.11
MemUsed                 14083.59        13157.43        27792.71            0.25        55033.98
Dirty                       0.19            0.04            0.00            0.00            0.23
Writeback                   0.00            0.00            0.00            0.00            0.00
FilePages                  91.14          431.13            0.21            0.00          522.49
AnonPages                5074.24         3828.45        27791.98            0.00        36694.67
PageTables                 67.29           35.98            0.00            0.00          103.27
WritebackTmp                0.00            0.00            0.00            0.00            0.00
MemTotal                63856.97        64493.11       514048.00       514048.00      1156446.08
MemFree                 49779.34        51336.37       486249.38       514047.75      1101412.84
MemUsed                 14077.63        13156.75        27798.62            0.25        55033.25
Dirty                       0.04            0.00            0.00            0.00            0.04
Writeback                   0.04            0.00            0.00            0.00            0.04
FilePages                  91.16          431.13            0.21            0.00          522.51
AnonPages                5068.28         3828.75        27797.95            0.00        36694.97
PageTables                 67.30           35.98            0.00            0.00          103.28
WritebackTmp                0.00            0.00            0.00            0.00            0.00
MemTotal                63856.97        64493.11       514048.00       514048.00      1156446.08
MemFree                 49783.32        51336.42       486245.20       514047.75      1101412.69
MemUsed                 14073.65        13156.70        27802.80            0.25        55033.39
Dirty                       0.02            0.02            0.00            0.00            0.04
Writeback                   0.02            0.00            0.00            0.00            0.02
FilePages                  91.17          431.13            0.21            0.00          522.52
AnonPages                5064.33         3828.62        27801.95            0.00        36694.91
PageTables                 67.30           35.98            0.00            0.00          103.28
WritebackTmp                0.00            0.00            0.00            0.00            0.00
MemTotal                63856.97        64493.11       514048.00       514048.00      1156446.08
MemFree                 49787.56        51335.23       486241.26       514047.75      1101411.80
MemUsed                 14069.41        13157.89        27806.74            0.25        55034.28
Dirty                       0.23            0.00            0.00            0.00            0.24
Writeback                   0.00            0.00            0.00            0.00            0.00
FilePages                  91.19          431.13            0.21            0.00          522.54
AnonPages                5060.30         3829.21        27805.98            0.00        36695.50
PageTables                 67.31           35.99            0.00            0.00          103.30
WritebackTmp                0.00            0.00            0.00            0.00            0.00
MemTotal                63856.97        64493.11       514048.00       514048.00      1156446.08
MemFree                 49787.56        51336.53       486241.26       514047.75      1101413.11
MemUsed                 14069.41        13156.58        27806.74            0.25        55032.98
Dirty                       0.21            0.02            0.00            0.00            0.23
Writeback                   0.00            0.00            0.00            0.00            0.00
FilePages                  91.20          431.13            0.21            0.00          522.55
AnonPages                5059.96         3827.43        27805.98            0.00        36693.37
PageTables                 67.31           35.93            0.00            0.00          103.23
WritebackTmp                0.00            0.00            0.00            0.00            0.00
MemTotal                63856.97        64493.11       514048.00       514048.00      1156446.08
MemFree                 49787.81        51338.01       486241.41       514047.75      1101414.98
MemUsed                 14069.16        13155.11        27806.59            0.25        55031.11
Dirty                       0.18            0.01            0.00            0.00            0.19
Writeback                   0.00            0.01            0.00            0.00            0.01
FilePages                  91.21          431.14            0.21            0.00          522.57
AnonPages                5060.00         3826.97        27805.98            0.00        36692.95
PageTables                 67.33           35.95            0.00            0.00          103.27
WritebackTmp                0.00            0.00            0.00            0.00            0.00
MemTotal                63856.97        64493.11       514048.00       514048.00      1156446.08
MemFree                 49787.57        51336.38       486241.41       514047.75      1101413.11
MemUsed                 14069.40        13156.73        27806.59            0.25        55032.97
Dirty                       0.15            0.02            0.00            0.00            0.17
Writeback                   0.00            0.00            0.00            0.00            0.00
FilePages                  91.22          431.14            0.21            0.00          522.58
AnonPages                5060.00         3827.39        27805.98            0.00        36693.38
PageTables                 67.33           35.95            0.00            0.00          103.27
WritebackTmp                0.00            0.00            0.00            0.00            0.00
MemTotal                63856.97        64493.11       514048.00       514048.00      1156446.08
MemFree                 49787.57        51336.88       486241.41       514047.75      1101413.61
MemUsed                 14069.40        13156.23        27806.59            0.25        55032.48
Dirty                       0.22            0.02            0.00            0.00            0.24
Writeback                   0.00            0.00            0.00            0.00            0.00
FilePages                  91.24          431.14            0.21            0.00          522.59
AnonPages                5060.02         3826.71        27805.98            0.00        36692.72
PageTables                 67.33           35.93            0.00            0.00          103.26
WritebackTmp                0.00            0.00            0.00            0.00            0.00
MemTotal                63856.97        64493.11       514048.00       514048.00      1156446.08
MemFree                 49787.57        51336.93       486241.41       514047.75      1101413.66
MemUsed                 14069.40        13156.18        27806.59            0.25        55032.43
Dirty                       0.24            0.03            0.00            0.00            0.27
Writeback                   0.00            0.00            0.00            0.00            0.00
FilePages                  91.25          431.14            0.21            0.00          522.61
AnonPages                5060.08         3827.04        27805.98            0.00        36693.10
PageTables                 67.34           35.94            0.00            0.00          103.27
WritebackTmp                0.00            0.00            0.00            0.00            0.00
MemTotal                63856.97        64493.11       514048.00       514048.00      1156446.08
MemFree                 49787.57        51335.95       486241.41       514047.75      1101412.67
MemUsed                 14069.40        13157.17        27806.59            0.25        55033.41
Dirty                       0.18            0.00            0.00            0.00            0.18
Writeback                   0.00            0.00            0.00            0.00            0.00
FilePages                  91.26          431.14            0.21            0.00          522.62
AnonPages                5060.09         3827.26        27805.98            0.00        36693.32
PageTables                 67.34           35.93            0.00            0.00          103.27
WritebackTmp                0.00            0.00            0.00            0.00            0.00
MemTotal                63856.97        64493.11       514048.00       514048.00      1156446.08
MemFree                 49787.33        51335.51       486241.41       514047.75      1101412.00
MemUsed                 14069.64        13157.60        27806.59            0.25        55034.08
Dirty                       0.20            0.02            0.00            0.00            0.21
Writeback                   0.00            0.00            0.00            0.00            0.00
FilePages                  91.30          431.14            0.21            0.00          522.66
AnonPages                5060.09         3827.48        27805.98            0.00        36693.55
PageTables                 67.34           35.90            0.00            0.00          103.24
WritebackTmp                0.00            0.00            0.00            0.00            0.00
MemTotal                63856.97        64493.11       514048.00       514048.00      1156446.08
MemFree                 49787.33        51335.76       486241.41       514047.75      1101412.25
MemUsed                 14069.64        13157.36        27806.59            0.25        55033.83
Dirty                       0.13            0.01            0.00            0.00            0.14
Writeback                   0.00            0.00            0.00            0.00            0.00
FilePages                  91.31          431.14            0.21            0.00          522.67
AnonPages                5060.17         3827.11        27805.98            0.00        36693.26
PageTables                 67.35           35.89            0.00            0.00          103.23
WritebackTmp                0.00            0.00            0.00            0.00            0.00
MemTotal                63856.97        64493.11       514048.00       514048.00      1156446.08
MemFree                 49787.33        51337.86       486241.41       514047.75      1101414.35
MemUsed                 14069.64        13155.25        27806.59            0.25        55031.73
Dirty                       0.16            0.02            0.00            0.00            0.18
Writeback                   0.00            0.02            0.00            0.00            0.02
FilePages                  91.33          431.15            0.21            0.00          522.70
AnonPages                5060.17         3827.76        27805.98            0.00        36693.91
PageTables                 67.35           35.96            0.00            0.00          103.31
WritebackTmp                0.00            0.00            0.00            0.00            0.00
MemTotal                63856.97        64493.11       514048.00       514048.00      1156446.08
MemFree                 49787.36        51337.81       486241.60       514047.94      1101414.70
MemUsed                 14069.61        13155.30        27806.40            0.06        55031.38
Dirty                       0.02            0.01            0.00            0.00            0.03
Writeback                   0.05            0.01            0.00            0.00            0.06
FilePages                  91.34          431.15            0.21            0.00          522.70
AnonPages                5060.17         3828.05        27805.98            0.00        36694.20
PageTables                 67.35           35.90            0.00            0.00          103.25
WritebackTmp                0.00            0.00            0.00            0.00            0.00
MemTotal                63856.97        64493.11       514048.00       514048.00      1156446.08
MemFree                 49787.36        51338.11       486241.60       514047.94      1101415.00
MemUsed                 14069.61        13155.01        27806.40            0.06        55031.09
Dirty                       0.25            0.02            0.00            0.00            0.27
Writeback                   0.00            0.00            0.00            0.00            0.00
FilePages                  91.35          431.16            0.21            0.00          522.72
AnonPages                5060.22         3827.48        27805.98            0.00        36693.68
PageTables                 67.35           35.94            0.00            0.00          103.29
WritebackTmp                0.00            0.00            0.00            0.00            0.00
MemTotal                63856.97        64493.11       514048.00       514048.00      1156446.08
MemFree                 49787.36        51337.86       486241.60       514047.94      1101414.75
MemUsed                 14069.61        13155.25        27806.40            0.06        55031.33
Dirty                       0.16            0.02            0.00            0.00            0.18
Writeback                   0.00            0.00            0.00            0.00            0.00
FilePages                  91.36          431.16            0.21            0.00          522.73
AnonPages                5060.22         3827.72        27805.98            0.00        36693.92
PageTables                 67.35           35.94            0.00            0.00          103.29
WritebackTmp                0.00            0.00            0.00            0.00            0.00
MemTotal                63856.97        64493.11       514048.00       514048.00      1156446.08
MemFree                 49787.36        51337.86       486241.60       514047.94      1101414.75
MemUsed                 14069.61        13155.25        27806.40            0.06        55031.33
Dirty                       0.18            0.01            0.00            0.00            0.19
Writeback                   0.00            0.00            0.00            0.00            0.00
FilePages                  91.38          431.16            0.21            0.00          522.75
AnonPages                5060.22         3827.95        27805.98            0.00        36694.15
PageTables                 67.35           35.93            0.00            0.00          103.27
WritebackTmp                0.00            0.00            0.00            0.00            0.00
MemTotal                63856.97        64493.11       514048.00       514048.00      1156446.08
MemFree                 49787.14        51337.86       486241.60       514047.94      1101414.54
MemUsed                 14069.83        13155.25        27806.40            0.06        55031.55
Dirty                       0.13            0.02            0.00            0.00            0.15
Writeback                   0.00            0.00            0.00            0.00            0.00
FilePages                  91.39          431.16            0.21            0.00          522.77
AnonPages                5060.27         3828.18        27805.98            0.00        36694.43
PageTables                 67.35           35.90            0.00            0.00          103.25
WritebackTmp                0.00            0.00            0.00            0.00            0.00
MemTotal                63856.97        64493.11       514048.00       514048.00      1156446.08
MemFree                 49786.67        51337.41       486241.60       514047.94      1101413.62
MemUsed                 14070.30        13155.70        27806.40            0.06        55032.46
Dirty                       0.16            0.01            0.00            0.00            0.18
Writeback                   0.00            0.00            0.00            0.00            0.00
FilePages                  91.41          431.16            0.21            0.00          522.79
AnonPages                5060.27         3828.45        27805.98            0.00        36694.70
PageTables                 67.35           35.89            0.00            0.00          103.24
WritebackTmp                0.00            0.00            0.00            0.00            0.00
MemTotal                63856.97        64493.11       514048.00       514048.00      1156446.08
MemFree                 49786.67        51337.18       486241.60       514047.94      1101413.38
MemUsed                 14070.30        13155.94        27806.40            0.06        55032.70
Dirty                       0.26            0.04            0.00            0.00            0.30
Writeback                   0.00            0.00            0.00            0.00            0.00
FilePages                  91.42          431.16            0.21            0.00          522.80
AnonPages                5060.27         3827.66        27805.98            0.00        36693.91
PageTables                 67.35           35.85            0.00            0.00          103.20
WritebackTmp                0.00            0.00            0.00            0.00            0.00
MemTotal                63856.97        64493.11       514048.00       514048.00      1156446.08
MemFree                 49786.46        51337.70       486241.60       514047.94      1101413.70
MemUsed                 14070.51        13155.41        27806.40            0.06        55032.39
Dirty                       0.12            0.00            0.00            0.00            0.12
Writeback                   0.00            0.00            0.00            0.00            0.00
FilePages                  91.46          431.16            0.21            0.00          522.84
AnonPages                5060.32         3828.13        27805.98            0.00        36694.43
PageTables                 67.35           36.01            0.00            0.00          103.36
WritebackTmp                0.00            0.00            0.00            0.00            0.00
MemTotal                63856.97        64493.11       514048.00       514048.00      1156446.08
MemFree                 49786.46        51338.94       486241.60       514047.94      1101414.94
MemUsed                 14070.51        13154.17        27806.40            0.06        55031.14
Dirty                       0.21            0.02            0.00            0.00            0.23
Writeback                   0.00            0.00            0.00            0.00            0.00
FilePages                  91.46          431.16            0.21            0.00          522.84
AnonPages                5060.32         3827.25        27805.98            0.00        36693.56
PageTables                 67.35           35.85            0.00            0.00          103.20
WritebackTmp                0.00            0.00            0.00            0.00            0.00
MemTotal                63856.97        64493.11       514048.00       514048.00      1156446.08
MemFree                 49786.46        51338.20       486241.60       514047.94      1101414.20
MemUsed                 14070.51        13154.91        27806.40            0.06        55031.88
Dirty                       0.18            0.02            0.00            0.00            0.20
Writeback                   0.00            0.00            0.00            0.00            0.00
FilePages                  91.48          431.17            0.21            0.00          522.87
AnonPages                5060.45         3827.79        27805.98            0.00        36694.21
PageTables                 67.35           35.94            0.00            0.00          103.29
WritebackTmp                0.00            0.00            0.00            0.00            0.00
MemTotal                63856.97        64493.11       514048.00       514048.00      1156446.08
MemFree                 49786.46        51337.96       486241.60       514047.94      1101413.96
MemUsed                 14070.51        13155.15        27806.40            0.06        55032.12
Dirty                       0.14            0.02            0.00            0.00            0.15
Writeback                   0.00            0.02            0.00            0.00            0.02
FilePages                  91.49          431.17            0.21            0.00          522.88
AnonPages                5060.50         3828.07        27805.98            0.00        36694.55
PageTables                 67.35           35.98            0.00            0.00          103.33
WritebackTmp                0.00            0.00            0.00            0.00            0.00
MemTotal                63856.97        64493.11       514048.00       514048.00      1156446.08
MemFree                 49786.46        51338.26       486241.60       514047.94      1101414.25
MemUsed                 14070.51        13154.86        27806.40            0.06        55031.83
Dirty                       0.03            0.02            0.00            0.00            0.04
Writeback                   0.01            0.00            0.00            0.00            0.01
FilePages                  91.51          431.17            0.21            0.00          522.89
AnonPages                5060.50         3827.68        27805.98            0.00        36694.16
PageTables                 67.35           35.98            0.00            0.00          103.32
WritebackTmp                0.00            0.00            0.00            0.00            0.00
MemTotal                63856.97        64493.11       514048.00       514048.00      1156446.08
MemFree                 49786.46        51337.77       486241.60       514047.94      1101413.77
MemUsed                 14070.51        13155.34        27806.40            0.06        55032.32
Dirty                       0.05            0.01            0.00            0.00            0.06
Writeback                   0.00            0.00            0.00            0.00            0.00
FilePages                  91.52          431.17            0.21            0.00          522.91
AnonPages                5060.50         3827.49        27805.98            0.00        36693.97
PageTables                 67.35           35.98            0.00            0.00          103.32
WritebackTmp                0.00            0.00            0.00            0.00            0.00
MemTotal                63856.97        64493.11       514048.00       514048.00      1156446.08
MemFree                 49786.46        51264.09       486241.60       514047.94      1101340.08
MemUsed                 14070.51        13229.03        27806.40            0.06        55106.00
Dirty                       0.21            0.04            0.00            0.00            0.25
Writeback                   0.00            0.00            0.00            0.00            0.00
FilePages                  91.53          439.53            0.21            0.00          531.28
AnonPages                5060.55         3888.34        27805.98            0.00        36754.87
PageTables                 67.35           36.20            0.00            0.00          103.54
WritebackTmp                0.00            0.00            0.00            0.00            0.00
MemTotal                63856.97        64493.11       514048.00       514048.00      1156446.08
MemFree                 49786.46        51263.12       486241.60       514047.94      1101339.12
MemUsed                 14070.51        13229.99        27806.40            0.06        55106.96
Dirty                       0.21            0.04            0.00            0.00            0.26
Writeback                   0.00            0.00            0.00            0.00            0.00
FilePages                  91.55          439.53            0.21            0.00          531.29
AnonPages                5060.55         3889.27        27805.98            0.00        36755.80
PageTables                 67.35           36.21            0.00            0.00          103.55
WritebackTmp                0.00            0.00            0.00            0.00            0.00
