MemTotal                63861.90        64493.11       514048.00       514048.00      1156451.01
MemFree                 53699.92        55743.84       513955.00       514047.78      1137446.55
MemUsed                 10161.98         8749.27           93.00            0.22        19004.46
Dirty                       0.03            0.01            0.06            0.00            0.10
Writeback                   0.00            0.00            0.00            0.00            0.00
FilePages                  28.38           29.33           71.66            0.00          129.36
AnonPages                 757.15           18.77            0.09            0.00          776.01
PageTables                 30.95            0.13            0.00            0.00           31.08
WritebackTmp                0.00            0.00            0.00            0.00            0.00
MemTotal                63861.90        64493.11       514048.00       514048.00      1156451.01
MemFree                 48712.09        55744.62       513955.50       514047.78      1132459.99
MemUsed                 15149.80         8748.49           92.50            0.22        23991.02
Dirty                       0.04            0.00            0.00            0.00            0.04
Writeback                   0.00            0.00            0.00            0.00            0.00
FilePages                2515.49           29.33           71.66            0.00         2616.48
AnonPages                3243.34           18.77            0.09            0.00         3262.19
PageTables                 36.75            0.13            0.00            0.00           36.88
WritebackTmp                0.00            0.00            0.00            0.00            0.00
MemTotal                63861.90        64493.11       514048.00       514048.00      1156451.01
MemFree                 43712.55        55744.86       513955.90       514047.78      1127461.08
MemUsed                 20149.35         8748.26           92.10            0.22        28989.93
Dirty                       0.02            0.00            0.00            0.00            0.02
Writeback                   0.00            0.00            0.00            0.00            0.00
FilePages                5008.35           29.33           71.66            0.00         5109.34
AnonPages                5733.46           18.78            0.09            0.00         5752.32
PageTables                 40.82            0.13            0.00            0.00           40.95
WritebackTmp                0.00            0.00            0.00            0.00            0.00
MemTotal                63861.90        64493.11       514048.00       514048.00      1156451.01
MemFree                 38713.21        55744.86       513955.96       514047.78      1122461.81
MemUsed                 25148.69         8748.26           92.04            0.22        33989.20
Dirty                       0.01            0.00            0.00            0.00            0.01
Writeback                   0.00            0.00            0.00            0.00            0.00
FilePages                7498.94           29.35           71.66            0.00         7599.95
AnonPages                8225.14           18.80            0.09            0.00         8244.03
PageTables                 45.62            0.13            0.00            0.00           45.75
WritebackTmp                0.00            0.00            0.00            0.00            0.00
MemTotal                63861.90        64493.11       514048.00       514048.00      1156451.01
MemFree                 33751.41        55744.86       513956.21       514047.78      1117500.25
MemUsed                 30110.49         8748.26           91.79            0.22        38950.76
Dirty                       0.02            0.00            0.00            0.00            0.02
Writeback                   0.00            0.00            0.00            0.00            0.00
FilePages                9972.10           29.35           71.66            0.00        10073.11
AnonPages               10697.19           18.70            0.09            0.00        10715.98
PageTables                 50.46            0.13            0.00            0.00           50.59
WritebackTmp                0.00            0.00            0.00            0.00            0.00
MemTotal                63861.90        64493.11       514048.00       514048.00      1156451.01
MemFree                 28742.65        55744.86       513956.21       514047.78      1112491.50
MemUsed                 35119.25         8748.26           91.79            0.22        43959.52
Dirty                       0.09            0.01            0.06            0.00            0.16
Writeback                   0.00            0.00            0.00            0.00            0.00
FilePages               12469.12           29.49           71.66            0.00        12570.26
AnonPages               13193.43           18.70            0.09            0.00        13212.21
PageTables                 55.41            0.13            0.00            0.00           55.54
WritebackTmp                0.00            0.00            0.00            0.00            0.00
MemTotal                63861.90        64493.11       514048.00       514048.00      1156451.01
MemFree                 23767.56        55744.86       513956.21       514047.78      1107516.41
MemUsed                 40094.34         8748.26           91.79            0.22        48934.61
Dirty                       0.07            0.00            0.04            0.00            0.11
Writeback                   0.01            0.00            0.00            0.00            0.01
FilePages               14949.55           29.49           71.66            0.00        15050.70
AnonPages               15673.43           18.70            0.09            0.00        15692.22
PageTables                 60.21            0.13            0.00            0.00           60.34
WritebackTmp                0.00            0.00            0.00            0.00            0.00
MemTotal                63861.90        64493.11       514048.00       514048.00      1156451.01
MemFree                 18784.87        55745.10       513956.45       514047.78      1102534.21
MemUsed                 45077.03         8748.01           91.55            0.22        53916.80
Dirty                       0.01            0.00            0.00            0.00            0.01
Writeback                   0.00            0.00            0.00            0.00            0.00
FilePages               17431.22           29.49           71.66            0.00        17532.36
AnonPages               18154.86           18.71            0.09            0.00        18173.65
PageTables                 65.15            0.13            0.00            0.00           65.28
WritebackTmp                0.00            0.00            0.00            0.00            0.00
MemTotal                63861.90        64493.11       514048.00       514048.00      1156451.01
MemFree                 13797.93        55745.10       513956.45       514047.78      1097547.27
MemUsed                 50063.96         8748.01           91.55            0.22        58903.74
Dirty                       0.02            0.00            0.00            0.00            0.02
Writeback                   0.00            0.00            0.00            0.00            0.00
FilePages               19918.65           29.49           71.66            0.00        20019.79
AnonPages               20640.75           18.71            0.09            0.00        20659.55
PageTables                 69.94            0.13            0.00            0.00           70.07
WritebackTmp                0.00            0.00            0.00            0.00            0.00
MemTotal                63861.90        64493.11       514048.00       514048.00      1156451.01
MemFree                  8809.96        55745.35       513956.70       514047.78      1092559.79
MemUsed                 55051.94         8747.77           91.30            0.22        63891.23
Dirty                       0.01            0.00            0.00            0.00            0.01
Writeback                   0.00            0.00            0.00            0.00            0.00
FilePages               22402.62           29.49           71.66            0.00        22503.77
AnonPages               23127.08           18.71            0.09            0.00        23145.88
PageTables                 74.93            0.13            0.00            0.00           75.06
WritebackTmp                0.00            0.00            0.00            0.00            0.00
MemTotal                63861.90        64493.11       514048.00       514048.00      1156451.01
MemFree                  3854.74        55745.35       513956.70       514047.78      1087604.57
MemUsed                 60007.16         8747.77           91.30            0.22        68846.44
Dirty                       0.02            0.00            0.00            0.00            0.02
Writeback                   0.00            0.00            0.00            0.00            0.00
FilePages               24874.67           29.49           71.66            0.00        24975.81
AnonPages               25597.15           18.71            0.09            0.00        25615.95
PageTables                 79.75            0.13            0.00            0.00           79.88
WritebackTmp                0.00            0.00            0.00            0.00            0.00
MemTotal                63861.90        64493.11       514048.00       514048.00      1156451.01
MemFree                  1603.32        55756.65       513044.91       514047.78      1084452.66
MemUsed                 62258.57         8736.46         1003.09            0.22        71998.35
Dirty                       0.13            0.02            0.10            0.00            0.25
Writeback                   0.00            0.00            0.00            0.00            0.00
FilePages               24808.62           29.49          997.41            0.00        25835.52
AnonPages               27954.00           18.71            0.09            0.00        27972.80
PageTables                 84.39            0.13            0.00            0.00           84.52
WritebackTmp                0.00            0.00            0.00            0.00            0.00
MemTotal                63861.90        64493.11       514048.00       514048.00      1156451.01
MemFree                  3136.48        55756.65       513044.91       514047.78      1085985.82
MemUsed                 60725.42         8736.46         1003.09            0.22        70465.19
Dirty                       0.00            0.00            0.01            0.00            0.02
Writeback                   0.00            0.00            0.00            0.00            0.00
FilePages               21339.44           29.49          997.41            0.00        22366.33
AnonPages               29877.92           18.71            0.09            0.00        29896.72
PageTables                 88.02            0.13            0.00            0.00           88.14
WritebackTmp                0.00            0.00            0.00            0.00            0.00
MemTotal                63861.90        64493.11       514048.00       514048.00      1156451.01
MemFree                  3810.75        55756.65       513044.91       514047.78      1086660.09
MemUsed                 60051.15         8736.46         1003.09            0.22        69790.93
Dirty                       0.01            0.00            0.00            0.00            0.01
Writeback                   0.00            0.00            0.00            0.00            0.00
FilePages               18475.84           29.49          997.41            0.00        19502.74
AnonPages               32051.27           18.71            0.09            0.00        32070.07
PageTables                 92.25            0.13            0.00            0.00           92.38
WritebackTmp                0.00            0.00            0.00            0.00            0.00
MemTotal                63861.90        64493.11       514048.00       514048.00      1156451.01
MemFree                  3997.02        55756.65       513044.91       514047.78      1086846.36
MemUsed                 59864.88         8736.46         1003.09            0.22        69604.65
Dirty                       0.00            0.00            0.01            0.00            0.02
Writeback                   0.00            0.00            0.00            0.00            0.00
FilePages               16015.62           29.49          997.41            0.00        17042.52
AnonPages               34310.86           18.71            0.05            0.00        34329.62
PageTables                 96.84            0.13            0.00            0.00           96.97
WritebackTmp                0.00            0.00            0.00            0.00            0.00
MemTotal                63861.90        64493.11       514048.00       514048.00      1156451.01
MemFree                  3585.11        55756.65       513044.94       514047.78      1086434.48
MemUsed                 60276.79         8736.46         1003.06            0.22        70016.53
Dirty                       0.02            0.00            0.00            0.00            0.02
Writeback                   0.00            0.00            0.00            0.00            0.00
FilePages               14105.60           29.49          997.41            0.00        15132.49
AnonPages               36621.69           18.71            0.05            0.00        36640.45
PageTables                101.36            0.13            0.00            0.00          101.49
WritebackTmp                0.00            0.00            0.00            0.00            0.00
MemTotal                63861.90        64493.11       514048.00       514048.00      1156451.01
MemFree                  2697.01        55754.70       513044.94       514047.78      1085544.43
MemUsed                 61164.89         8738.41         1003.06            0.22        70906.58
Dirty                       0.00            0.00            0.01            0.00            0.02
Writeback                   0.00            0.00            0.00            0.00            0.00
FilePages               12665.96           31.49          997.41            0.00        13694.85
AnonPages               38934.79           18.63            0.05            0.00        38953.47
PageTables                105.91            0.13            0.00            0.00          106.04
WritebackTmp                0.00            0.00            0.00            0.00            0.00
MemTotal                63861.90        64493.11       514048.00       514048.00      1156451.01
MemFree                  1312.92        55754.70       513044.94       514047.78      1084160.34
MemUsed                 62548.98         8738.41         1003.06            0.22        72290.67
Dirty                       0.01            0.00            0.00            0.00            0.01
Writeback                   0.00            0.00            0.00            0.00            0.00
FilePages               11750.20           31.49          997.41            0.00        12779.10
AnonPages               41220.75           18.63            0.05            0.00        41239.44
PageTables                110.32            0.13            0.00            0.00          110.45
WritebackTmp                0.00            0.00            0.00            0.00            0.00
MemTotal                63861.90        64493.11       514048.00       514048.00      1156451.01
MemFree                  1000.96        55754.59       511631.82       514047.78      1082435.15
MemUsed                 62860.94         8738.52         2416.18            0.22        74015.86
Dirty                       0.00            0.00            0.01            0.00            0.02
Writeback                   0.00            0.00            0.00            0.00            0.00
FilePages                9690.62           31.49         2410.53            0.00        12132.64
AnonPages               43578.59           18.63            0.05            0.00        43597.27
PageTables                114.94            0.13            0.00            0.00          115.07
WritebackTmp                0.00            0.00            0.00            0.00            0.00
MemTotal                63861.90        64493.11       514048.00       514048.00      1156451.01
MemFree                   845.10        55754.59       509417.06       514047.78      1080064.53
MemUsed                 63016.80         8738.52         4630.94            0.22        76386.48
Dirty                       0.02            0.00            0.00            0.00            0.02
Writeback                   0.00            0.00            0.00            0.00            0.00
FilePages                7422.29           31.49         4624.74            0.00        12078.52
AnonPages               45986.71           18.63            0.05            0.00        46005.40
PageTables                119.64            0.13            0.00            0.00          119.77
WritebackTmp                0.00            0.00            0.00            0.00            0.00
MemTotal                63861.90        64493.11       514048.00       514048.00      1156451.01
MemFree                   550.06        55754.59       506645.99       514047.78      1076998.42
MemUsed                 63311.84         8738.52         7402.01            0.22        79452.59
Dirty                       0.03            0.01            0.05            0.00            0.09
Writeback                   0.00            0.00            0.00            0.00            0.00
FilePages                5251.11           31.49         7395.77            0.00        12678.36
AnonPages               48439.27           18.63            0.05            0.00        48457.95
PageTables                124.53            0.13            0.00            0.00          124.66
WritebackTmp                0.00            0.00            0.00            0.00            0.00
MemTotal                63861.90        64493.11       514048.00       514048.00      1156451.01
MemFree                   461.17        55754.59       503265.20       514047.78      1073528.73
MemUsed                 63400.73         8738.52        10782.80            0.22        82922.28
Dirty                       0.02            0.00            0.00            0.00            0.02
Writeback                   0.00            0.00            0.00            0.00            0.00
FilePages                2933.57           31.49        10777.23            0.00        13742.29
AnonPages               50826.66           18.63            0.05            0.00        50845.34
PageTables                129.01            0.13            0.00            0.00          129.14
WritebackTmp                0.00            0.00            0.00            0.00            0.00
MemTotal                63861.90        64493.11       514048.00       514048.00      1156451.01
MemFree                   463.18        55754.59       499911.41       514047.78      1070176.95
MemUsed                 63398.72         8738.52        14136.59            0.22        86274.06
Dirty                       0.00            0.00            0.02            0.00            0.02
Writeback                   0.00            0.00            0.00            0.00            0.00
FilePages                 606.53           31.49        14130.62            0.00        14768.64
AnonPages               53138.41           18.63            0.05            0.00        53157.09
PageTables                133.57            0.13            0.00            0.00          133.70
WritebackTmp                0.00            0.00            0.00            0.00            0.00
MemTotal                63861.90        64493.11       514048.00       514048.00      1156451.01
MemFree                   626.48        55754.59       495689.16       514047.78      1066118.01
MemUsed                 63235.41         8738.52        18358.84            0.22        90333.00
Dirty                       0.01            0.00            0.00            0.00            0.01
Writeback                   0.00            0.00            0.00            0.00            0.00
FilePages                 247.50           31.49        16146.60            0.00        16425.59
AnonPages               53314.29           18.63         2202.36            0.00        55535.28
PageTables                138.14            0.13            0.09            0.00          138.36
WritebackTmp                0.00            0.00            0.00            0.00            0.00
MemTotal                63861.90        64493.11       514048.00       514048.00      1156451.01
MemFree                   440.74        55754.62       491951.03       514047.78      1062194.17
MemUsed                 63421.16         8738.50        22096.97            0.22        94256.84
Dirty                       0.08            0.01            0.06            0.00            0.15
Writeback                   0.00            0.00            0.00            0.00            0.00
FilePages                 199.89           31.49        17723.90            0.00        17955.28
AnonPages               53540.43           18.63         4366.36            0.00        57925.43
PageTables                142.55            0.13            0.39            0.00          143.07
WritebackTmp                0.00            0.00            0.00            0.00            0.00
MemTotal                63861.90        64493.11       514048.00       514048.00      1156451.01
MemFree                   964.62        55747.54       505393.46       514047.78      1076153.40
MemUsed                 62897.28         8745.57         8654.54            0.22        80297.61
Dirty                       0.00            0.03            0.11            0.00            0.14
Writeback                   0.00            0.00            0.00            0.00            0.00
FilePages                   5.42           33.34          103.04            0.00          141.80
AnonPages               53303.40           18.63         8507.23            0.00        61829.26
PageTables                153.51            0.13           11.71            0.00          165.35
WritebackTmp                0.00            0.00            0.00            0.00            0.00
MemTotal                63861.90        64493.11       514048.00       514048.00      1156451.01
MemFree                  1361.10        55746.84       505053.00       514047.78      1076208.72
MemUsed                 62500.80         8746.27         8995.00            0.22        80242.29
Dirty                       0.03            0.00            0.02            0.00            0.05
Writeback                   0.00            0.00            0.00            0.00            0.00
FilePages                  10.00           33.35          103.04            0.00          146.39
AnonPages               52872.14           18.63         8860.64            0.00        61751.41
PageTables                162.49            0.13            7.93            0.00          170.54
WritebackTmp                0.00            0.00            0.00            0.00            0.00
MemTotal                63861.90        64493.11       514048.00       514048.00      1156451.01
MemFree                  1474.23        55745.12       504925.82       514047.78      1076192.95
MemUsed                 62387.67         8747.99         9122.18            0.22        80258.06
Dirty                       0.00            0.00            0.02            0.00            0.02
Writeback                   0.00            0.00            0.00            0.00            0.00
FilePages                  11.93           33.76          103.30            0.00          148.99
AnonPages               52739.82           18.61         8988.55            0.00        61746.98
PageTables                162.39            0.13            7.93            0.00          170.45
WritebackTmp                0.00            0.00            0.00            0.00            0.00
MemTotal                63861.90        64493.11       514048.00       514048.00      1156451.01
MemFree                  1477.02        55745.12       504926.32       514047.78      1076196.24
MemUsed                 62384.88         8747.99         9121.68            0.22        80254.77
Dirty                       0.01            0.00            0.01            0.00            0.02
Writeback                   0.00            0.00            0.00            0.00            0.00
FilePages                  11.93           33.77          103.30            0.00          149.00
AnonPages               52740.20           18.61         8988.55            0.00        61747.36
PageTables                162.54            0.13            7.93            0.00          170.59
WritebackTmp                0.00            0.00            0.00            0.00            0.00
