MemTotal                63854.68        64492.78       514048.00       514048.00      1156443.45
MemFree                 20478.44          218.55       274743.48       471442.25       766882.71
MemUsed                 43376.24        64274.23       239304.52        42605.75       389560.74
Dirty                       0.05            0.09            0.14            0.00            0.28
Writeback                   0.00            0.00            0.00            0.00            0.00
FilePages               29746.58        54203.32       238208.62        42559.10       364717.61
AnonPages                 680.45           67.39            3.94            0.04          751.82
PageTables                 45.88            1.86            0.54            0.00           48.28
WritebackTmp                0.00            0.00            0.00            0.00            0.00
MemTotal                63854.68        64492.78       514048.00       514048.00      1156443.45
MemFree                 12993.18          220.08       274752.20       471442.25       759407.70
MemUsed                 50861.50        64272.70       239295.80        42605.75       397035.75
Dirty                       0.08            0.11            0.16            0.00            0.34
Writeback                   0.00            0.00            0.00            0.00            0.00
FilePages               29746.61        54203.32       238208.62        42559.10       364717.65
AnonPages                8148.80           67.24            3.56            0.04         8219.63
PageTables                 59.19            1.80            0.10            0.00           61.09
WritebackTmp                0.00            0.00            0.00            0.00            0.00
MemTotal                63854.68        64492.78       514048.00       514048.00      1156443.45
MemFree                  5829.57          219.64       274754.53       471442.25       752245.99
MemUsed                 58025.10        64273.14       239293.47        42605.75       404197.46
Dirty                       0.02            0.09            0.01            0.00            0.12
Writeback                   0.00            0.00            0.00            0.00            0.00
FilePages               29746.63        54203.32       238208.62        42559.10       364717.67
AnonPages               15294.20           67.16            3.55            0.04        15364.95
PageTables                 73.37            1.74            0.10            0.00           75.21
WritebackTmp                0.00            0.00            0.00            0.00            0.00
MemTotal                63854.68        64492.78       514048.00       514048.00      1156443.45
MemFree                   331.46          220.03       298190.96       471442.25       770184.70
MemUsed                 63523.21        64272.75       215857.04        42605.75       386258.75
Dirty                       0.05            0.09            0.14            0.00            0.28
Writeback                   0.00            0.00            0.00            0.00            0.00
FilePages               28759.50        54203.32       214662.90        42559.10       340184.82
AnonPages               21772.86           67.16          103.26            0.04        21943.32
PageTables                 86.62            1.74            0.26            0.00           88.62
WritebackTmp                0.00            0.00            0.00            0.00            0.00
MemTotal                63854.68        64492.78       514048.00       514048.00      1156443.45
MemFree                   329.94          220.13       307335.30       491108.63       798994.01
MemUsed                 63524.73        64272.64       206712.70        22939.37       357449.44
Dirty                       0.39            0.09            0.03            0.00            0.51
Writeback                   0.00            0.00            0.00            0.00            0.00
FilePages               23664.57        54203.32       205180.65        22883.52       305932.06
AnonPages               26859.49           67.18          424.68            0.04        27351.39
PageTables                 96.14            1.74            0.76            0.00           98.64
WritebackTmp                0.00            0.00            0.00            0.00            0.00
MemTotal                63854.68        64492.78       514048.00       514048.00      1156443.45
MemFree                   328.65          219.97       302979.70       491108.88       794637.21
MemUsed                 63526.02        64272.80       211068.30        22939.12       361806.25
Dirty                       1.62            0.09            0.25            0.00            1.96
Writeback                   0.00            0.00            0.00            0.00            0.00
FilePages               19398.32        54203.32       209446.93        22883.52       305932.10
AnonPages               31118.07           66.79          514.17            0.02        31699.05
PageTables                104.25            1.77            0.98            0.00          107.00
WritebackTmp                0.00            0.00            0.00            0.00            0.00
MemTotal                63854.68        64492.78       514048.00       514048.00      1156443.45
MemFree                   324.29          220.78       295601.52       491109.39       787255.98
MemUsed                 63530.39        64272.00       218446.48        22938.61       369187.48
Dirty                       0.41            0.00            0.16            0.00            0.57
Writeback                   0.00            0.00            0.00            0.00            0.00
FilePages               19187.70        54203.32       209657.57        22883.52       305932.11
AnonPages               31318.95           66.89         7643.45            0.02        39029.31
PageTables                105.75            1.82           16.05            0.00          123.63
WritebackTmp                0.00            0.00            0.00            0.00            0.00
MemTotal                63854.68        64492.78       514048.00       514048.00      1156443.45
MemFree                  4381.35          219.74       294504.86       491109.88       790215.83
MemUsed                 59473.33        64273.04       219543.14        22938.12       366227.62
Dirty                       0.01            0.00            0.00            0.00            0.02
Writeback                   0.00            0.00            0.00            0.00            0.00
FilePages               19062.26        54203.34       209783.02        22883.52       305932.13
AnonPages               27264.75           66.93         8642.58            0.02        35974.29
PageTables                218.85            1.80           16.62            0.00          237.27
WritebackTmp                0.00            0.00            0.00            0.00            0.00
MemTotal                63854.68        64492.78       514048.00       514048.00      1156443.45
MemFree                  4318.71          219.38       294520.03       491110.86       790168.99
MemUsed                 59535.96        64273.40       219527.97        22937.14       366274.46
Dirty                       0.01            0.00            0.00            0.00            0.01
Writeback                   0.00            0.00            0.00            0.00            0.00
FilePages               19062.26        54203.36       209783.02        22883.52       305932.15
AnonPages               27248.96           66.86         8642.11            0.02        35957.95
PageTables                302.22            1.74           16.62            0.00          320.58
WritebackTmp                0.00            0.00            0.00            0.00            0.00
MemTotal                63854.68        64492.78       514048.00       514048.00      1156443.45
MemFree                  3481.51          218.76       294526.99       491111.60       789338.86
MemUsed                 60373.17        64274.02       219521.01        22936.40       367104.59
Dirty                     799.34            0.00            0.14            0.00          799.48
Writeback                   0.00            0.00            0.00            0.00            0.00
FilePages               19861.53        54203.37       209783.02        22883.52       306731.44
AnonPages               27256.11           66.86         8642.08            0.02        35965.07
PageTables                309.75            1.80           16.62            0.00          328.16
WritebackTmp                0.00            0.00            0.00            0.00            0.00
MemTotal                63854.68        64492.78       514048.00       514048.00      1156443.45
MemFree                  2848.48          262.00       294530.97       490389.81       788031.27
MemUsed                 61006.19        64230.77       219517.03        23658.19       368412.18
Dirty                    1166.82          659.60            0.01            0.00         1826.43
Writeback                   0.00            0.00            0.00            0.00            0.00
FilePages               20473.14        54140.91       209783.02        23605.59       308002.65
AnonPages               27265.54           66.87         8642.07            0.02        35974.50
PageTables                309.89            1.80           16.62            0.00          328.30
WritebackTmp                0.00            0.00            0.00            0.00            0.00
MemTotal                63854.68        64492.78       514048.00       514048.00      1156443.45
MemFree                  1955.21          261.97       294534.58       490390.09       787141.86
MemUsed                 61899.46        64230.81       219513.42        23657.91       369301.60
Dirty                     872.68          466.41            0.00            0.00         1339.09
Writeback                   0.00           11.78            0.00            0.00           11.78
FilePages               21341.75        54140.65       209783.02        23606.02       308871.43
AnonPages               27265.35           66.95         8642.07            0.02        35974.39
PageTables                311.71            1.80           16.62            0.00          330.13
WritebackTmp                0.00            0.00            0.00            0.00            0.00
MemTotal                63854.68        64492.78       514048.00       514048.00      1156443.45
MemFree                  1184.13          262.55       294537.85       490390.58       786375.11
MemUsed                 62670.55        64230.22       219510.15        23657.42       370068.34
Dirty                     568.98            0.00            0.00            0.00          568.99
Writeback                   0.00            0.00            0.00            0.00            0.00
FilePages               22092.07        54140.67       209783.02        23606.02       309621.77
AnonPages               27265.65           67.02         8642.07            0.02        35974.76
PageTables                309.75            1.80           16.62            0.00          328.16
WritebackTmp                0.00            0.00            0.00            0.00            0.00
MemTotal                63854.68        64492.78       514048.00       514048.00      1156443.45
MemFree                   325.49          262.04       294115.76       490391.07       785094.36
MemUsed                 63529.19        64230.73       219932.24        23656.93       371349.09
Dirty                    1402.43            0.00          381.04            0.00         1783.47
Writeback                   0.00            0.00            0.00            0.00            0.00
FilePages               22925.51        54140.68       210164.05        23606.02       310836.26
AnonPages               27265.75           67.12         8656.36            0.02        35989.25
PageTables                309.75            1.80           16.97            0.00          328.52
WritebackTmp                0.00            0.00            0.00            0.00            0.00
MemTotal                63854.68        64492.78       514048.00       514048.00      1156443.45
MemFree                   386.10          262.10       293207.80       490391.81       784247.81
MemUsed                 63468.58        64230.68       220840.20        23656.19       372195.64
Dirty                    2001.82            0.01          610.46            0.00         2612.29
Writeback                   0.00            0.00            0.00            0.00            0.00
FilePages               23173.61        54140.70       210745.27        23606.02       311665.59
AnonPages               26941.22           66.91         8965.93            0.02        35974.07
PageTables                309.46            1.74           16.96            0.00          328.16
WritebackTmp                0.00            0.00            0.00            0.00            0.00
MemTotal                63854.68        64492.78       514048.00       514048.00      1156443.45
MemFree                   323.99          262.26       292041.14       490392.30       783019.70
MemUsed                 63530.69        64230.52       222006.86        23655.70       373423.76
Dirty                    2951.36            0.01          841.83            0.00         3793.20
Writeback                   0.00            0.00            0.00            0.00            0.00
FilePages               23384.67        54140.72       211714.62        23606.02       312846.02
AnonPages               26760.91           67.00         9147.61            0.02        35975.53
PageTables                309.22            1.80           17.14            0.00          328.16
WritebackTmp                0.00            0.00            0.00            0.00            0.00
MemTotal                63854.68        64492.78       514048.00       514048.00      1156443.45
MemFree                   479.74          261.46       291171.11       490393.04       782305.35
MemUsed                 63374.94        64231.32       222876.89        23654.96       374138.11
Dirty                    3648.01            0.00          842.98            0.00         4490.99
Writeback                   0.00            0.00            0.00            0.00            0.00
FilePages               23209.56        54140.73       212587.55        23606.02       313543.86
AnonPages               26760.21           67.02         9147.75            0.02        35975.01
PageTables                309.53            1.80           17.14            0.00          328.46
WritebackTmp                0.00            0.00            0.00            0.00            0.00
MemTotal                63854.68        64492.78       514048.00       514048.00      1156443.45
MemFree                   475.44          260.36       290452.83       490393.78       781582.41
MemUsed                 63379.24        64232.42       223595.17        23654.22       374861.05
Dirty                    4345.43            0.01          857.82            0.00         5203.27
Writeback                   0.00            0.00            0.00            0.00            0.00
FilePages               23303.54        54140.73       213205.86        23606.02       314256.14
AnonPages               26668.36           67.07         9239.77            0.02        35975.21
PageTables                308.68            1.80           17.33            0.00          327.80
WritebackTmp                0.00            0.00            0.00            0.00            0.00
MemTotal                63854.68        64492.78       514048.00       514048.00      1156443.45
MemFree                  1617.20          260.77       289910.68       490394.27       782182.92
MemUsed                 62237.48        64232.01       224137.32        23653.73       374260.54
Dirty                    3660.46            0.00         1125.21            0.00         4785.66
Writeback                  13.90            0.00            0.00            0.00           13.90
FilePages               23278.93        54140.74       213933.23        23606.02       314958.92
AnonPages               25523.05           67.05         9059.62            0.02        34649.74
PageTables                309.04            1.80           17.33            0.00          328.16
WritebackTmp                0.00            0.00            0.00            0.00            0.00
MemTotal                63854.68        64492.78       514048.00       514048.00      1156443.45
MemFree                   532.55          260.05       289414.66       490394.77       780602.03
MemUsed                 63322.12        64232.73       224633.34        23653.23       375841.42
Dirty                    2032.69            0.01          354.08            0.00         2386.77
Writeback                   0.00            0.00            8.12            0.00            8.12
FilePages               23193.71        54140.75       214259.03        23606.02       315199.51
AnonPages               26692.46           69.02         9213.23            0.02        35974.73
PageTables                309.08            1.80           17.28            0.00          328.16
WritebackTmp                0.00            0.00            0.00            0.00            0.00
MemTotal                63854.68        64492.78       514048.00       514048.00      1156443.45
MemFree                   312.95          260.88       289375.09       490395.27       780344.20
MemUsed                 63541.72        64231.89       224672.91        23652.73       376099.26
Dirty                     293.27            0.00           48.91            0.00          342.18
Writeback                  20.61            0.00            1.97            0.00           22.57
FilePages               23438.95        54140.76       214271.95        23606.02       315457.68
AnonPages               26665.08           68.98         9241.15            0.02        35975.23
PageTables                309.02            1.80           17.33            0.00          328.14
WritebackTmp                0.00            0.00            0.00            0.00            0.00
MemTotal                63854.68        64492.78       514048.00       514048.00      1156443.45
MemFree                   459.38          260.35       288678.61       490395.35       779793.69
MemUsed                 63395.30        64232.43       225369.39        23652.65       376649.77
Dirty                     550.94            0.01           96.10            0.00          647.05
Writeback                   0.00            0.00            0.00            0.00            0.00
FilePages               23288.14        54140.77       214977.66        23606.02       316012.59
AnonPages               26664.79           68.91         9241.43            0.02        35975.15
PageTables                309.02            1.74           17.40            0.00          328.16
WritebackTmp                0.00            0.00            0.00            0.00            0.00
MemTotal                63854.68        64492.78       514048.00       514048.00      1156443.45
MemFree                   326.61          260.70       288133.53       490395.35       779116.19
MemUsed                 63528.06        64232.08       225914.47        23652.65       377327.27
Dirty                     120.89            0.00          284.82            0.00          405.72
Writeback                   0.00            0.00            0.00            0.00            0.00
FilePages               23427.42        54140.78       215456.68        23606.02       316630.89
AnonPages               26625.94           69.02         9280.60            0.02        35975.58
PageTables                308.97            1.83           17.64            0.00          328.45
WritebackTmp                0.00            0.00            0.00            0.00            0.00
MemTotal                63854.68        64492.78       514048.00       514048.00      1156443.45
MemFree                   453.98          259.10       287294.58       490395.35       778403.01
MemUsed                 63400.69        64233.68       226753.42        23652.65       378040.44
Dirty                     828.91            0.01          288.81            0.00         1117.73
Writeback                   0.00            0.00            0.00            0.00            0.00
FilePages               23291.90        54140.78       216304.19        23606.02       317342.88
AnonPages               26625.55           69.00         9280.69            0.02        35975.27
PageTables                308.97            1.80           17.39            0.00          328.16
WritebackTmp                0.00            0.00            0.00            0.00            0.00
MemTotal                63854.68        64492.78       514048.00       514048.00      1156443.45
MemFree                   471.02          258.71       286482.37       490395.35       777607.45
MemUsed                 63383.66        64234.07       227565.63        23652.65       378836.01
Dirty                    1557.08            0.01          310.54            0.00         1867.62
Writeback                   0.00            0.00            0.00            0.00            0.00
FilePages               23393.35        54140.79       216952.66        23606.02       318092.81
AnonPages               26474.62           68.46         9432.25            0.02        35975.35
PageTables                308.64            1.79           17.72            0.00          328.16
WritebackTmp                0.00            0.00            0.00            0.00            0.00
MemTotal                63854.68        64492.78       514048.00       514048.00      1156443.45
MemFree                   477.89          259.31       285914.25       490395.35       777046.80
MemUsed                 63376.79        64233.46       228133.75        23652.65       379396.65
Dirty                    2130.38            0.00          310.50            0.00         2440.88
Writeback                   0.00            0.00            0.00            0.00            0.00
FilePages               23382.14        54140.80       217537.38        23606.02       318666.33
AnonPages               26473.29           68.45         9432.17            0.02        35973.93
PageTables                308.75            1.80           17.72            0.00          328.27
WritebackTmp                0.00            0.00            0.00            0.00            0.00
MemTotal                63854.68        64492.78       514048.00       514048.00      1156443.45
MemFree                   343.58          259.09       285265.02       490395.35       776263.05
MemUsed                 63511.09        64233.68       228782.98        23652.65       380180.41
Dirty                    2655.39            0.00          526.65            0.00         3182.04
Writeback                   0.00            0.00            0.00            0.00            0.00
FilePages               23596.22        54140.80       218064.46        23606.02       319407.50
AnonPages               26365.94           68.46         9539.00            0.02        35973.42
PageTables                308.44            1.80           17.93            0.00          328.16
WritebackTmp                0.00            0.00            0.00            0.00            0.00
MemTotal                63854.68        64492.78       514048.00       514048.00      1156443.45
MemFree                   442.82          259.45       284768.14       490395.35       775865.77
MemUsed                 63411.85        64233.33       229279.86        23652.65       380577.69
Dirty                    2720.27            0.00          656.32            0.00         3376.59
Writeback                   0.00            0.00            0.00            0.00            0.00
FilePages               23504.52        54140.81       218566.75        23606.02       319818.10
AnonPages               26366.06           68.81         9539.45            0.02        35974.34
PageTables                308.35            1.79           17.98            0.00          328.12
WritebackTmp                0.00            0.00            0.00            0.00            0.00
MemTotal                63854.68        64492.78       514048.00       514048.00      1156443.45
MemFree                   318.75          259.08       284648.93       490395.35       775622.11
MemUsed                 63535.93        64233.70       229399.07        23652.65       380821.35
Dirty                    1459.55            0.01          442.09            0.00         1901.64
Writeback                   8.00            0.00            0.00            0.00            8.00
FilePages               23639.91        54140.82       219088.67        23606.02       320475.42
AnonPages               26322.89           68.59         9113.65            0.02        35505.16
PageTables                308.08            1.80           17.00            0.00          326.88
WritebackTmp                0.00            0.00            0.00            0.00            0.00
MemTotal                63854.68        64492.78       514048.00       514048.00      1156443.45
MemFree                   418.78          258.05       283847.94       490395.35       774920.11
MemUsed                 63435.90        64234.73       230200.06        23652.65       381523.34
Dirty                      30.35            0.00            0.00            0.00           30.36
Writeback                   0.00            0.00            0.00            0.00            0.00
FilePages               23540.87        54140.83       219440.36        23606.02       320728.07
AnonPages               26326.41           68.54         9578.46            0.02        35973.42
PageTables                308.38            1.80           17.99            0.00          328.17
WritebackTmp                0.00            0.00            0.00            0.00            0.00
MemTotal                63854.68        64492.78       514048.00       514048.00      1156443.45
MemFree                   446.75          258.06       283146.04       490395.35       774246.20
MemUsed                 63407.93        64234.71       230901.96        23652.65       382197.25
Dirty                     702.82            0.00            0.02            0.00          702.84
Writeback                   0.00            0.00            0.00            0.00            0.00
FilePages               23498.80        54140.84       220154.86        23606.02       321400.52
AnonPages               26327.04           68.48         9578.39            0.02        35973.94
PageTables                308.43            1.74           17.99            0.00          328.16
WritebackTmp                0.00            0.00            0.00            0.00            0.00
MemTotal                63854.68        64492.78       514048.00       514048.00      1156443.45
MemFree                   453.14          259.03       282302.93       490395.35       773410.44
MemUsed                 63401.54        64233.75       231745.07        23652.65       383033.02
Dirty                    1456.02            0.00           20.92            0.00         1476.94
Writeback                   0.00            0.00            0.00            0.00            0.00
FilePages               23572.71        54140.84       220855.12        23606.02       322174.69
AnonPages               26206.25           68.50         9698.91            0.02        35973.68
PageTables                308.20            1.74           18.22            0.00          328.16
WritebackTmp                0.00            0.00            0.00            0.00            0.00
MemTotal                63854.68        64492.78       514048.00       514048.00      1156443.45
MemFree                   602.13          258.59       281708.36       490395.35       772964.43
MemUsed                 63252.55        64234.19       232339.64        23652.65       383479.03
Dirty                    1880.24            0.00           20.92            0.00         1901.16
Writeback                   0.00            0.00            0.00            0.00            0.00
FilePages               23397.03        54140.85       221455.04        23606.02       322598.93
AnonPages               26220.12           68.52         9698.91            0.02        35987.57
PageTables                308.38            1.74           18.22            0.00          328.34
WritebackTmp                0.00            0.00            0.00            0.00            0.00
MemTotal                63854.68        64492.78       514048.00       514048.00      1156443.45
MemFree                   314.24          258.40       281433.10       490395.35       772401.08
MemUsed                 63540.44        64234.38       232614.90        23652.65       384042.37
Dirty                    2423.59            0.01           52.42            0.00         2476.02
Writeback                   0.00            0.00            0.00            0.00            0.00
FilePages               23319.05        54140.86       222107.88        23606.02       323173.81
AnonPages               26587.17           68.61         9317.97            0.02        35973.77
PageTables                308.85            1.79           17.43            0.00          328.07
WritebackTmp                0.00            0.00            0.00            0.00            0.00
MemTotal                63854.68        64492.78       514048.00       514048.00      1156443.45
MemFree                   573.26          258.80       280992.86       490395.35       772220.27
MemUsed                 63281.42        64233.98       233055.14        23652.65       384223.19
Dirty                    2424.05            0.00          220.36            0.00         2644.41
Writeback                   0.00            0.00            0.00            0.00            0.00
FilePages               23053.75        54140.87       222541.44        23606.02       323342.07
AnonPages               26587.67           68.62         9318.20            0.02        35974.52
PageTables                308.68            1.80           17.48            0.00          327.96
WritebackTmp                0.00            0.00            0.00            0.00            0.00
MemTotal                63854.68        64492.78       514048.00       514048.00      1156443.45
MemFree                   508.07          259.85       281057.68       490395.35       772220.95
MemUsed                 63346.61        64232.93       232990.32        23652.65       384222.51
Dirty                    2415.16            0.01          220.24            0.00         2635.41
Writeback                   8.86            0.00            0.00            0.00            8.86
FilePages               22857.39        54140.88       222737.82        23606.02       323342.10
AnonPages               26854.45           68.52         9051.74            0.02        35974.73
PageTables                309.07            2.04           16.98            0.00          328.08
WritebackTmp                0.00            0.00            0.00            0.00            0.00
MemTotal                63854.68        64492.78       514048.00       514048.00      1156443.45
MemFree                  3322.11          259.95       281281.71       490395.35       775259.12
MemUsed                 60532.57        64232.83       232766.29        23652.65       381184.33
Dirty                       0.00            0.00            0.00            0.00            0.00
Writeback                   0.00            0.00            0.00            0.00            0.00
FilePages               22792.14        54140.88       222803.09        23606.02       323342.13
AnonPages               24085.71           68.80         8751.50            0.02        32906.03
PageTables                309.05            1.82           16.98            0.00          327.84
WritebackTmp                0.00            0.00            0.00            0.00            0.00
MemTotal                63854.68        64492.78       514048.00       514048.00      1156443.45
MemFree                   578.17          258.90       281018.71       490395.35       772251.12
MemUsed                 63276.51        64233.88       233029.29        23652.65       384192.33
Dirty                       0.07            0.00            0.04            0.00            0.12
Writeback                   0.00            0.00            0.00            0.00            0.00
FilePages               22534.50        54140.88       223060.76        23606.02       323342.15
AnonPages               27114.23           68.74         8791.15            0.02        35974.14
PageTables                309.30            1.80           16.69            0.00          327.79
WritebackTmp                0.00            0.00            0.00            0.00            0.00
MemTotal                63854.68        64492.78       514048.00       514048.00      1156443.45
MemFree                   421.60          260.14       281178.94       490395.35       772256.03
MemUsed                 63433.07        64232.64       232869.06        23652.65       384187.43
Dirty                       0.02            0.00            0.02            0.00            0.05
Writeback                   0.00            0.00            0.00            0.00            0.00
FilePages               22534.52        54140.88       223060.76        23606.02       323342.17
AnonPages               27262.77           69.02         8642.32            0.02        35974.13
PageTables                309.38            1.88           16.62            0.00          327.88
WritebackTmp                0.00            0.00            0.00            0.00            0.00
