100.0
100.0
91.90633805966812
92.45290340104378
92.02458761282291
93.24043653940561
92.62081142286877
93.02508438171218
92.35283963404109
92.49752249188738
93.49884724577483
92.68881943512358
92.67028769936472
93.29446621427888
89.97533813725867
62.50454380225373
61.850195640022356
62.18363386431633
61.92043675484726
62.72764227642276
62.22857599872036
62.51938374786024
61.66176970278428
62.81299300190122
61.96229682396002
62.79126164541358
62.12980593931046
77.92648144085207
91.2575979457963
91.75136279227651
91.80923909750136
90.90209577807026
90.44675642594859
90.98215006865358
91.48332434106668
90.87672904800651
90.99916583589346
91.26671116234856
90.13288560371834
91.44411871009197
63.0173564753004
61.86850933049435
61.98417356459088
61.53591320371866
62.58402236630778
62.23047086791509
62.76243093922652
61.72704366144822
62.492820218265365
62.17035148576922
61.978450937045665
61.89242408539745
66.72852976566801
90.99874954620628
90.07066350806859
91.13323093495043
91.3927004949499
91.31009086178601
90.40936626756685
91.56366254650186
91.08228944294518
90.35889366337832
91.07328586286903
90.43622443757549
91.43121629236094
83.42691885501985
76.15494978479197
77.41290251676008
76.74699059354924
76.4071512231774
76.17566531595664
75.8419458303635
76.10284288387844
76.18277219064277
77.20715395897638
78.06186938684998
76.5676711374325
75.8871162413044
69.26136363636364
