MemTotal                63888.29        64466.73       514048.00       514048.00      1156451.01
MemFree                 53949.09        55594.83       514040.50       514047.75      1137632.16
MemUsed                  9939.20         8871.90            7.50            0.25        18818.85
Dirty                       0.09            0.02            0.00            0.00            0.11
Writeback                   0.00            0.00            0.00            0.00            0.00
FilePages                 318.62           31.68            0.04            0.00          350.34
AnonPages                 561.09           58.89            0.00            0.00          619.98
PageTables                 27.92            2.55            0.00            0.00           30.48
WritebackTmp                0.00            0.00            0.00            0.00            0.00
MemTotal                63888.29        64466.73       514048.00       514048.00      1156451.01
MemFree                 23979.25        55595.16       514040.98       514047.94      1107663.32
MemUsed                 39909.04         8871.57            7.02            0.06        48787.69
Dirty                       0.12            0.01            0.00            0.00            0.13
Writeback                   0.00            0.00            0.00            0.00            0.00
FilePages                 319.75           31.68            0.04            0.00          351.46
AnonPages               30409.86           58.89            0.00            0.00        30468.75
PageTables                 86.32            2.55            0.00            0.00           88.87
WritebackTmp                0.00            0.00            0.00            0.00            0.00
MemTotal                63888.29        64466.73       514048.00       514048.00      1156451.01
MemFree                 24083.82        55595.16       511007.04       514047.94      1104733.96
MemUsed                 39804.47         8871.57         3040.96            0.06        51717.05
Dirty                       0.10            0.02            0.02            0.00            0.13
Writeback                   0.00            0.00            0.00            0.00            0.00
FilePages                 315.95           31.68            3.85            0.00          351.47
AnonPages               30299.62           58.89         3032.00            0.00        33390.52
PageTables                 92.23            2.55            0.00            0.00           94.79
WritebackTmp                0.00            0.00            0.00            0.00            0.00
MemTotal                63888.29        64466.73       514048.00       514048.00      1156451.01
MemFree                 24025.85        55594.91       511061.04       514047.94      1104729.74
MemUsed                 39862.44         8871.81         2986.96            0.06        51721.27
Dirty                       0.07            0.01            0.00            0.00            0.08
Writeback                   0.00            0.01            0.00            0.00            0.01
FilePages                 315.95           31.95            3.85            0.00          351.75
AnonPages               30357.77           58.89         2974.00            0.00        33390.66
PageTables                 92.21            2.55            0.00            0.00           94.76
WritebackTmp                0.00            0.00            0.00            0.00            0.00
MemTotal                63888.29        64466.73       514048.00       514048.00      1156451.01
MemFree                 24025.36        55594.91       511059.04       514047.94      1104727.26
MemUsed                 39862.92         8871.81         2988.96            0.06        51723.75
Dirty                       0.00            0.01            0.02            0.00            0.03
Writeback                   0.00            0.00            0.00            0.00            0.00
FilePages                 315.96           31.95            3.85            0.00          351.76
AnonPages               30353.88           58.89         2978.00            0.00        33390.77
PageTables                 92.21            2.55            0.00            0.00           94.76
WritebackTmp                0.00            0.00            0.00            0.00            0.00
MemTotal                63888.29        64466.73       514048.00       514048.00      1156451.01
MemFree                 24074.90        55594.42       511009.04       514047.94      1104726.30
MemUsed                 39813.39         8872.30         3038.96            0.06        51724.71
Dirty                       0.09            0.02            0.00            0.00            0.11
Writeback                   0.00            0.00            0.00            0.00            0.00
FilePages                 316.63           32.14            3.85            0.00          352.62
AnonPages               30308.14           58.95         3026.00            0.00        33393.10
PageTables                 92.21            2.55            0.00            0.00           94.77
WritebackTmp                0.00            0.00            0.00            0.00            0.00
MemTotal                63888.29        64466.73       514048.00       514048.00      1156451.01
MemFree                 24056.46        55594.42       511031.04       514047.94      1104729.86
MemUsed                 39831.82         8872.30         3016.96            0.06        51721.15
Dirty                       0.05            0.02            0.02            0.00            0.09
Writeback                   0.00            0.00            0.00            0.00            0.00
FilePages                 316.77           32.14            3.85            0.00          352.77
AnonPages               30324.33           58.95         3010.00            0.00        33393.28
PageTables                 92.23            2.55            0.00            0.00           94.79
WritebackTmp                0.00            0.00            0.00            0.00            0.00
MemTotal                63888.29        64466.73       514048.00       514048.00      1156451.01
MemFree                 24003.20        55594.67       511077.29       514047.94      1104723.09
MemUsed                 39885.09         8872.06         2970.71            0.06        51727.92
Dirty                       0.07            0.01            0.00            0.00            0.09
Writeback                   0.00            0.00            0.00            0.00            0.00
FilePages                 316.78           32.14            3.85            0.00          352.78
AnonPages               30376.40           58.96         2958.00            0.00        33393.36
PageTables                 92.20            2.55            0.00            0.00           94.76
WritebackTmp                0.00            0.00            0.00            0.00            0.00
MemTotal                63888.29        64466.73       514048.00       514048.00      1156451.01
MemFree                 24010.56        55594.67       511071.29       514047.94      1104724.46
MemUsed                 39877.72         8872.06         2976.71            0.06        51726.55
Dirty                       0.00            0.00            0.02            0.00            0.02
Writeback                   0.00            0.00            0.00            0.00            0.00
FilePages                 316.79           32.14            3.85            0.00          352.79
AnonPages               30368.58           58.97         2966.00            0.00        33393.55
PageTables                 92.29            2.55            0.00            0.00           94.85
WritebackTmp                0.00            0.00            0.00            0.00            0.00
MemTotal                63888.29        64466.73       514048.00       514048.00      1156451.01
MemFree                 24016.56        55594.91       511065.54       514047.94      1104724.95
MemUsed                 39871.73         8871.81         2982.46            0.06        51726.07
Dirty                       0.02            0.00            0.00            0.00            0.02
Writeback                   0.00            0.00            0.00            0.00            0.00
FilePages                 316.80           32.14            3.85            0.00          352.79
AnonPages               30364.59           58.97         2970.00            0.00        33393.56
PageTables                 92.21            2.55            0.00            0.00           94.76
WritebackTmp                0.00            0.00            0.00            0.00            0.00
MemTotal                63888.29        64466.73       514048.00       514048.00      1156451.01
MemFree                 24023.73        55594.98       511059.54       514047.94      1104726.18
MemUsed                 39864.55         8871.75         2988.46            0.06        51724.83
Dirty                       0.05            0.02            0.02            0.00            0.09
Writeback                   0.00            0.00            0.00            0.00            0.00
FilePages                 316.80           32.14            3.86            0.00          352.80
AnonPages               30358.64           58.97         2976.00            0.00        33393.61
PageTables                 92.16            2.55            0.00            0.00           94.72
WritebackTmp                0.00            0.00            0.00            0.00            0.00
MemTotal                63888.29        64466.73       514048.00       514048.00      1156451.01
MemFree                 24023.12        55594.73       511059.54       514047.94      1104725.33
MemUsed                 39865.16         8872.00         2988.46            0.06        51725.68
Dirty                       0.07            0.02            0.00            0.00            0.10
Writeback                   0.00            0.00            0.00            0.00            0.00
FilePages                 317.27           32.14            3.86            0.00          353.27
AnonPages               30358.82           59.00         2976.00            0.00        33393.82
PageTables                 92.25            2.55            0.00            0.00           94.81
WritebackTmp                0.00            0.00            0.00            0.00            0.00
MemTotal                63888.29        64466.73       514048.00       514048.00      1156451.01
MemFree                 24024.75        55594.73       511053.54       514047.94      1104720.95
MemUsed                 39863.54         8872.00         2994.46            0.06        51730.06
Dirty                       0.00            0.00            0.02            0.00            0.02
Writeback                   0.00            0.00            0.00            0.00            0.00
FilePages                 317.27           32.14            3.86            0.00          353.27
AnonPages               30354.91           59.03         2980.00            0.00        33393.93
PageTables                 92.21            2.55            0.00            0.00           94.76
WritebackTmp                0.00            0.00            0.00            0.00            0.00
MemTotal                63888.29        64466.73       514048.00       514048.00      1156451.01
MemFree                 24019.85        55594.98       511060.03       514047.94      1104722.79
MemUsed                 39868.44         8871.75         2987.97            0.06        51728.22
Dirty                       0.01            0.00            0.00            0.00            0.01
Writeback                   0.00            0.00            0.00            0.00            0.00
FilePages                 317.28           32.14            3.86            0.00          353.28
AnonPages               30358.96           59.04         2976.00            0.00        33394.00
PageTables                 92.18            2.55            0.00            0.00           94.73
WritebackTmp                0.00            0.00            0.00            0.00            0.00
MemTotal                63888.29        64466.73       514048.00       514048.00      1156451.01
MemFree                 24021.32        55594.98       511056.03       514047.94      1104720.27
MemUsed                 39866.96         8871.75         2991.97            0.06        51730.74
Dirty                       0.00            0.00            0.02            0.00            0.02
Writeback                   0.00            0.00            0.00            0.00            0.00
FilePages                 317.29           32.14            3.86            0.00          353.29
AnonPages               30358.37           59.05         2976.00            0.00        33393.42
PageTables                 92.24            2.55            0.00            0.00           94.80
WritebackTmp                0.00            0.00            0.00            0.00            0.00
MemTotal                63888.29        64466.73       514048.00       514048.00      1156451.01
MemFree                 24023.82        55594.98       511056.03       514047.94      1104722.77
MemUsed                 39864.46         8871.75         2991.97            0.06        51728.25
Dirty                       0.00            0.00            0.02            0.00            0.02
Writeback                   0.00            0.00            0.00            0.00            0.00
FilePages                 317.30           32.14            3.86            0.00          353.30
AnonPages               30357.64           59.05         2976.00            0.00        33392.69
PageTables                 92.29            2.55            0.00            0.00           94.85
WritebackTmp                0.00            0.00            0.00            0.00            0.00
MemTotal                63888.29        64466.73       514048.00       514048.00      1156451.01
MemFree                 24021.60        55594.98       511052.27       514047.94      1104716.79
MemUsed                 39866.69         8871.75         2995.73            0.06        51734.22
Dirty                       0.00            0.00            0.00            0.00            0.00
Writeback                   0.00            0.00            0.00            0.00            0.00
FilePages                 317.30           32.14            3.86            0.00          353.31
AnonPages               30357.66           59.05         2976.00            0.00        33392.71
PageTables                 92.21            2.55            0.00            0.00           94.77
WritebackTmp                0.00            0.00            0.00            0.00            0.00
MemTotal                63888.29        64466.73       514048.00       514048.00      1156451.01
MemFree                 24023.52        55594.98       511054.52       514047.94      1104720.96
MemUsed                 39864.77         8871.75         2993.48            0.06        51730.05
Dirty                       0.01            0.00            0.02            0.00            0.02
Writeback                   0.00            0.00            0.00            0.00            0.00
FilePages                 317.31           32.14            3.86            0.00          353.32
AnonPages               30357.64           59.03         2976.00            0.00        33392.67
PageTables                 92.21            2.55            0.00            0.00           94.76
WritebackTmp                0.00            0.00            0.00            0.00            0.00
MemTotal                63888.29        64466.73       514048.00       514048.00      1156451.01
MemFree                 24021.45        55594.98       511052.52       514047.94      1104716.89
MemUsed                 39866.83         8871.75         2995.48            0.06        51734.12
Dirty                       0.00            0.00            0.00            0.00            0.00
Writeback                   0.00            0.00            0.00            0.00            0.00
FilePages                 317.32           32.14            3.86            0.00          353.32
AnonPages               30357.79           59.03         2976.00            0.00        33392.82
PageTables                 92.27            2.55            0.00            0.00           94.82
WritebackTmp                0.00            0.00            0.00            0.00            0.00
MemTotal                63888.29        64466.73       514048.00       514048.00      1156451.01
MemFree                 24022.84        55594.98       511058.52       514047.94      1104724.29
MemUsed                 39865.44         8871.75         2989.48            0.06        51726.73
Dirty                       0.00            0.00            0.02            0.00            0.02
Writeback                   0.00            0.00            0.00            0.00            0.00
FilePages                 317.33           32.14            3.86            0.00          353.34
AnonPages               30357.87           59.03         2976.00            0.00        33392.90
PageTables                 92.23            2.55            0.00            0.00           94.79
WritebackTmp                0.00            0.00            0.00            0.00            0.00
MemTotal                63888.29        64466.73       514048.00       514048.00      1156451.01
MemFree                 24020.42        55594.98       511058.77       514047.94      1104722.10
MemUsed                 39867.87         8871.75         2989.23            0.06        51728.91
Dirty                       0.00            0.00            0.00            0.00            0.00
Writeback                   0.00            0.00            0.00            0.00            0.00
FilePages                 317.34           32.14            3.86            0.00          353.34
AnonPages               30357.89           59.03         2976.00            0.00        33392.92
PageTables                 92.17            2.55            0.00            0.00           94.72
WritebackTmp                0.00            0.00            0.00            0.00            0.00
MemTotal                63888.29        64466.73       514048.00       514048.00      1156451.01
MemFree                 24022.20        55594.98       511059.01       514047.94      1104724.13
MemUsed                 39866.09         8871.75         2988.99            0.06        51726.88
Dirty                       0.07            0.02            0.02            0.00            0.10
Writeback                   0.00            0.00            0.00            0.00            0.00
FilePages                 317.34           32.14            3.86            0.00          353.35
AnonPages               30357.99           59.03         2976.00            0.00        33393.02
PageTables                 92.17            2.55            0.00            0.00           94.72
WritebackTmp                0.00            0.00            0.00            0.00            0.00
MemTotal                63888.29        64466.73       514048.00       514048.00      1156451.01
MemFree                 24020.21        55594.98       511057.01       514047.94      1104720.14
MemUsed                 39868.07         8871.75         2990.99            0.06        51730.87
Dirty                       0.00            0.00            0.00            0.00            0.00
Writeback                   0.00            0.00            0.00            0.00            0.00
FilePages                 317.35           32.14            3.86            0.00          353.36
AnonPages               30358.14           59.03         2976.00            0.00        33393.18
PageTables                 92.21            2.55            0.00            0.00           94.76
WritebackTmp                0.00            0.00            0.00            0.00            0.00
MemTotal                63888.29        64466.73       514048.00       514048.00      1156451.01
MemFree                 24022.48        55595.48       511057.26       514047.94      1104723.15
MemUsed                 39865.80         8871.25         2990.74            0.06        51727.86
Dirty                       0.00            0.00            0.02            0.00            0.02
Writeback                   0.00            0.00            0.00            0.00            0.00
FilePages                 317.36           32.14            3.86            0.00          353.37
AnonPages               30358.54           59.03         2976.00            0.00        33393.57
PageTables                 92.27            2.55            0.00            0.00           94.82
WritebackTmp                0.00            0.00            0.00            0.00            0.00
MemTotal                63888.29        64466.73       514048.00       514048.00      1156451.01
MemFree                 24022.27        55595.48       511055.01       514047.94      1104720.69
MemUsed                 39866.02         8871.25         2992.99            0.06        51730.32
Dirty                       0.00            0.00            0.00            0.00            0.00
Writeback                   0.00            0.00            0.00            0.00            0.00
FilePages                 317.37           32.14            3.87            0.00          353.38
AnonPages               30358.67           59.03         2976.00            0.00        33393.70
PageTables                 92.29            2.55            0.00            0.00           94.85
WritebackTmp                0.00            0.00            0.00            0.00            0.00
MemTotal                63888.29        64466.73       514048.00       514048.00      1156451.01
MemFree                 24020.88        55595.48       511055.26       514047.94      1104719.55
MemUsed                 39867.41         8871.25         2992.74            0.06        51731.46
Dirty                       0.01            0.00            0.02            0.00            0.03
Writeback                   0.00            0.00            0.00            0.00            0.00
FilePages                 317.38           32.14            3.87            0.00          353.39
AnonPages               30358.68           59.03         2976.00            0.00        33393.71
PageTables                 92.21            2.55            0.00            0.00           94.77
WritebackTmp                0.00            0.00            0.00            0.00            0.00
MemTotal                63888.29        64466.73       514048.00       514048.00      1156451.01
MemFree                 24021.14        55595.48       511063.74       514047.94      1104728.29
MemUsed                 39867.15         8871.25         2984.26            0.06        51722.72
Dirty                       0.00            0.00            0.00            0.00            0.00
Writeback                   0.00            0.00            0.00            0.00            0.00
FilePages                 317.39           32.14            3.87            0.00          353.40
AnonPages               30360.77           59.03         2974.00            0.00        33393.80
PageTables                 92.18            2.55            0.00            0.00           94.73
WritebackTmp                0.00            0.00            0.00            0.00            0.00
MemTotal                63888.29        64466.73       514048.00       514048.00      1156451.01
MemFree                 24022.24        55595.48       511057.74       514047.94      1104723.40
MemUsed                 39866.04         8871.25         2990.26            0.06        51727.61
Dirty                       0.00            0.00            0.02            0.00            0.02
Writeback                   0.00            0.00            0.00            0.00            0.00
FilePages                 317.39           32.14            3.87            0.00          353.41
AnonPages               30358.84           59.03         2976.00            0.00        33393.87
PageTables                 92.22            2.55            0.00            0.00           94.77
WritebackTmp                0.00            0.00            0.00            0.00            0.00
MemTotal                63888.29        64466.73       514048.00       514048.00      1156451.01
MemFree                 24024.25        55595.48       511059.74       514047.94      1104727.40
MemUsed                 39864.04         8871.25         2988.26            0.06        51723.61
Dirty                       0.00            0.00            0.00            0.00            0.00
Writeback                   0.00            0.00            0.00            0.00            0.00
FilePages                 317.41           32.14            3.87            0.00          353.43
AnonPages               30357.93           59.04         2976.00            0.00        33392.96
PageTables                 92.12            2.55            0.00            0.00           94.68
WritebackTmp                0.00            0.00            0.00            0.00            0.00
MemTotal                63888.29        64466.73       514048.00       514048.00      1156451.01
MemFree                 24021.76        55595.48       511059.50       514047.94      1104724.67
MemUsed                 39866.52         8871.25         2988.50            0.06        51726.34
Dirty                       0.01            0.00            0.02            0.00            0.03
Writeback                   0.00            0.00            0.00            0.00            0.00
FilePages                 317.42           32.14            3.88            0.00          353.44
AnonPages               30358.21           59.04         2976.00            0.00        33393.25
PageTables                 92.25            2.55            0.00            0.00           94.81
WritebackTmp                0.00            0.00            0.00            0.00            0.00
MemTotal                63888.29        64466.73       514048.00       514048.00      1156451.01
MemFree                 24023.30        55595.48       511059.50       514047.94      1104726.21
MemUsed                 39864.99         8871.25         2988.50            0.06        51724.80
Dirty                       0.00            0.00            0.00            0.00            0.00
Writeback                   0.00            0.00            0.00            0.00            0.00
FilePages                 317.43           32.14            3.88            0.00          353.45
AnonPages               30358.39           59.04         2976.00            0.00        33393.43
PageTables                 92.30            2.55            0.00            0.00           94.85
WritebackTmp                0.00            0.00            0.00            0.00            0.00
MemTotal                63888.29        64466.73       514048.00       514048.00      1156451.01
MemFree                 24023.39        55595.48       511059.73       514047.94      1104726.54
MemUsed                 39864.89         8871.25         2988.27            0.06        51724.48
Dirty                       0.00            0.00            0.02            0.00            0.02
Writeback                   0.00            0.00            0.00            0.00            0.00
FilePages                 317.44           32.14            3.88            0.00          353.46
AnonPages               30358.42           59.04         2976.00            0.00        33393.45
PageTables                 92.21            2.55            0.00            0.00           94.77
WritebackTmp                0.00            0.00            0.00            0.00            0.00
MemTotal                63888.29        64466.73       514048.00       514048.00      1156451.01
MemFree                 24023.04        55595.23       511057.73       514047.94      1104723.93
MemUsed                 39865.25         8871.50         2990.27            0.06        51727.08
Dirty                       0.00            0.00            0.00            0.00            0.00
Writeback                   0.00            0.00            0.00            0.00            0.00
FilePages                 317.45           32.14            3.88            0.00          353.46
AnonPages               30358.50           59.04         2976.00            0.00        33393.54
PageTables                 92.17            2.55            0.00            0.00           94.72
WritebackTmp                0.00            0.00            0.00            0.00            0.00
MemTotal                63888.29        64466.73       514048.00       514048.00      1156451.01
MemFree                 24023.06        55595.23       511057.73       514047.94      1104723.95
MemUsed                 39865.23         8871.50         2990.27            0.06        51727.06
Dirty                       0.01            0.00            0.02            0.00            0.03
Writeback                   0.00            0.00            0.00            0.00            0.00
FilePages                 317.45           32.14            3.88            0.00          353.48
AnonPages               30358.81           59.04         2976.00            0.00        33393.85
PageTables                 92.29            2.55            0.00            0.00           94.85
WritebackTmp                0.00            0.00            0.00            0.00            0.00
MemTotal                63888.29        64466.73       514048.00       514048.00      1156451.01
MemFree                 24022.82        55595.23       511057.73       514047.94      1104723.71
MemUsed                 39865.47         8871.50         2990.27            0.06        51727.30
Dirty                       0.00            0.00            0.02            0.00            0.02
Writeback                   0.00            0.00            0.00            0.00            0.00
FilePages                 317.46           32.14            3.88            0.00          353.48
AnonPages               30358.95           59.04         2976.00            0.00        33393.98
PageTables                 92.30            2.55            0.00            0.00           94.86
WritebackTmp                0.00            0.00            0.00            0.00            0.00
MemTotal                63888.29        64466.73       514048.00       514048.00      1156451.01
MemFree                 24020.62        55595.72       511057.73       514047.94      1104722.01
MemUsed                 39867.66         8871.00         2990.27            0.06        51729.00
Dirty                       0.00            0.00            0.00            0.00            0.00
Writeback                   0.00            0.00            0.00            0.00            0.00
FilePages                 317.47           32.14            3.88            0.00          353.49
AnonPages               30358.97           59.04         2976.00            0.00        33394.01
PageTables                 92.21            2.55            0.00            0.00           94.76
WritebackTmp                0.00            0.00            0.00            0.00            0.00
MemTotal                63888.29        64466.73       514048.00       514048.00      1156451.01
MemFree                 24023.39        55595.75       511055.73       514047.94      1104722.80
MemUsed                 39864.90         8870.98         2992.27            0.06        51728.21
Dirty                       0.00            0.00            0.02            0.00            0.02
Writeback                   0.00            0.00            0.00            0.00            0.00
FilePages                 317.48           32.14            3.88            0.00          353.50
AnonPages               30359.09           59.04         2976.00            0.00        33394.13
PageTables                 92.21            2.55            0.00            0.00           94.76
WritebackTmp                0.00            0.00            0.00            0.00            0.00
MemTotal                63888.29        64466.73       514048.00       514048.00      1156451.01
MemFree                 24023.21        55595.75       511059.73       514047.94      1104726.62
MemUsed                 39865.07         8870.98         2988.27            0.06        51724.39
Dirty                       0.01            0.00            0.00            0.00            0.01
Writeback                   0.00            0.00            0.00            0.00            0.00
FilePages                 317.48           32.14            3.88            0.00          353.51
AnonPages               30359.34           59.04         2976.00            0.00        33394.38
PageTables                 92.29            2.55            0.00            0.00           94.85
WritebackTmp                0.00            0.00            0.00            0.00            0.00
MemTotal                63888.29        64466.73       514048.00       514048.00      1156451.01
MemFree                 53948.14        55595.75       514031.73       514047.94      1137623.55
MemUsed                  9940.14         8870.98           16.27            0.06        18827.46
Dirty                       0.00            0.00            0.02            0.00            0.02
Writeback                   0.00            0.00            0.00            0.00            0.00
FilePages                 318.51           32.14            3.88            0.00          354.54
AnonPages                 563.28           59.04            0.00            0.00          622.32
PageTables                 28.22            2.55            0.00            0.00           30.77
WritebackTmp                0.00            0.00            0.00            0.00            0.00
