MemTotal                63888.29        64461.80       514048.00       514048.00      1156446.08
MemFree                 53949.37        55741.69       514047.97       514047.97      1137787.00
MemUsed                  9938.92         8720.11            0.03            0.03        18659.09
Dirty                       0.17            0.02            0.00            0.00            0.18
Writeback                   0.00            0.00            0.00            0.00            0.00
FilePages                 330.21           29.07            0.00            0.00          359.28
AnonPages                 577.16           36.23            0.00            0.00          613.39
PageTables                 28.38            2.79            0.00            0.00           31.17
WritebackTmp                0.00            0.00            0.00            0.00            0.00
MemTotal                63888.29        64461.80       514048.00       514048.00      1156446.08
MemFree                 48808.37        55738.33       513457.84       514047.97      1132052.51
MemUsed                 15079.91         8723.46          590.16            0.03        24393.57
Dirty                       0.32            0.01            0.00            0.00            0.33
Writeback                   0.00            0.00            0.00            0.00            0.00
FilePages                 330.85           29.08            0.00            0.00          359.93
AnonPages                5693.07           36.23          589.48            0.00         6318.79
PageTables                 39.75            2.79            0.00            0.00           42.54
WritebackTmp                0.00            0.00            0.00            0.00            0.00
MemTotal                63888.29        64461.80       514048.00       514048.00      1156446.08
MemFree                 48793.40        55755.52       509940.42       514047.75      1128537.09
MemUsed                 15094.89         8706.28         4107.58            0.25        27909.00
Dirty                       0.47            0.04            0.02            0.00            0.53
Writeback                   0.00            0.00            0.00            0.00            0.00
FilePages                 333.05           29.72            3.23            0.00          366.00
AnonPages                5705.77           36.22         4100.32            0.00         9842.31
PageTables                 46.59            2.79            0.00            0.00           49.39
WritebackTmp                0.00            0.00            0.00            0.00            0.00
MemTotal                63888.29        64461.80       514048.00       514048.00      1156446.08
MemFree                 48779.63        55755.87       506484.52       514047.75      1125067.77
MemUsed                 15108.65         8705.93         7563.48            0.25        31378.31
Dirty                       0.19            0.01            0.00            0.00            0.20
Writeback                   0.00            0.00            0.00            0.00            0.00
FilePages                 333.39           29.72            3.23            0.00          366.34
AnonPages                5705.11           36.29         7556.86            0.00        13298.26
PageTables                 53.76            2.81            0.00            0.00           56.57
WritebackTmp                0.00            0.00            0.00            0.00            0.00
MemTotal                63888.29        64461.80       514048.00       514048.00      1156446.08
MemFree                 48765.95        55756.08       503421.89       514047.75      1121991.66
MemUsed                 15122.34         8705.71        10626.11            0.25        34454.42
Dirty                       0.11            0.01            0.02            0.00            0.13
Writeback                   0.00            0.00            0.00            0.00            0.00
FilePages                 333.54           29.72            3.23            0.00          366.48
AnonPages                5705.48           36.29        10618.91            0.00        16360.68
PageTables                 59.45            2.81            0.00            0.00           62.26
WritebackTmp                0.00            0.00            0.00            0.00            0.00
MemTotal                63888.29        64461.80       514048.00       514048.00      1156446.08
MemFree                 48752.57        55757.05       500212.51       514047.75      1118769.88
MemUsed                 15135.71         8704.75        13835.49            0.25        37676.20
Dirty                       0.17            0.01            0.00            0.00            0.18
Writeback                   0.00            0.00            0.00            0.00            0.00
FilePages                 333.54           29.72            3.24            0.00          366.50
AnonPages                5706.32           36.29        13826.80            0.00        19569.41
PageTables                 65.78            2.81            0.00            0.00           68.59
WritebackTmp                0.00            0.00            0.00            0.00            0.00
MemTotal                63888.29        64461.80       514048.00       514048.00      1156446.08
MemFree                 48738.97        55757.46       496820.85       514047.75      1115365.03
MemUsed                 15149.32         8704.33        17227.15            0.25        41081.05
Dirty                       0.10            0.01            0.02            0.00            0.12
Writeback                   0.00            0.00            0.00            0.00            0.00
FilePages                 333.75           29.72            3.24            0.00          366.71
AnonPages                5706.82           36.34        17217.82            0.00        22960.99
PageTables                 72.29            2.82            0.00            0.00           75.11
WritebackTmp                0.00            0.00            0.00            0.00            0.00
MemTotal                63888.29        64461.80       514048.00       514048.00      1156446.08
MemFree                 48727.30        55757.74       493938.57       514047.75      1112471.36
MemUsed                 15160.98         8704.06        20109.43            0.25        43974.72
Dirty                       0.27            0.01            0.00            0.00            0.28
Writeback                   0.00            0.00            0.00            0.00            0.00
FilePages                 333.77           29.72            3.24            0.00          366.73
AnonPages                5706.64           36.35        20100.57            0.00        25843.57
PageTables                 78.08            2.82            0.00            0.00           80.91
WritebackTmp                0.00            0.00            0.00            0.00            0.00
MemTotal                63888.29        64461.80       514048.00       514048.00      1156446.08
MemFree                 48715.74        55758.23       491273.58       514047.75      1109795.31
MemUsed                 15172.54         8703.56        22774.42            0.25        46650.77
Dirty                       0.29            0.01            0.02            0.00            0.31
Writeback                   0.00            0.00            0.00            0.00            0.00
FilePages                 333.79           29.72            3.24            0.00          366.75
AnonPages                5706.70           36.34        22765.44            0.00        28508.48
PageTables                 83.80            2.79            0.00            0.00           86.59
WritebackTmp                0.00            0.00            0.00            0.00            0.00
MemTotal                63888.29        64461.80       514048.00       514048.00      1156446.08
MemFree                 48704.98        55758.59       488421.25       514047.94      1106932.75
MemUsed                 15183.30         8703.21        25626.75            0.06        49513.33
Dirty                       0.27            0.01            0.00            0.00            0.28
Writeback                   0.00            0.00            0.00            0.00            0.00
FilePages                 334.03           29.72            3.24            0.00          366.99
AnonPages                5706.27           36.41        25617.39            0.00        31360.07
PageTables                 88.74            2.83            0.00            0.00           91.57
WritebackTmp                0.00            0.00            0.00            0.00            0.00
MemTotal                63888.29        64461.80       514048.00       514048.00      1156446.08
MemFree                 48696.75        55758.60       486384.62       514047.94      1104887.91
MemUsed                 15191.53         8703.20        27663.38            0.06        51558.17
Dirty                       0.16            0.01            0.02            0.00            0.19
Writeback                   0.00            0.00            0.00            0.00            0.00
FilePages                 334.44           29.72            3.25            0.00          367.41
AnonPages                5705.25           36.41        27654.60            0.00        33396.26
PageTables                 92.77            2.83            0.00            0.00           95.61
WritebackTmp                0.00            0.00            0.00            0.00            0.00
MemTotal                63888.29        64461.80       514048.00       514048.00      1156446.08
MemFree                 48701.03        55758.60       486380.93       514047.94      1104888.49
MemUsed                 15187.26         8703.20        27667.07            0.06        51557.59
Dirty                       0.05            0.00            0.00            0.00            0.05
Writeback                   0.00            0.00            0.00            0.00            0.00
FilePages                 334.46           29.72            3.25            0.00          367.42
AnonPages                5701.02           36.42        27658.37            0.00        33395.81
PageTables                 92.74            2.84            0.00            0.00           95.58
WritebackTmp                0.00            0.00            0.00            0.00            0.00
MemTotal                63888.29        64461.80       514048.00       514048.00      1156446.08
MemFree                 48674.23        55758.85       486376.73       514047.94      1104857.75
MemUsed                 15214.05         8702.95        27671.27            0.06        51588.34
Dirty                       0.00            0.00            0.02            0.00            0.02
Writeback                   0.00            0.00            0.00            0.00            0.00
FilePages                 371.41           29.72            3.25            0.00          404.37
AnonPages                5696.80           36.47        27664.22            0.00        33397.50
PageTables                 92.71            2.84            0.00            0.00           95.55
WritebackTmp                0.00            0.00            0.00            0.00            0.00
MemTotal                63888.29        64461.80       514048.00       514048.00      1156446.08
MemFree                 48675.84        55758.89       486373.74       514047.94      1104856.41
MemUsed                 15212.45         8702.91        27674.26            0.06        51589.67
Dirty                       0.23            0.02            0.00            0.00            0.24
Writeback                   0.00            0.00            0.00            0.00            0.00
FilePages                 371.42           29.72            3.25            0.00          404.39
AnonPages                5693.70           36.48        27668.10            0.00        33398.27
PageTables                 92.87            2.85            0.00            0.00           95.72
WritebackTmp                0.00            0.00            0.00            0.00            0.00
MemTotal                63888.29        64461.80       514048.00       514048.00      1156446.08
MemFree                 48681.07        55758.97       486370.10       514047.94      1104858.07
MemUsed                 15207.22         8702.83        27677.90            0.06        51588.01
Dirty                       0.17            0.01            0.02            0.00            0.19
Writeback                   0.00            0.00            0.00            0.00            0.00
FilePages                 371.43           29.72            3.25            0.00          404.40
AnonPages                5687.82           36.40        27672.05            0.00        33396.28
PageTables                 93.32            2.85            0.00            0.00           96.16
WritebackTmp                0.00            0.00            0.00            0.00            0.00
MemTotal                63888.29        64461.80       514048.00       514048.00      1156446.08
MemFree                 48685.86        55759.48       486364.49       514047.94      1104857.76
MemUsed                 15202.43         8702.32        27683.51            0.06        51588.32
Dirty                       0.21            0.01            0.00            0.00            0.23
Writeback                   0.00            0.00            0.00            0.00            0.00
FilePages                 371.95           29.72            3.25            0.00          404.91
AnonPages                5682.14           36.49        27677.85            0.00        33396.48
PageTables                 92.62            2.87            0.00            0.00           95.50
WritebackTmp                0.00            0.00            0.00            0.00            0.00
MemTotal                63888.29        64461.80       514048.00       514048.00      1156446.08
MemFree                 48689.15        55759.48       486360.97       514047.94      1104857.55
MemUsed                 15199.13         8702.31        27687.03            0.06        51588.54
Dirty                       0.27            0.01            0.02            0.00            0.30
Writeback                   0.00            0.00            0.00            0.00            0.00
FilePages                 372.16           29.72            3.25            0.00          405.13
AnonPages                5678.21           36.49        27681.82            0.00        33396.52
PageTables                 92.75            2.87            0.00            0.00           95.62
WritebackTmp                0.00            0.00            0.00            0.00            0.00
MemTotal                63888.29        64461.80       514048.00       514048.00      1156446.08
MemFree                 48696.82        55759.48       486355.04       514047.94      1104859.28
MemUsed                 15191.46         8702.31        27692.96            0.06        51586.80
Dirty                       0.41            0.01            0.00            0.00            0.42
Writeback                   0.00            0.00            0.00            0.00            0.00
FilePages                 372.17           29.72            3.25            0.00          405.14
AnonPages                5672.64           36.50        27687.68            0.00        33396.82
PageTables                 92.76            2.88            0.00            0.00           95.64
WritebackTmp                0.00            0.00            0.00            0.00            0.00
MemTotal                63888.29        64461.80       514048.00       514048.00      1156446.08
MemFree                 48701.10        55759.48       486351.09       514047.94      1104859.62
MemUsed                 15187.18         8702.31        27696.91            0.06        51586.46
Dirty                       0.11            0.01            0.00            0.00            0.12
Writeback                   0.00            0.00            0.02            0.00            0.02
FilePages                 372.34           29.72            3.25            0.00          405.31
AnonPages                5668.94           36.55        27691.56            0.00        33397.05
PageTables                 92.72            2.88            0.00            0.00           95.59
WritebackTmp                0.00            0.00            0.00            0.00            0.00
