MemTotal                63854.68        64492.78       514048.00       642395.46
MemFree                 52981.85        53750.38       514047.20       620779.42
MemUsed                 10872.82        10742.41            0.80        21616.04
Dirty                       0.00            0.00            0.00            0.00
Writeback                   0.00            0.00            0.00            0.00
FilePages                  54.94          363.18            0.00          418.12
AnonPages                2282.72         1785.25            0.01         4067.98
PageTables                  5.57           44.71            0.00           50.28
WritebackTmp                0.00            0.00            0.00            0.00
MemTotal                63854.68        64492.78       514048.00       642395.46
MemFree                 52984.23        40080.48       514047.20       607111.91
MemUsed                 10870.45        24412.30            0.80        35283.55
Dirty                       0.05            0.04            0.00            0.09
Writeback                   0.00            0.00            0.00            0.00
FilePages                  54.94         7201.42            0.00         7256.36
AnonPages                2282.73         8560.59            0.01        10843.34
PageTables                  5.57           58.13            0.00           63.70
WritebackTmp                0.00            0.00            0.00            0.00
MemTotal                63854.68        64492.78       514048.00       642395.46
MemFree                 52985.20        26669.30       514047.20       593701.70
MemUsed                 10869.48        37823.48            0.80        48693.76
Dirty                       0.00            0.05            0.00            0.05
Writeback                   0.00            0.00            0.00            0.00
FilePages                  54.95        13890.79            0.00        13945.73
AnonPages                2282.70        15250.64            0.01        17533.35
PageTables                  5.57           71.15            0.00           76.71
WritebackTmp                0.00            0.00            0.00            0.00
MemTotal                63854.68        64492.78       514048.00       642395.46
MemFree                 51201.11        17491.28       514047.21       582739.60
MemUsed                 12653.57        47001.50            0.79        59655.86
Dirty                       0.00            0.01            0.00            0.01
Writeback                   0.00            0.00            0.00            0.00
FilePages                  54.95        17833.75            0.00        17888.70
AnonPages                4057.43        20463.57            0.01        24521.01
PageTables                  9.37           82.27            0.00           91.63
WritebackTmp                0.00            0.00            0.00            0.00
MemTotal                63854.68        64492.78       514048.00       642395.46
MemFree                 51448.76        17732.86       514047.21       583228.83
MemUsed                 12405.92        46759.93            0.79        59166.63
Dirty                       0.00            0.03            0.00            0.03
Writeback                   0.00            0.00            0.00            0.00
FilePages                  54.95        17833.77            0.00        17888.72
AnonPages                3820.32        20225.81            0.01        24046.14
PageTables                  8.88           81.72            0.00           90.60
WritebackTmp                0.00            0.00            0.00            0.00
MemTotal                63854.68        64492.78       514048.00       642395.46
MemFree                 51192.77        17476.58       514047.21       582716.57
MemUsed                 12661.90        47016.20            0.79        59678.89
Dirty                       0.00            0.03            0.00            0.04
Writeback                   0.00            0.00            0.00            0.00
FilePages                  54.95        17833.78            0.00        17888.73
AnonPages                4076.28        20482.06            0.01        24558.35
PageTables                  9.32           82.27            0.00           91.59
WritebackTmp                0.00            0.00            0.00            0.00
MemTotal                63854.68        64492.78       514048.00       642395.46
MemFree                 51196.11        17473.88       514047.21       582717.20
MemUsed                 12658.57        47018.90            0.79        59678.25
Dirty                       0.00            0.02            0.00            0.02
Writeback                   0.00            0.00            0.00            0.00
FilePages                  54.96        17833.93            0.00        17888.89
AnonPages                4073.06        20486.38            0.01        24559.45
PageTables                  9.46           82.43            0.00           91.89
WritebackTmp                0.00            0.00            0.00            0.00
MemTotal                63854.68        64492.78       514048.00       642395.46
MemFree                 51196.00        17477.20       514047.21       582720.41
MemUsed                 12658.68        47015.59            0.79        59675.05
Dirty                       0.00            0.02            0.00            0.02
Writeback                   0.00            0.00            0.00            0.00
FilePages                  54.97        17833.96            0.00        17888.93
AnonPages                4075.12        20482.70            0.01        24557.84
PageTables                  9.36           82.56            0.00           91.92
WritebackTmp                0.00            0.00            0.00            0.00
MemTotal                63854.68        64492.78       514048.00       642395.46
MemFree                 51198.75        17462.48       514047.21       582708.45
MemUsed                 12655.92        47030.30            0.79        59687.01
Dirty                       0.00            0.03            0.00            0.03
Writeback                   0.00            0.00            0.00            0.00
FilePages                  54.98        17833.97            0.00        17888.95
AnonPages                4072.17        20497.35            0.01        24569.53
PageTables                  9.37           82.71            0.00           92.08
WritebackTmp                0.00            0.00            0.00            0.00
MemTotal                63854.68        64492.78       514048.00       642395.46
MemFree                 51201.16        17475.17       514047.21       582723.54
MemUsed                 12653.52        47017.61            0.79        59671.91
Dirty                       0.00            0.02            0.00            0.02
Writeback                   0.00            0.00            0.00            0.00
FilePages                  54.98        17833.98            0.00        17888.95
AnonPages                4070.07        20485.49            0.01        24555.57
PageTables                  9.41           82.17            0.00           91.58
WritebackTmp                0.00            0.00            0.00            0.00
MemTotal                63854.68        64492.78       514048.00       642395.46
MemFree                 51199.61        17475.08       514047.21       582721.90
MemUsed                 12655.07        47017.70            0.79        59673.55
Dirty                       0.00            0.01            0.00            0.01
Writeback                   0.00            0.00            0.00            0.00
FilePages                  54.98        17833.99            0.00        17888.97
AnonPages                4071.59        20486.34            0.01        24557.95
PageTables                  9.41           82.18            0.00           91.59
WritebackTmp                0.00            0.00            0.00            0.00
MemTotal                63854.68        64492.78       514048.00       642395.46
MemFree                 51199.59        17476.59       514047.21       582723.39
MemUsed                 12655.08        47016.20            0.79        59672.06
Dirty                       0.00            0.03            0.00            0.03
Writeback                   0.00            0.00            0.00            0.00
FilePages                  54.98        17834.00            0.00        17888.99
AnonPages                4071.46        20485.87            0.01        24557.35
PageTables                  9.41           82.18            0.00           91.59
WritebackTmp                0.00            0.00            0.00            0.00
MemTotal                63854.68        64492.78       514048.00       642395.46
MemFree                 51200.17        17475.47       514047.21       582722.86
MemUsed                 12654.50        47017.31            0.79        59672.60
Dirty                       0.00            0.02            0.00            0.02
Writeback                   0.00            0.00            0.00            0.00
FilePages                  54.98        17834.02            0.00        17889.00
AnonPages                4071.45        20486.16            0.01        24557.62
PageTables                  9.41           82.18            0.00           91.59
WritebackTmp                0.00            0.00            0.00            0.00
MemTotal                63854.68        64492.78       514048.00       642395.46
MemFree                 51200.73        17472.73       514047.21       582720.68
MemUsed                 12653.94        47020.05            0.79        59674.77
Dirty                       0.00            0.02            0.00            0.02
Writeback                   0.00            0.00            0.00            0.00
FilePages                  54.98        17834.03            0.00        17889.02
AnonPages                4070.16        20487.91            0.01        24558.08
PageTables                  9.41           82.17            0.00           91.59
WritebackTmp                0.00            0.00            0.00            0.00
MemTotal                63854.68        64492.78       514048.00       642395.46
MemFree                 51198.59        17470.96       514047.21       582716.77
MemUsed                 12656.09        47021.82            0.79        59678.69
Dirty                       0.00            0.01            0.00            0.01
Writeback                   0.00            0.00            0.00            0.00
FilePages                  54.98        17834.05            0.00        17889.04
AnonPages                4070.48        20488.21            0.01        24558.70
PageTables                  9.50           82.39            0.00           91.90
WritebackTmp                0.00            0.00            0.00            0.00
MemTotal                63854.68        64492.78       514048.00       642395.46
MemFree                 51185.58        17473.65       514047.21       582706.45
MemUsed                 12669.10        47019.13            0.79        59689.01
Dirty                       0.00            0.02            0.00            0.02
Writeback                   0.00            0.00            0.00            0.00
FilePages                  54.98        17834.07            0.00        17889.05
AnonPages                4083.89        20486.01            0.01        24569.91
PageTables                  9.46           82.39            0.00           91.85
WritebackTmp                0.00            0.00            0.00            0.00
MemTotal                63854.68        64492.78       514048.00       642395.46
MemFree                 51199.72        17468.46       514047.21       582715.40
MemUsed                 12654.95        47024.32            0.79        59680.06
Dirty                       0.00            0.00            0.00            0.00
Writeback                   0.00            0.00            0.00            0.00
FilePages                  54.98        17834.07            0.00        17889.06
AnonPages                4070.91        20486.95            0.01        24557.86
PageTables                  9.30           84.75            0.00           94.05
WritebackTmp                0.00            0.00            0.00            0.00
MemTotal                63854.68        64492.78       514048.00       642395.46
MemFree                 51457.70        17730.54       514047.21       583235.46
MemUsed                 12396.97        46762.24            0.79        59160.00
Dirty                       0.00            0.02            0.00            0.02
Writeback                   0.00            0.00            0.00            0.00
FilePages                  54.98        17834.09            0.00        17889.08
AnonPages                3815.05        20231.21            0.01        24046.27
PageTables                  9.36           81.74            0.00           91.09
WritebackTmp                0.00            0.00            0.00            0.00
MemTotal                63854.68        64492.78       514048.00       642395.46
MemFree                 51207.62        17482.59       514047.21       582737.43
MemUsed                 12647.05        47010.19            0.79        59658.03
Dirty                       0.00            0.02            0.00            0.02
Writeback                   0.00            0.00            0.00            0.00
FilePages                  55.41        17834.11            0.00        17889.53
AnonPages                4062.67        20479.76            0.01        24542.44
PageTables                  9.30           81.79            0.00           91.09
WritebackTmp                0.00            0.00            0.00            0.00
MemTotal                63854.68        64492.78       514048.00       642395.46
MemFree                 51199.18        17474.95       514047.21       582721.35
MemUsed                 12655.50        47017.83            0.79        59674.11
Dirty                       0.00            0.03            0.00            0.03
Writeback                   0.00            0.00            0.00            0.00
FilePages                  55.41        17834.12            0.00        17889.54
AnonPages                4070.44        20488.30            0.01        24558.75
PageTables                  9.36           82.23            0.00           91.59
WritebackTmp                0.00            0.00            0.00            0.00
MemTotal                63854.68        64492.78       514048.00       642395.46
MemFree                 51321.79        17598.47       514047.25       582967.51
MemUsed                 12532.88        46894.31            0.75        59427.95
Dirty                       0.00            0.02            0.00            0.02
Writeback                   0.00            0.00            0.00            0.00
FilePages                  55.41        17834.14            0.00        17889.55
AnonPages                3950.09        20362.71            0.01        24312.81
PageTables                  7.19           80.36            0.00           87.55
WritebackTmp                0.00            0.00            0.00            0.00
MemTotal                63854.68        64492.78       514048.00       642395.46
MemFree                 51209.83        17479.36       514047.25       582736.43
MemUsed                 12644.84        47013.43            0.75        59659.02
Dirty                       0.00            0.01            0.00            0.01
Writeback                   0.00            0.00            0.00            0.00
FilePages                  55.41        17834.16            0.00        17889.57
AnonPages                4061.98        20483.06            0.01        24545.05
PageTables                  8.86           81.89            0.00           90.76
WritebackTmp                0.00            0.00            0.00            0.00
MemTotal                63854.68        64492.78       514048.00       642395.46
MemFree                 51201.69        17471.46       514047.25       582720.39
MemUsed                 12652.99        47021.32            0.75        59675.07
Dirty                       0.00            0.02            0.00            0.02
Writeback                   0.00            0.00            0.00            0.00
FilePages                  55.41        17834.17            0.00        17889.59
AnonPages                4069.82        20487.61            0.01        24557.45
PageTables                  9.34           82.30            0.00           91.64
WritebackTmp                0.00            0.00            0.00            0.00
MemTotal                63854.68        64492.78       514048.00       642395.46
MemFree                 51202.02        17474.10       514047.25       582723.37
MemUsed                 12652.66        47018.68            0.75        59672.09
Dirty                       0.00            0.01            0.00            0.01
Writeback                   0.00            0.00            0.00            0.00
FilePages                  55.41        17834.19            0.00        17889.61
AnonPages                4069.75        20488.23            0.01        24558.00
PageTables                  9.30           82.24            0.00           91.54
WritebackTmp                0.00            0.00            0.00            0.00
MemTotal                63854.68        64492.78       514048.00       642395.46
MemFree                 51203.07        17475.64       514047.25       582725.96
MemUsed                 12651.60        47017.14            0.75        59669.50
Dirty                       0.00            0.01            0.00            0.01
Writeback                   0.00            0.00            0.00            0.00
FilePages                  55.41        17834.21            0.00        17889.62
AnonPages                4069.47        20488.36            0.01        24557.85
PageTables                  9.35           82.24            0.00           91.59
WritebackTmp                0.00            0.00            0.00            0.00
MemTotal                63854.68        64492.78       514048.00       642395.46
MemFree                 51202.12        17472.44       514047.25       582721.81
MemUsed                 12652.55        47020.34            0.75        59673.65
Dirty                       0.00            0.02            0.00            0.02
Writeback                   0.00            0.00            0.00            0.00
FilePages                  55.41        17834.21            0.00        17889.63
AnonPages                4069.44        20488.68            0.01        24558.14
PageTables                  9.34           82.24            0.00           91.59
WritebackTmp                0.00            0.00            0.00            0.00
MemTotal                63854.68        64492.78       514048.00       642395.46
MemFree                 51215.64        17466.14       514047.25       582729.03
MemUsed                 12639.04        47026.64            0.75        59666.43
Dirty                       0.00            0.02            0.00            0.02
Writeback                   0.00            0.00            0.00            0.00
FilePages                  55.41        17834.23            0.00        17889.64
AnonPages                4054.78        20496.82            0.01        24551.62
PageTables                  9.29           82.29            0.00           91.57
WritebackTmp                0.00            0.00            0.00            0.00
MemTotal                63854.68        64492.78       514048.00       642395.46
MemFree                 51212.09        17461.25       514047.25       582720.59
MemUsed                 12642.58        47031.54            0.75        59674.87
Dirty                       0.00            0.02            0.00            0.02
Writeback                   0.00            0.00            0.00            0.00
FilePages                  55.41        17834.24            0.00        17889.65
AnonPages                4057.96        20499.90            0.01        24557.88
PageTables                  9.30           82.29            0.00           91.59
WritebackTmp                0.00            0.00            0.00            0.00
MemTotal                63854.68        64492.78       514048.00       642395.46
MemFree                 51212.61        17460.72       514047.25       582720.58
MemUsed                 12642.06        47032.06            0.75        59674.88
Dirty                       0.00            0.01            0.00            0.01
Writeback                   0.00            0.00            0.00            0.00
FilePages                  55.41        17834.27            0.00        17889.68
AnonPages                4057.95        20500.20            0.01        24558.16
PageTables                  9.29           82.29            0.00           91.59
WritebackTmp                0.00            0.00            0.00            0.00
MemTotal                63854.68        64492.78       514048.00       642395.46
MemFree                 51212.56        17462.02       514047.25       582721.82
MemUsed                 12642.11        47030.77            0.75        59673.63
Dirty                       0.00            0.03            0.00            0.03
Writeback                   0.00            0.00            0.00            0.00
FilePages                  55.41        17834.29            0.00        17889.70
AnonPages                4058.29        20500.86            0.01        24559.16
PageTables                  9.38           82.50            0.00           91.88
WritebackTmp                0.00            0.00            0.00            0.00
MemTotal                63854.68        64492.78       514048.00       642395.46
MemFree                 51212.76        17450.04       514047.25       582710.05
MemUsed                 12641.91        47042.74            0.75        59685.41
Dirty                       0.00            0.01            0.00            0.01
Writeback                   0.00            0.00            0.00            0.00
FilePages                  55.41        17834.29            0.00        17889.71
AnonPages                4057.46        20512.05            0.01        24569.52
PageTables                  9.29           82.78            0.00           92.07
WritebackTmp                0.00            0.00            0.00            0.00
MemTotal                63854.68        64492.78       514048.00       642395.46
MemFree                 51213.71        17461.25       514047.25       582722.21
MemUsed                 12640.96        47031.53            0.75        59673.25
Dirty                       0.00            0.01            0.00            0.01
Writeback                   0.00            0.00            0.00            0.00
FilePages                  55.41        17834.31            0.00        17889.72
AnonPages                4056.71        20500.45            0.01        24557.17
PageTables                  9.17           82.32            0.00           91.49
WritebackTmp                0.00            0.00            0.00            0.00
MemTotal                63854.68        64492.78       514048.00       642395.46
MemFree                 51202.05        17469.84       514047.25       582719.13
MemUsed                 12652.63        47022.94            0.75        59676.32
Dirty                       0.10            0.06            0.00            0.16
Writeback                   0.00            0.00            0.00            0.00
FilePages                  55.41        17835.47            0.00        17890.88
AnonPages                4069.95        20488.69            0.01        24558.65
PageTables                  9.40           82.19            0.00           91.59
WritebackTmp                0.00            0.00            0.00            0.00
MemTotal                63854.68        64492.78       514048.00       642395.46
MemFree                 51202.07        17470.41       514047.25       582719.73
MemUsed                 12652.60        47022.38            0.75        59675.73
Dirty                       0.11            0.08            0.00            0.18
Writeback                   0.00            0.00            0.00            0.00
FilePages                  55.41        17836.91            0.00        17892.32
AnonPages                4070.12        20488.89            0.01        24559.02
PageTables                  9.40           82.19            0.00           91.59
WritebackTmp                0.00            0.00            0.00            0.00
MemTotal                63854.68        64492.78       514048.00       642395.46
MemFree                 51201.21        17471.69       514047.25       582720.15
MemUsed                 12653.46        47021.09            0.75        59675.30
Dirty                       0.00            0.02            0.00            0.02
Writeback                   0.00            0.00            0.00            0.00
FilePages                  55.41        17836.92            0.00        17892.33
AnonPages                4070.09        20487.66            0.01        24557.76
PageTables                  9.40           82.19            0.00           91.59
WritebackTmp                0.00            0.00            0.00            0.00
MemTotal                63854.68        64492.78       514048.00       642395.46
MemFree                 51201.89        17471.38       514047.25       582720.51
MemUsed                 12652.79        47021.40            0.75        59674.95
Dirty                       0.00            0.02            0.00            0.02
Writeback                   0.00            0.00            0.00            0.00
FilePages                  55.41        17836.96            0.00        17892.38
AnonPages                4070.15        20487.88            0.01        24558.04
PageTables                  9.40           82.19            0.00           91.59
WritebackTmp                0.00            0.00            0.00            0.00
MemTotal                63854.68        64492.78       514048.00       642395.46
MemFree                 51201.84        17471.17       514047.25       582720.26
MemUsed                 12652.83        47021.61            0.75        59675.20
Dirty                       0.00            0.04            0.00            0.04
Writeback                   0.00            0.00            0.00            0.00
FilePages                  55.41        17836.98            0.00        17892.39
AnonPages                4070.13        20488.12            0.01        24558.26
PageTables                  9.39           82.15            0.00           91.55
WritebackTmp                0.00            0.00            0.00            0.00
MemTotal                63854.68        64492.78       514048.00       642395.46
MemFree                 51417.02        17665.17       514047.25       583129.44
MemUsed                 12437.65        46827.61            0.75        59266.02
Dirty                       0.00            0.01            0.00            0.01
Writeback                   0.00            0.00            0.00            0.00
FilePages                  55.41        17836.98            0.00        17892.40
AnonPages                3852.32        20292.95            0.01        24145.28
PageTables                  7.79           80.27            0.00           88.06
WritebackTmp                0.00            0.00            0.00            0.00
MemTotal                63854.68        64492.78       514048.00       642395.46
MemFree                 51218.01        17451.68       514047.25       582716.94
MemUsed                 12636.66        47041.10            0.75        59678.52
Dirty                       0.00            0.01            0.00            0.01
Writeback                   0.00            0.00            0.00            0.00
FilePages                  55.41        17837.00            0.00        17892.41
AnonPages                4050.12        20505.86            0.01        24555.99
PageTables                  8.86           82.11            0.00           90.97
WritebackTmp                0.00            0.00            0.00            0.00
MemTotal                63854.68        64492.78       514048.00       642395.46
MemFree                 51212.23        17457.75       514047.25       582717.22
MemUsed                 12642.45        47035.03            0.75        59678.23
Dirty                       0.00            0.02            0.00            0.02
Writeback                   0.00            0.00            0.00            0.00
FilePages                  55.41        17837.01            0.00        17892.42
AnonPages                4057.65        20500.48            0.01        24558.15
PageTables                  9.29           82.29            0.00           91.59
WritebackTmp                0.00            0.00            0.00            0.00
MemTotal                63854.68        64492.78       514048.00       642395.46
MemFree                 51220.74        17465.22       514047.25       582733.21
MemUsed                 12633.94        47027.56            0.75        59662.25
Dirty                       0.00            0.02            0.00            0.02
Writeback                   0.00            0.00            0.00            0.00
FilePages                  55.42        17837.02            0.00        17892.44
AnonPages                4049.84        20493.02            0.01        24542.88
PageTables                  8.85           81.76            0.00           90.61
WritebackTmp                0.00            0.00            0.00            0.00
MemTotal                63854.68        64492.78       514048.00       642395.46
MemFree                 51219.30        17465.42       514047.25       582731.97
MemUsed                 12635.38        47027.36            0.75        59663.49
Dirty                       0.00            0.02            0.00            0.02
Writeback                   0.00            0.00            0.00            0.00
FilePages                  55.42        17837.04            0.00        17892.46
AnonPages                4050.46        20492.33            0.01        24542.80
PageTables                  8.86           81.77            0.00           90.63
WritebackTmp                0.00            0.00            0.00            0.00
MemTotal                63854.68        64492.78       514048.00       642395.46
MemFree                 51211.08        17456.89       514047.25       582715.21
MemUsed                 12643.60        47035.89            0.75        59680.25
Dirty                       0.00            0.01            0.00            0.01
Writeback                   0.00            0.00            0.00            0.00
FilePages                  55.43        17837.05            0.00        17892.48
AnonPages                4058.37        20498.48            0.01        24556.86
PageTables                  9.29           82.30            0.00           91.59
WritebackTmp                0.00            0.00            0.00            0.00
MemTotal                63854.68        64492.78       514048.00       642395.46
MemFree                 51221.65        17501.90       514047.25       582770.80
MemUsed                 12633.02        46990.88            0.75        59624.66
Dirty                       0.01            0.02            0.00            0.02
Writeback                   0.00            0.00            0.00            0.00
FilePages                  55.43        17837.06            0.00        17892.49
AnonPages                4046.43        20454.25            0.01        24500.69
PageTables                  9.19           82.06            0.00           91.25
WritebackTmp                0.00            0.00            0.00            0.00
MemTotal                63854.68        64492.78       514048.00       642395.46
MemFree                 51196.96        17476.44       514047.25       582720.65
MemUsed                 12657.71        47016.34            0.75        59674.81
Dirty                       0.00            0.01            0.00            0.01
Writeback                   0.00            0.00            0.00            0.00
FilePages                  55.43        17837.07            0.00        17892.50
AnonPages                4073.69        20484.85            0.01        24558.55
PageTables                  9.51           82.34            0.00           91.85
WritebackTmp                0.00            0.00            0.00            0.00
MemTotal                63854.68        64492.78       514048.00       642395.46
MemFree                 51199.32        17475.56       514047.28       582722.15
MemUsed                 12655.36        47017.22            0.72        59673.30
Dirty                       0.01            0.00            0.00            0.01
Writeback                   0.00            0.00            0.00            0.00
FilePages                  55.43        17837.09            0.00        17892.52
AnonPages                4073.34        20484.96            0.01        24558.30
PageTables                  9.31           82.92            0.00           92.23
WritebackTmp                0.00            0.00            0.00            0.00
MemTotal                63854.68        64492.78       514048.00       642395.46
MemFree                 51187.71        17475.11       514047.28       582710.11
MemUsed                 12666.96        47017.67            0.72        59685.35
Dirty                       0.01            0.02            0.00            0.04
Writeback                   0.00            0.00            0.00            0.00
FilePages                  55.43        17837.11            0.00        17892.54
AnonPages                4084.10        20484.12            0.01        24568.23
PageTables                  9.28           82.31            0.00           91.59
WritebackTmp                0.00            0.00            0.00            0.00
MemTotal                63854.68        64492.78       514048.00       642395.46
MemFree                 51197.19        17476.98       514047.28       582721.45
MemUsed                 12657.48        47015.80            0.72        59674.01
Dirty                       0.01            0.01            0.00            0.02
Writeback                   0.00            0.00            0.00            0.00
FilePages                  55.43        17837.11            0.00        17892.55
AnonPages                4073.66        20483.69            0.01        24557.36
PageTables                  9.34           82.25            0.00           91.59
WritebackTmp                0.00            0.00            0.00            0.00
MemTotal                63854.68        64492.78       514048.00       642395.46
MemFree                 51197.77        17475.01       514047.28       582720.05
MemUsed                 12656.91        47017.77            0.72        59675.40
Dirty                       0.01            0.02            0.00            0.02
Writeback                   0.00            0.00            0.00            0.00
FilePages                  55.43        17837.13            0.00        17892.56
AnonPages                4073.36        20484.32            0.01        24557.69
PageTables                  9.34           82.25            0.00           91.59
WritebackTmp                0.00            0.00            0.00            0.00
MemTotal                63854.68        64492.78       514048.00       642395.46
MemFree                 51198.50        17476.20       514047.28       582721.98
MemUsed                 12656.18        47016.58            0.72        59673.48
Dirty                       0.00            0.01            0.00            0.01
Writeback                   0.00            0.00            0.00            0.00
FilePages                  55.45        17837.14            0.00        17892.58
AnonPages                4072.67        20482.52            0.01        24555.20
PageTables                  9.39           82.20            0.00           91.59
WritebackTmp                0.00            0.00            0.00            0.00
MemTotal                63854.68        64492.78       514048.00       642395.46
MemFree                 51196.14        17476.61       514047.28       582720.02
MemUsed                 12658.54        47016.18            0.72        59675.43
Dirty                       0.01            0.01            0.00            0.02
Writeback                   0.00            0.00            0.00            0.00
FilePages                  55.45        17837.15            0.00        17892.60
AnonPages                4073.60        20483.01            0.01        24556.62
PageTables                  9.39           82.20            0.00           91.59
WritebackTmp                0.00            0.00            0.00            0.00
MemTotal                63854.68        64492.78       514048.00       642395.46
MemFree                 51197.40        17479.10       514047.29       582723.79
MemUsed                 12657.27        47013.68            0.71        59671.67
Dirty                       0.01            0.00            0.00            0.01
Writeback                   0.00            0.00            0.00            0.00
FilePages                  55.45        17837.17            0.00        17892.62
AnonPages                4072.09        20481.14            0.01        24553.24
PageTables                  9.35           82.14            0.00           91.49
WritebackTmp                0.00            0.00            0.00            0.00
MemTotal                63854.68        64492.78       514048.00       642395.46
MemFree                 51196.87        17463.33       514047.29       582707.48
MemUsed                 12657.81        47029.45            0.71        59687.97
Dirty                       0.01            0.00            0.00            0.01
Writeback                   0.00            0.00            0.00            0.00
FilePages                  55.45        17837.18            0.00        17892.63
AnonPages                4073.94        20496.82            0.01        24570.77
PageTables                  9.48           82.41            0.00           91.89
WritebackTmp                0.00            0.00            0.00            0.00
MemTotal                63854.68        64492.78       514048.00       642395.46
MemFree                 51197.92        17477.53       514047.29       582722.74
MemUsed                 12656.75        47015.25            0.71        59672.71
Dirty                       0.01            0.00            0.00            0.01
Writeback                   0.00            0.00            0.00            0.00
FilePages                  55.45        17837.19            0.00        17892.64
AnonPages                4073.52        20483.82            0.01        24557.35
PageTables                  9.34           82.25            0.00           91.59
WritebackTmp                0.00            0.00            0.00            0.00
MemTotal                63854.68        64492.78       514048.00       642395.46
MemFree                 51207.67        17488.18       514047.29       582743.14
MemUsed                 12647.00        47004.61            0.71        59652.32
Dirty                       0.01            0.02            0.00            0.02
Writeback                   0.00            0.00            0.00            0.00
FilePages                  55.45        17837.21            0.00        17892.66
AnonPages                4057.90        20473.29            0.01        24531.20
PageTables                  9.37           82.12            0.00           91.49
WritebackTmp                0.00            0.00            0.00            0.00
MemTotal                63854.68        64492.78       514048.00       642395.46
MemFree                 51453.23        17734.80       514047.29       583235.32
MemUsed                 12401.45        46757.98            0.71        59160.14
Dirty                       0.01            0.01            0.00            0.02
Writeback                   0.00            0.00            0.00            0.00
FilePages                  55.45        17837.21            0.00        17892.66
AnonPages                3816.96        20228.22            0.01        24045.19
PageTables                  8.92           81.68            0.00           90.61
WritebackTmp                0.00            0.00            0.00            0.00
MemTotal                63854.68        64492.78       514048.00       642395.46
MemFree                 51204.30        17484.05       514047.29       582735.64
MemUsed                 12650.37        47008.73            0.71        59659.82
Dirty                       0.00            0.01            0.00            0.01
Writeback                   0.00            0.00            0.00            0.00
FilePages                  55.47        17837.22            0.00        17892.69
AnonPages                4065.02        20476.75            0.01        24541.78
PageTables                  8.92           81.69            0.00           90.61
WritebackTmp                0.00            0.00            0.00            0.00
MemTotal                63854.68        64492.78       514048.00       642395.46
MemFree                 51196.32        17475.54       514047.29       582719.14
MemUsed                 12658.36        47017.25            0.71        59676.32
Dirty                       0.01            0.02            0.00            0.03
Writeback                   0.00            0.00            0.00            0.00
FilePages                  55.48        17837.23            0.00        17892.71
AnonPages                4072.89        20484.80            0.01        24557.70
PageTables                  9.41           82.18            0.00           91.59
WritebackTmp                0.00            0.00            0.00            0.00
MemTotal                63854.68        64492.78       514048.00       642395.46
MemFree                 51192.90        17478.93       514047.29       582719.11
MemUsed                 12661.78        47013.86            0.71        59676.34
Dirty                       0.01            0.01            0.00            0.02
Writeback                   0.00            0.00            0.00            0.00
FilePages                  55.48        17837.24            0.00        17892.72
AnonPages                4076.46        20481.55            0.01        24558.02
PageTables                  9.49           82.46            0.00           91.95
WritebackTmp                0.00            0.00            0.00            0.00
MemTotal                63854.68        64492.78       514048.00       642395.46
MemFree                 51204.25        17467.57       514047.29       582719.11
MemUsed                 12650.43        47025.21            0.71        59676.35
Dirty                       0.01            0.01            0.00            0.02
Writeback                   0.00            0.00            0.00            0.00
FilePages                  55.49        17837.25            0.00        17892.74
AnonPages                4064.95        20490.89            0.01        24555.85
PageTables                  8.88           82.24            0.00           91.12
WritebackTmp                0.00            0.00            0.00            0.00
MemTotal                63854.68        64492.78       514048.00       642395.46
MemFree                 51200.30        17476.88       514047.29       582724.46
MemUsed                 12654.38        47015.91            0.71        59671.00
Dirty                       0.01            0.02            0.00            0.03
Writeback                   0.00            0.00            0.00            0.00
FilePages                  55.49        17837.26            0.00        17892.75
AnonPages                4070.46        20482.23            0.01        24552.71
PageTables                  9.34           82.25            0.00           91.59
WritebackTmp                0.00            0.00            0.00            0.00
MemTotal                63854.68        64492.78       514048.00       642395.46
MemFree                 51198.09        17475.10       514047.29       582720.48
MemUsed                 12656.58        47017.68            0.71        59674.97
Dirty                       0.01            0.01            0.00            0.02
Writeback                   0.00            0.00            0.00            0.00
FilePages                  55.50        17837.27            0.00        17892.76
AnonPages                4072.67        20484.20            0.01        24556.88
PageTables                  9.33           82.22            0.00           91.55
WritebackTmp                0.00            0.00            0.00            0.00
MemTotal                63854.68        64492.78       514048.00       642395.46
MemFree                 51198.07        17475.84       514047.29       582721.21
MemUsed                 12656.60        47016.94            0.71        59674.25
Dirty                       0.01            0.01            0.00            0.02
Writeback                   0.00            0.00            0.00            0.00
FilePages                  55.51        17837.27            0.00        17892.78
AnonPages                4072.75        20484.84            0.01        24557.59
PageTables                  9.34           82.25            0.00           91.59
WritebackTmp                0.00            0.00            0.00            0.00
MemTotal                63854.68        64492.78       514048.00       642395.46
MemFree                 51196.74        17473.77       514047.29       582717.80
MemUsed                 12657.93        47019.01            0.71        59677.65
Dirty                       0.00            0.01            0.00            0.01
Writeback                   0.00            0.00            0.00            0.00
FilePages                  55.53        17837.28            0.00        17892.81
AnonPages                4072.68        20484.31            0.01        24557.00
PageTables                  9.34           82.25            0.00           91.59
WritebackTmp                0.00            0.00            0.00            0.00
MemTotal                63854.68        64492.78       514048.00       642395.46
MemFree                 51195.79        17474.86       514047.29       582717.93
MemUsed                 12658.89        47017.93            0.71        59677.53
Dirty                       0.01            0.02            0.00            0.02
Writeback                   0.00            0.00            0.00            0.00
FilePages                  55.54        17837.29            0.00        17892.82
AnonPages                4073.04        20484.95            0.01        24558.00
PageTables                  9.57           82.33            0.00           91.90
WritebackTmp                0.00            0.00            0.00            0.00
MemTotal                63854.68        64492.78       514048.00       642395.46
MemFree                 51200.10        17543.25       514047.30       582790.66
MemUsed                 12654.58        46949.53            0.70        59604.80
Dirty                       0.00            0.00            0.00            0.01
Writeback                   0.00            0.00            0.00            0.00
FilePages                  55.54        17837.30            0.00        17892.83
AnonPages                4066.59        20415.83            0.01        24482.44
PageTables                  9.34           82.23            0.00           91.57
WritebackTmp                0.00            0.00            0.00            0.00
MemTotal                63854.68        64492.78       514048.00       642395.46
MemFree                 51197.86        17474.09       514047.30       582719.26
MemUsed                 12656.82        47018.69            0.70        59676.20
Dirty                       0.00            0.00            0.00            0.01
Writeback                   0.00            0.00            0.00            0.00
FilePages                  55.54        17837.30            0.00        17892.85
AnonPages                4072.36        20484.52            0.01        24556.89
PageTables                  9.28           84.77            0.00           94.05
WritebackTmp                0.00            0.00            0.00            0.00
MemTotal                63854.68        64492.78       514048.00       642395.46
MemFree                 51198.96        17476.60       514047.30       582722.87
MemUsed                 12655.71        47016.18            0.70        59672.59
Dirty                       0.00            0.01            0.00            0.02
Writeback                   0.00            0.00            0.00            0.00
FilePages                  55.54        17837.31            0.00        17892.86
AnonPages                4072.46        20484.67            0.01        24557.14
PageTables                  9.28           82.31            0.00           91.59
WritebackTmp                0.00            0.00            0.00            0.00
MemTotal                63854.68        64492.78       514048.00       642395.46
MemFree                 51204.43        17482.77       514047.30       582734.50
MemUsed                 12650.25        47010.02            0.70        59660.96
Dirty                       0.01            0.01            0.00            0.02
Writeback                   0.00            0.00            0.00            0.00
FilePages                  55.55        17837.32            0.00        17892.88
AnonPages                4065.17        20477.89            0.01        24543.07
PageTables                  8.82           81.86            0.00           90.68
WritebackTmp                0.00            0.00            0.00            0.00
MemTotal                63854.68        64492.78       514048.00       642395.46
MemFree                 51205.61        17481.36       514047.30       582734.27
MemUsed                 12649.07        47011.43            0.70        59661.19
Dirty                       0.01            0.01            0.00            0.02
Writeback                   0.00            0.00            0.00            0.00
FilePages                  55.56        17837.33            0.00        17892.89
AnonPages                4064.79        20477.86            0.01        24542.66
PageTables                  8.79           81.84            0.00           90.63
WritebackTmp                0.00            0.00            0.00            0.00
MemTotal                63854.68        64492.78       514048.00       642395.46
MemFree                 51197.24        17472.70       514047.30       582717.25
MemUsed                 12657.44        47020.08            0.70        59678.21
Dirty                       0.00            0.00            0.00            0.00
Writeback                   0.00            0.00            0.00            0.00
FilePages                  55.57        17837.34            0.00        17892.91
AnonPages                4072.49        20485.74            0.01        24558.24
PageTables                  9.28           82.31            0.00           91.59
WritebackTmp                0.00            0.00            0.00            0.00
MemTotal                63854.68        64492.78       514048.00       642395.46
MemFree                 51219.34        17498.12       514047.30       582764.76
MemUsed                 12635.34        46994.66            0.70        59630.70
Dirty                       0.01            0.01            0.00            0.02
Writeback                   0.00            0.00            0.00            0.00
FilePages                  55.58        17837.34            0.00        17892.93
AnonPages                4048.00        20457.89            0.01        24505.91
PageTables                  9.22           82.10            0.00           91.32
WritebackTmp                0.00            0.00            0.00            0.00
MemTotal                63854.68        64492.78       514048.00       642395.46
MemFree                 51197.90        17473.18       514047.30       582718.39
MemUsed                 12656.77        47019.60            0.70        59677.07
Dirty                       0.01            0.00            0.00            0.01
Writeback                   0.00            0.00            0.00            0.00
FilePages                  55.59        17837.35            0.00        17892.95
AnonPages                4073.64        20485.21            0.01        24558.86
PageTables                  9.59           82.29            0.00           91.88
WritebackTmp                0.00            0.00            0.00            0.00
MemTotal                63854.68        64492.78       514048.00       642395.46
MemFree                 51197.18        17459.77       514047.30       582704.25
MemUsed                 12657.50        47033.01            0.70        59691.20
Dirty                       0.01            0.00            0.00            0.01
Writeback                   0.00            0.00            0.00            0.00
FilePages                  55.59        17837.36            0.00        17892.95
AnonPages                4073.20        20498.91            0.01        24572.12
PageTables                  9.48           82.41            0.00           91.89
WritebackTmp                0.00            0.00            0.00            0.00
MemTotal                63854.68        64492.78       514048.00       642395.46
MemFree                 51196.88        17475.30       514047.30       582719.49
MemUsed                 12657.79        47017.48            0.70        59675.97
Dirty                       0.01            0.00            0.00            0.01
Writeback                   0.00            0.00            0.00            0.00
FilePages                  55.61        17837.37            0.00        17892.97
AnonPages                4072.86        20483.62            0.01        24556.48
PageTables                  9.39           82.20            0.00           91.59
WritebackTmp                0.00            0.00            0.00            0.00
MemTotal                63854.68        64492.78       514048.00       642395.46
MemFree                 51198.64        17475.11       514047.30       582721.05
MemUsed                 12656.04        47017.67            0.70        59674.40
Dirty                       0.01            0.01            0.00            0.02
Writeback                   0.00            0.00            0.00            0.00
FilePages                  55.61        17837.38            0.00        17892.99
AnonPages                4072.34        20483.23            0.01        24555.59
PageTables                  9.38           82.15            0.00           91.52
WritebackTmp                0.00            0.00            0.00            0.00
MemTotal                63854.68        64492.78       514048.00       642395.46
MemFree                 51198.28        17474.52       514047.30       582720.10
MemUsed                 12656.40        47018.27            0.70        59675.36
Dirty                       0.01            0.00            0.00            0.01
Writeback                   0.00            0.00            0.00            0.00
FilePages                  55.61        17837.38            0.00        17893.00
AnonPages                4072.85        20483.96            0.01        24556.82
PageTables                  9.39           82.18            0.00           91.57
WritebackTmp                0.00            0.00            0.00            0.00
MemTotal                63854.68        64492.78       514048.00       642395.46
MemFree                 51199.70        17478.30       514047.30       582725.30
MemUsed                 12654.98        47014.48            0.70        59670.16
Dirty                       0.00            0.00            0.00            0.01
Writeback                   0.00            0.00            0.00            0.00
FilePages                  55.63        17837.39            0.00        17893.02
AnonPages                4070.52        20481.69            0.01        24552.22
PageTables                  9.30           82.28            0.00           91.59
WritebackTmp                0.00            0.00            0.00            0.00
MemTotal                63854.68        64492.78       514048.00       642395.46
MemFree                 51195.28        17477.63       514047.30       582720.21
MemUsed                 12659.39        47015.15            0.70        59675.24
Dirty                       0.01            0.01            0.00            0.02
Writeback                   0.00            0.00            0.00            0.00
FilePages                  55.64        17837.40            0.00        17893.04
AnonPages                4075.16        20480.16            0.01        24555.33
PageTables                  9.30           82.28            0.00           91.58
WritebackTmp                0.00            0.00            0.00            0.00
MemTotal                63854.68        64492.78       514048.00       642395.46
MemFree                 51196.64        17461.49       514047.30       582705.43
MemUsed                 12658.04        47031.29            0.70        59690.03
Dirty                       0.00            0.00            0.00            0.01
Writeback                   0.00            0.00            0.00            0.00
FilePages                  55.64        17837.41            0.00        17893.05
AnonPages                4072.97        20497.33            0.01        24570.31
PageTables                  9.34           82.54            0.00           91.88
WritebackTmp                0.00            0.00            0.00            0.00
MemTotal                63854.68        64492.78       514048.00       642395.46
MemFree                 51199.30        17474.07       514047.30       582720.68
MemUsed                 12655.37        47018.71            0.70        59674.78
Dirty                       0.00            0.00            0.00            0.01
Writeback                   0.00            0.00            0.00            0.00
FilePages                  55.65        17837.42            0.00        17893.07
AnonPages                4072.63        20483.93            0.01        24556.57
PageTables                  9.25           82.34            0.00           91.59
WritebackTmp                0.00            0.00            0.00            0.00
MemTotal                63854.68        64492.78       514048.00       642395.46
MemFree                 51200.04        17474.93       514047.30       582722.27
MemUsed                 12654.64        47017.85            0.70        59673.18
Dirty                       0.01            0.02            0.00            0.02
Writeback                   0.00            0.00            0.00            0.00
FilePages                  55.66        17837.43            0.00        17893.08
AnonPages                4072.62        20484.18            0.01        24556.82
PageTables                  9.25           82.29            0.00           91.54
WritebackTmp                0.00            0.00            0.00            0.00
MemTotal                63854.68        64492.78       514048.00       642395.46
MemFree                 51198.42        17472.38       514047.30       582718.11
MemUsed                 12656.26        47020.40            0.70        59677.35
Dirty                       0.01            0.00            0.00            0.01
Writeback                   0.00            0.00            0.00            0.00
FilePages                  55.66        17837.43            0.00        17893.09
AnonPages                4072.71        20484.52            0.01        24557.24
PageTables                  9.30           82.29            0.00           91.59
WritebackTmp                0.00            0.00            0.00            0.00
MemTotal                63854.68        64492.78       514048.00       642395.46
MemFree                 51200.33        17471.23       514047.30       582718.86
MemUsed                 12654.34        47021.55            0.70        59676.59
Dirty                       0.01            0.01            0.00            0.02
Writeback                   0.00            0.00            0.00            0.00
FilePages                  55.66        17837.44            0.00        17893.11
AnonPages                4070.07        20486.52            0.01        24556.59
PageTables                  9.34           82.25            0.00           91.59
WritebackTmp                0.00            0.00            0.00            0.00
MemTotal                63854.68        64492.78       514048.00       642395.46
MemFree                 51200.95        17471.50       514047.30       582719.75
MemUsed                 12653.73        47021.29            0.70        59675.71
Dirty                       0.00            0.00            0.00            0.00
Writeback                   0.00            0.00            0.00            0.00
FilePages                  55.68        17837.45            0.00        17893.12
AnonPages                4069.71        20487.26            0.01        24556.98
PageTables                  9.35           82.24            0.00           91.59
WritebackTmp                0.00            0.00            0.00            0.00
MemTotal                63854.68        64492.78       514048.00       642395.46
MemFree                 51202.93        17469.92       514047.30       582720.15
MemUsed                 12651.75        47022.86            0.70        59675.30
Dirty                       0.01            0.02            0.00            0.03
Writeback                   0.00            0.00            0.00            0.00
FilePages                  55.69        17837.46            0.00        17893.14
AnonPages                4069.69        20487.04            0.01        24556.74
PageTables                  9.35           82.24            0.00           91.59
WritebackTmp                0.00            0.00            0.00            0.00
MemTotal                63854.68        64492.78       514048.00       642395.46
MemFree                 51201.50        17470.52       514047.30       582719.32
MemUsed                 12653.18        47022.26            0.70        59676.13
Dirty                       0.01            0.01            0.00            0.02
Writeback                   0.00            0.00            0.00            0.00
FilePages                  55.70        17837.47            0.00        17893.16
AnonPages                4070.04        20488.14            0.01        24558.19
PageTables                  9.43           82.46            0.00           91.90
WritebackTmp                0.00            0.00            0.00            0.00
MemTotal                63854.68        64492.78       514048.00       642395.46
MemFree                 51201.23        17459.39       514047.30       582707.93
MemUsed                 12653.44        47033.39            0.70        59687.52
Dirty                       0.00            0.00            0.00            0.01
Writeback                   0.00            0.00            0.00            0.00
FilePages                  55.70        17837.48            0.00        17893.17
AnonPages                4069.66        20501.02            0.01        24570.70
PageTables                  9.35           82.09            0.00           91.43
WritebackTmp                0.00            0.00            0.00            0.00
MemTotal                63854.68        64492.78       514048.00       642395.46
MemFree                 51245.34        17520.81       514047.30       582813.46
MemUsed                 12609.34        46971.97            0.70        59582.00
Dirty                       0.01            0.03            0.00            0.04
Writeback                   0.00            0.00            0.00            0.00
FilePages                  55.70        17837.48            0.00        17893.19
AnonPages                4024.14        20437.52            0.01        24461.67
PageTables                  8.91           81.94            0.00           90.84
WritebackTmp                0.00            0.00            0.00            0.00
MemTotal                63854.68        64492.78       514048.00       642395.46
MemFree                 51201.63        17471.67       514047.31       582720.61
MemUsed                 12653.04        47021.11            0.69        59674.85
Dirty                       0.00            0.02            0.00            0.02
Writeback                   0.00            0.00            0.00            0.00
FilePages                  55.70        17837.49            0.00        17893.20
AnonPages                4070.67        20487.01            0.01        24557.69
PageTables                  9.34           82.25            0.00           91.59
WritebackTmp                0.00            0.00            0.00            0.00
MemTotal                63854.68        64492.78       514048.00       642395.46
MemFree                 51198.09        17472.25       514047.31       582717.64
MemUsed                 12656.59        47020.54            0.69        59677.82
Dirty                       0.01            0.01            0.00            0.02
Writeback                   0.00            0.00            0.00            0.00
FilePages                  55.71        17837.50            0.00        17893.21
AnonPages                4070.75        20485.59            0.01        24556.36
PageTables                  9.34           82.25            0.00           91.59
WritebackTmp                0.00            0.00            0.00            0.00
MemTotal                63854.68        64492.78       514048.00       642395.46
MemFree                 51199.52        17472.61       514047.31       582719.44
MemUsed                 12655.15        47020.18            0.69        59676.02
Dirty                       0.00            0.01            0.00            0.01
Writeback                   0.00            0.00            0.00            0.00
FilePages                  55.73        17837.51            0.00        17893.24
AnonPages                4070.76        20485.88            0.01        24556.65
PageTables                  9.34           82.25            0.00           91.59
WritebackTmp                0.00            0.00            0.00            0.00
MemTotal                63854.68        64492.78       514048.00       642395.46
MemFree                 51199.94        17472.71       514047.31       582719.96
MemUsed                 12654.73        47020.07            0.69        59675.49
Dirty                       0.01            0.02            0.00            0.02
Writeback                   0.00            0.00            0.00            0.00
FilePages                  55.74        17837.52            0.00        17893.26
AnonPages                4070.80        20486.34            0.01        24557.15
PageTables                  9.42           82.25            0.00           91.67
WritebackTmp                0.00            0.00            0.00            0.00
MemTotal                63854.68        64492.78       514048.00       642395.46
MemFree                 51199.38        17471.46       514047.31       582718.15
MemUsed                 12655.29        47021.32            0.69        59677.31
Dirty                       0.00            0.00            0.00            0.01
Writeback                   0.00            0.00            0.00            0.00
FilePages                  55.74        17837.52            0.00        17893.27
AnonPages                4070.71        20486.37            0.01        24557.09
PageTables                  9.34           82.41            0.00           91.76
WritebackTmp                0.00            0.00            0.00            0.00
MemTotal                63854.68        64492.78       514048.00       642395.46
MemFree                 51210.16        17466.36       514047.31       582723.83
MemUsed                 12644.51        47026.43            0.69        59671.63
Dirty                       0.00            0.01            0.00            0.02
Writeback                   0.00            0.00            0.00            0.00
FilePages                  55.75        17837.54            0.00        17893.29
AnonPages                4061.14        20490.40            0.01        24551.55
PageTables                  9.33           82.37            0.00           91.70
WritebackTmp                0.00            0.00            0.00            0.00
MemTotal                63854.68        64492.78       514048.00       642395.46
MemFree                 51208.79        17478.26       514047.31       582734.36
MemUsed                 12645.89        47014.52            0.69        59661.10
Dirty                       0.00            0.01            0.00            0.02
Writeback                   0.00            0.00            0.00            0.00
FilePages                  55.75        17837.54            0.00        17893.29
AnonPages                4062.35        20478.98            0.01        24541.35
PageTables                  8.79           81.82            0.00           90.61
WritebackTmp                0.00            0.00            0.00            0.00
MemTotal                63854.68        64492.78       514048.00       642395.46
MemFree                 51202.47        17472.24       514047.31       582722.02
MemUsed                 12652.20        47020.54            0.69        59673.44
Dirty                       0.01            0.01            0.00            0.02
Writeback                   0.00            0.00            0.00            0.00
FilePages                  55.76        17837.55            0.00        17893.32
AnonPages                4070.21        20486.62            0.01        24556.84
PageTables                  9.28           82.28            0.00           91.56
WritebackTmp                0.00            0.00            0.00            0.00
MemTotal                63854.68        64492.78       514048.00       642395.46
MemFree                 51201.38        17469.04       514047.31       582717.73
MemUsed                 12653.29        47023.75            0.69        59677.73
Dirty                       0.01            0.02            0.00            0.02
Writeback                   0.00            0.00            0.00            0.00
FilePages                  55.77        17837.56            0.00        17893.33
AnonPages                4070.21        20487.56            0.01        24557.78
PageTables                  9.28           82.31            0.00           91.59
WritebackTmp                0.00            0.00            0.00            0.00
MemTotal                63854.68        64492.78       514048.00       642395.46
MemFree                 51202.73        17468.48       514047.31       582718.53
MemUsed                 12651.94        47024.30            0.69        59676.93
Dirty                       0.00            0.01            0.00            0.01
Writeback                   0.00            0.00            0.00            0.00
FilePages                  55.78        17837.57            0.00        17893.35
AnonPages                4070.27        20486.88            0.01        24557.16
PageTables                  9.29           82.30            0.00           91.59
WritebackTmp                0.00            0.00            0.00            0.00
MemTotal                63854.68        64492.78       514048.00       642395.46
MemFree                 51202.27        17469.82       514047.31       582719.39
MemUsed                 12652.41        47022.96            0.69        59676.07
Dirty                       0.01            0.02            0.00            0.03
Writeback                   0.00            0.00            0.00            0.00
FilePages                  55.79        17837.58            0.00        17893.37
AnonPages                4070.21        20487.21            0.01        24557.43
PageTables                  9.29           82.30            0.00           91.59
WritebackTmp                0.00            0.00            0.00            0.00
MemTotal                63854.68        64492.78       514048.00       642395.46
MemFree                 51200.46        17472.28       514047.31       582720.05
MemUsed                 12654.21        47020.50            0.69        59675.41
Dirty                       0.01            0.02            0.00            0.03
Writeback                   0.00            0.00            0.00            0.00
FilePages                  55.80        17837.59            0.00        17893.39
AnonPages                4070.96        20486.73            0.01        24557.70
PageTables                  9.45           82.28            0.00           91.72
WritebackTmp                0.00            0.00            0.00            0.00
MemTotal                63854.68        64492.78       514048.00       642395.46
MemFree                 51201.45        17462.03       514047.31       582710.78
MemUsed                 12653.23        47030.75            0.69        59684.68
Dirty                       0.00            0.01            0.00            0.02
Writeback                   0.00            0.00            0.00            0.00
FilePages                  55.80        17837.60            0.00        17893.39
AnonPages                4070.73        20495.59            0.01        24566.33
PageTables                  9.33           82.76            0.00           92.09
WritebackTmp                0.00            0.00            0.00            0.00
MemTotal                63854.68        64492.78       514048.00       642395.46
MemFree                 51207.12        17474.15       514047.31       582728.58
MemUsed                 12647.55        47018.63            0.69        59666.88
Dirty                       0.01            0.00            0.00            0.01
Writeback                   0.00            0.00            0.00            0.00
FilePages                  55.81        17837.61            0.00        17893.41
AnonPages                4065.47        20483.55            0.01        24549.04
PageTables                  9.08           82.11            0.00           91.20
WritebackTmp                0.00            0.00            0.00            0.00
MemTotal                63854.68        64492.78       514048.00       642395.46
MemFree                 51209.39        17477.33       514047.31       582734.02
MemUsed                 12645.29        47015.45            0.69        59661.43
Dirty                       0.01            0.02            0.00            0.02
Writeback                   0.00            0.00            0.00            0.00
FilePages                  55.82        17837.61            0.00        17893.43
AnonPages                4062.77        20479.05            0.01        24541.83
PageTables                  8.79           81.83            0.00           90.62
WritebackTmp                0.00            0.00            0.00            0.00
MemTotal                63854.68        64492.78       514048.00       642395.46
MemFree                 51201.37        17470.50       514047.31       582719.18
MemUsed                 12653.30        47022.28            0.69        59676.28
Dirty                       0.01            0.01            0.00            0.02
Writeback                   0.00            0.00            0.00            0.00
FilePages                  55.82        17837.62            0.00        17893.44
AnonPages                4070.77        20487.35            0.01        24558.14
PageTables                  9.36           82.31            0.00           91.67
WritebackTmp                0.00            0.00            0.00            0.00
MemTotal                63854.68        64492.78       514048.00       642395.46
MemFree                 51370.03        17645.05       514047.31       583062.39
MemUsed                 12484.64        46847.73            0.69        59333.06
Dirty                       0.00            0.02            0.00            0.02
Writeback                   0.00            0.00            0.00            0.00
FilePages                  55.84        17837.63            0.00        17893.46
AnonPages                3893.16        20303.44            0.01        24196.62
PageTables                  8.25           81.07            0.00           89.32
WritebackTmp                0.00            0.00            0.00            0.00
MemTotal                63854.68        64492.78       514048.00       642395.46
MemFree                 51211.06        17479.18       514047.31       582737.55
MemUsed                 12643.61        47013.61            0.69        59657.91
Dirty                       0.01            0.02            0.00            0.03
Writeback                   0.00            0.00            0.00            0.00
FilePages                  55.84        17837.64            0.00        17893.48
AnonPages                4061.93        20479.62            0.01        24541.57
PageTables                  8.78           81.88            0.00           90.66
WritebackTmp                0.00            0.00            0.00            0.00
MemTotal                63854.68        64492.78       514048.00       642395.46
MemFree                 51204.21        17455.62       514047.31       582707.14
MemUsed                 12650.46        47037.16            0.69        59688.32
Dirty                       0.01            0.01            0.00            0.02
Writeback                   0.00            0.00            0.00            0.00
FilePages                  55.85        17837.64            0.00        17893.49
AnonPages                4069.64        20500.53            0.01        24570.19
PageTables                  9.25           82.34            0.00           91.59
WritebackTmp                0.00            0.00            0.00            0.00
MemTotal                63854.68        64492.78       514048.00       642395.46
MemFree                 51203.34        17470.11       514047.31       582720.75
MemUsed                 12651.34        47022.67            0.69        59674.70
Dirty                       0.01            0.00            0.00            0.01
Writeback                   0.00            0.00            0.00            0.00
FilePages                  55.86        17837.65            0.00        17893.51
AnonPages                4069.33        20487.14            0.01        24556.49
PageTables                  9.30           82.28            0.00           91.58
WritebackTmp                0.00            0.00            0.00            0.00
MemTotal                63854.68        64492.78       514048.00       642395.46
MemFree                 51202.67        17470.48       514047.31       582720.45
MemUsed                 12652.01        47022.30            0.69        59675.00
Dirty                       0.01            0.01            0.00            0.02
Writeback                   0.00            0.00            0.00            0.00
FilePages                  55.86        17837.66            0.00        17893.52
AnonPages                4069.64        20487.84            0.01        24557.49
PageTables                  9.25           82.34            0.00           91.59
WritebackTmp                0.00            0.00            0.00            0.00
MemTotal                63854.68        64492.78       514048.00       642395.46
MemFree                 51201.71        17468.85       514047.31       582717.87
MemUsed                 12652.97        47023.93            0.69        59677.59
Dirty                       0.01            0.02            0.00            0.02
Writeback                   0.00            0.00            0.00            0.00
FilePages                  55.86        17837.67            0.00        17893.53
AnonPages                4069.57        20488.21            0.01        24557.79
PageTables                  9.25           82.34            0.00           91.59
WritebackTmp                0.00            0.00            0.00            0.00
MemTotal                63854.68        64492.78       514048.00       642395.46
MemFree                 51203.48        17488.49       514047.31       582739.28
MemUsed                 12651.20        47004.29            0.69        59656.18
Dirty                       0.01            0.01            0.00            0.02
Writeback                   0.00            0.00            0.00            0.00
FilePages                  55.86        17837.68            0.00        17893.54
AnonPages                4065.65        20465.75            0.01        24531.42
PageTables                  9.20           82.31            0.00           91.51
WritebackTmp                0.00            0.00            0.00            0.00
MemTotal                63854.68        64492.78       514048.00       642395.46
MemFree                 51192.74        17478.52       514047.31       582718.57
MemUsed                 12661.93        47014.27            0.69        59676.89
Dirty                       0.00            0.02            0.00            0.02
Writeback                   0.00            0.00            0.00            0.00
FilePages                  55.88        17837.68            0.00        17893.57
AnonPages                4078.89        20478.59            0.01        24557.48
PageTables                  9.25           82.30            0.00           91.55
WritebackTmp                0.00            0.00            0.00            0.00
MemTotal                63854.68        64492.78       514048.00       642395.46
MemFree                 51201.55        17485.98       514047.31       582734.84
MemUsed                 12653.12        47006.80            0.69        59660.61
Dirty                       0.01            0.03            0.00            0.04
Writeback                   0.00            0.00            0.00            0.00
FilePages                  55.89        17837.70            0.00        17893.59
AnonPages                4070.99        20471.27            0.01        24542.28
PageTables                  8.74           81.87            0.00           90.61
WritebackTmp                0.00            0.00            0.00            0.00
MemTotal                63854.68        64492.78       514048.00       642395.46
MemFree                 51195.05        17465.60       514047.31       582707.96
MemUsed                 12659.62        47027.18            0.69        59687.50
Dirty                       0.02            0.02            0.00            0.04
Writeback                   0.00            0.00            0.00            0.00
FilePages                  55.89        17837.70            0.00        17893.60
AnonPages                4078.69        20492.91            0.01        24571.61
PageTables                  9.23           82.86            0.00           92.09
WritebackTmp                0.00            0.00            0.00            0.00
MemTotal                63854.68        64492.78       514048.00       642395.46
MemFree                 51193.67        17479.45       514047.31       582720.43
MemUsed                 12661.00        47013.34            0.69        59675.03
Dirty                       0.01            0.00            0.00            0.01
Writeback                   0.00            0.00            0.00            0.00
FilePages                  55.90        17837.71            0.00        17893.61
AnonPages                4078.77        20478.52            0.01        24557.30
PageTables                  9.29           82.30            0.00           91.59
WritebackTmp                0.00            0.00            0.00            0.00
MemTotal                63854.68        64492.78       514048.00       642395.46
MemFree                 51193.78        17478.00       514047.31       582719.09
MemUsed                 12660.89        47014.78            0.69        59676.36
Dirty                       0.01            0.01            0.00            0.02
Writeback                   0.00            0.00            0.00            0.00
FilePages                  55.90        17837.72            0.00        17893.62
AnonPages                4078.55        20479.11            0.01        24557.67
PageTables                  9.29           82.30            0.00           91.59
WritebackTmp                0.00            0.00            0.00            0.00
