MemTotal                63861.90        64493.11       514048.00       514048.00      1156451.01
MemFree                 53673.61        55689.55       513923.15       514047.72      1137334.03
MemUsed                 10188.29         8803.57          124.85            0.28        19116.98
Dirty                       0.02            0.01            0.06            0.00            0.09
Writeback                   0.00            0.00            0.00            0.00            0.00
FilePages                  38.02           31.83           79.12            0.00          148.97
AnonPages                 764.10           29.94            0.04            0.00          794.08
PageTables                 30.83            0.14            0.00            0.00           30.97
WritebackTmp                0.00            0.00            0.00            0.00            0.00
MemTotal                63861.90        64493.11       514048.00       514048.00      1156451.01
MemFree                 48730.07        55687.77       513923.77       514047.72      1132389.32
MemUsed                 15131.83         8805.35          124.23            0.28        24061.69
Dirty                       0.07            0.01            0.06            0.00            0.14
Writeback                   0.00            0.00            0.00            0.00            0.00
FilePages                2502.90           32.26           79.12            0.00         2614.28
AnonPages                3228.91           30.61            0.04            0.00         3259.56
PageTables                 36.06            0.14            0.00            0.00           36.20
WritebackTmp                0.00            0.00            0.00            0.00            0.00
MemTotal                63861.90        64493.11       514048.00       514048.00      1156451.01
MemFree                 43771.44        55687.77       513924.02       514047.72      1127430.94
MemUsed                 20090.46         8805.35          123.98            0.28        29020.07
Dirty                       0.01            0.01            0.06            0.00            0.08
Writeback                   0.00            0.00            0.00            0.00            0.00
FilePages                4973.89           32.27           79.12            0.00         5085.27
AnonPages                5699.53           30.74            0.04            0.00         5730.31
PageTables                 40.79            0.14            0.00            0.00           40.93
WritebackTmp                0.00            0.00            0.00            0.00            0.00
MemTotal                63861.90        64493.11       514048.00       514048.00      1156451.01
MemFree                 38795.40        55688.98       513924.02       514047.72      1122456.12
MemUsed                 25066.50         8804.13          123.98            0.28        33994.89
Dirty                       0.04            0.01            0.06            0.00            0.11
Writeback                   0.00            0.00            0.00            0.00            0.00
FilePages                7454.86           32.27           79.12            0.00         7566.25
AnonPages                8179.43           30.07            0.04            0.00         8209.55
PageTables                 45.57            0.14            0.00            0.00           45.71
WritebackTmp                0.00            0.00            0.00            0.00            0.00
MemTotal                63861.90        64493.11       514048.00       514048.00      1156451.01
MemFree                 33837.23        55689.78       513924.26       514047.72      1117498.99
MemUsed                 30024.67         8803.34          123.74            0.28        38952.02
Dirty                       0.02            0.01            0.06            0.00            0.09
Writeback                   0.00            0.00            0.00            0.00            0.00
FilePages                9924.70           32.28           79.12            0.00        10036.10
AnonPages               10649.51           29.34            0.04            0.00        10678.89
PageTables                 50.48            0.14            0.00            0.00           50.62
WritebackTmp                0.00            0.00            0.00            0.00            0.00
MemTotal                63861.90        64493.11       514048.00       514048.00      1156451.01
MemFree                 29024.21        55690.03       513720.86       514047.72      1112482.82
MemUsed                 34837.68         8803.09          327.14            0.28        43968.19
Dirty                       0.11            0.01            0.11            0.00            0.23
Writeback                   0.00            0.00            0.00            0.00            0.00
FilePages               12245.34           32.29          258.77            0.00        12536.40
AnonPages               13125.54           29.60           22.04            0.00        13177.17
PageTables                 55.38            0.14            0.00            0.00           55.52
WritebackTmp                0.00            0.00            0.00            0.00            0.00
MemTotal                63861.90        64493.11       514048.00       514048.00      1156451.01
MemFree                 28949.18        55690.29       509101.02       514047.72      1107788.21
MemUsed                 34912.72         8802.82         4946.98            0.28        48662.80
Dirty                       0.02            0.01            0.05            0.00            0.08
Writeback                   0.00            0.00            0.00            0.00            0.00
FilePages               11018.54           32.30         3826.37            0.00        14877.21
AnonPages               14413.52           29.77         1076.09            0.00        15519.37
PageTables                 59.89            0.14            0.00            0.00           60.03
WritebackTmp                0.00            0.00            0.00            0.00            0.00
MemTotal                63861.90        64493.11       514048.00       514048.00      1156451.01
MemFree                 29016.32        55690.49       504385.98       514047.72      1103140.51
MemUsed                 34845.58         8802.62         9662.02            0.28        53310.50
Dirty                       0.03            0.01            0.04            0.00            0.08
Writeback                   0.00            0.00            0.00            0.00            0.00
FilePages                9736.92           32.30         7424.05            0.00        17193.27
AnonPages               15613.46           29.89         2192.14            0.00        17835.49
PageTables                 64.47            0.14            0.00            0.00           64.61
WritebackTmp                0.00            0.00            0.00            0.00            0.00
MemTotal                63861.90        64493.11       514048.00       514048.00      1156451.01
MemFree                 28893.74        55690.49       499868.17       514047.72      1098500.12
MemUsed                 34968.16         8802.62        14179.83            0.28        57950.89
Dirty                       0.03            0.01            0.06            0.00            0.10
Writeback                   0.00            0.00            0.00            0.00            0.00
FilePages                8701.76           32.31        10770.30            0.00        19504.38
AnonPages               16755.44           30.06         3360.04            0.00        20145.54
PageTables                 68.95            0.14            0.00            0.00           69.09
WritebackTmp                0.00            0.00            0.00            0.00            0.00
MemTotal                63861.90        64493.11       514048.00       514048.00      1156451.01
MemFree                 28905.20        55690.49       495161.39       514047.72      1093804.79
MemUsed                 34956.70         8802.62        18886.61            0.28        62646.22
Dirty                       0.03            0.01            0.04            0.00            0.08
Writeback                   0.00            0.00            0.00            0.00            0.00
FilePages                7327.85           32.32        14484.25            0.00        21844.41
AnonPages               18103.39           30.19         4354.16            0.00        22487.73
PageTables                 73.57            0.14            0.00            0.00           73.71
WritebackTmp                0.00            0.00            0.00            0.00            0.00
MemTotal                63861.90        64493.11       514048.00       514048.00      1156451.01
MemFree                 28992.32        55690.25       490479.55       514047.72      1089209.83
MemUsed                 34869.58         8802.87        23568.45            0.28        67241.18
Dirty                       0.04            0.01            0.06            0.00            0.10
Writeback                   0.00            0.00            0.00            0.00            0.00
FilePages                6066.18           32.33        18037.93            0.00        24136.44
AnonPages               19265.43           30.41         5482.19            0.00        24778.02
PageTables                 78.09            0.14            0.00            0.00           78.23
WritebackTmp                0.00            0.00            0.00            0.00            0.00
MemTotal                63861.90        64493.11       514048.00       514048.00      1156451.01
MemFree                 28814.44        55690.25       486037.59       514047.72      1084590.00
MemUsed                 35047.46         8802.87        28010.41            0.28        71861.02
Dirty                       0.04            0.01            0.05            0.00            0.09
Writeback                   0.00            0.00            0.00            0.00            0.00
FilePages                5042.37           32.34        21364.24            0.00        26438.94
AnonPages               20453.52           30.60         6597.98            0.00        27082.10
PageTables                 82.54            0.14            0.00            0.00           82.68
WritebackTmp                0.00            0.00            0.00            0.00            0.00
MemTotal                63861.90        64493.11       514048.00       514048.00      1156451.01
MemFree                 28904.20        55690.00       481251.75       514047.72      1079893.66
MemUsed                 34957.70         8803.11        32796.25            0.28        76557.35
Dirty                       0.04            0.01            0.06            0.00            0.11
Writeback                   0.00            0.00            0.00            0.00            0.00
FilePages                3593.87           32.35        25152.25            0.00        28778.46
AnonPages               21795.38           30.66         7594.16            0.00        29420.20
PageTables                 87.20            0.14            0.00            0.00           87.34
WritebackTmp                0.00            0.00            0.00            0.00            0.00
MemTotal                63861.90        64493.11       514048.00       514048.00      1156451.01
MemFree                 28917.82        55689.86       476617.62       514047.72      1075273.03
MemUsed                 34944.07         8803.25        37430.38            0.28        81177.98
Dirty                       0.00            0.00            0.00            0.00            0.00
Writeback                   0.00            0.00            0.00            0.00            0.00
FilePages                2485.69           32.36        28562.43            0.00        31080.47
AnonPages               22875.48           29.84         8816.05            0.00        31721.38
PageTables                 91.68            0.14            0.00            0.00           91.82
WritebackTmp                0.00            0.00            0.00            0.00            0.00
MemTotal                63861.90        64493.11       514048.00       514048.00      1156451.01
MemFree                 28748.08        55689.61       472098.15       514047.72      1070583.56
MemUsed                 35113.82         8803.50        41949.85            0.28        85867.45
Dirty                       0.01            0.00            0.02            0.00            0.02
Writeback                   0.00            0.00            0.00            0.00            0.00
FilePages                1405.79           32.36        31982.25            0.00        33420.40
AnonPages               24113.41           29.91         9918.11            0.00        34061.43
PageTables                 96.20            0.14            0.00            0.00           96.34
WritebackTmp                0.00            0.00            0.00            0.00            0.00
MemTotal                63861.90        64493.11       514048.00       514048.00      1156451.01
MemFree                 28977.79        55689.61       467212.14       514047.72      1065927.26
MemUsed                 34884.11         8803.50        46835.86            0.28        90523.75
Dirty                       0.00            0.00            0.00            0.00            0.00
Writeback                   0.00            0.00            0.00            0.00            0.00
FilePages                 370.19           32.37        35334.93            0.00        35737.49
AnonPages               24903.21           29.98        11444.48            0.00        36377.67
PageTables                100.80            0.14            0.00            0.00          100.95
WritebackTmp                0.00            0.00            0.00            0.00            0.00
MemTotal                63861.90        64493.11       514048.00       514048.00      1156451.01
MemFree                 29022.35        55689.61       462498.12       514047.72      1061257.80
MemUsed                 34839.55         8803.50        51549.88            0.28        95193.21
Dirty                       0.01            0.00            0.02            0.00            0.02
Writeback                   0.00            0.00            0.00            0.00            0.00
FilePages                 369.18           32.38        37664.93            0.00        38066.48
AnonPages               24843.29           30.18        13832.38            0.00        38705.84
PageTables                105.34            0.14            0.00            0.00          105.48
WritebackTmp                0.00            0.00            0.00            0.00            0.00
MemTotal                63861.90        64493.11       514048.00       514048.00      1156451.01
MemFree                 28982.84        55689.37       457817.03       514047.72      1056536.96
MemUsed                 34879.06         8803.75        56230.97            0.28        99914.05
Dirty                       0.00            0.00            0.00            0.00            0.00
Writeback                   0.00            0.00            0.00            0.00            0.00
FilePages                 396.47           32.39        39990.55            0.00        40419.41
AnonPages               24841.48           30.30        16190.38            0.00        41062.16
PageTables                109.97            0.14            0.00            0.00          110.11
WritebackTmp                0.00            0.00            0.00            0.00            0.00
MemTotal                63861.90        64493.11       514048.00       514048.00      1156451.01
MemFree                 28968.92        55690.13       453141.19       514047.72      1051847.96
MemUsed                 34892.98         8802.98        60906.81            0.28       104603.05
Dirty                       0.01            0.00            0.02            0.00            0.02
Writeback                   0.00            0.00            0.00            0.00            0.00
FilePages                 406.26           32.39        42318.95            0.00        42757.60
AnonPages               24833.57           29.73        18536.38            0.00        43399.68
PageTables                114.57            0.14            0.00            0.00          114.71
WritebackTmp                0.00            0.00            0.00            0.00            0.00
MemTotal                63861.90        64493.11       514048.00       514048.00      1156451.01
MemFree                 28917.17        55689.88       448481.85       514047.72      1047136.62
MemUsed                 34944.73         8803.23        65566.15            0.28       109314.39
Dirty                       0.00            0.00            0.00            0.00            0.00
Writeback                   0.00            0.00            0.00            0.00            0.00
FilePages                 429.14           32.40        44647.11            0.00        45108.65
AnonPages               24849.54           29.80        20870.38            0.00        45749.71
PageTables                119.10            0.14            0.00            0.00          119.24
WritebackTmp                0.00            0.00            0.00            0.00            0.00
MemTotal                63861.90        64493.11       514048.00       514048.00      1156451.01
MemFree                 28860.61        55689.88       443836.02       514047.72      1042434.23
MemUsed                 35001.29         8803.23        70211.98            0.28       114016.78
Dirty                       0.01            0.00            0.02            0.00            0.02
Writeback                   0.00            0.00            0.00            0.00            0.00
FilePages                 446.64           32.41        46973.11            0.00        47452.16
AnonPages               24873.60           29.84        23190.38            0.00        48093.82
PageTables                123.71            0.14            0.00            0.00          123.85
WritebackTmp                0.00            0.00            0.00            0.00            0.00
MemTotal                63861.90        64493.11       514048.00       514048.00      1156451.01
MemFree                 28799.97        55689.64       439206.76       514047.72      1037744.09
MemUsed                 35061.93         8803.48        74841.24            0.28       118706.92
Dirty                       0.00            0.00            0.00            0.00            0.00
Writeback                   0.00            0.00            0.00            0.00            0.00
FilePages                 473.17           32.42        49284.88            0.00        49790.47
AnonPages               24895.52           30.23        25506.38            0.00        50432.13
PageTables                128.16            0.14            0.00            0.00          128.30
WritebackTmp                0.00            0.00            0.00            0.00            0.00
MemTotal                63861.90        64493.11       514048.00       514048.00      1156451.01
MemFree                 28769.35        55688.48       434548.47       514047.72      1033054.01
MemUsed                 35092.55         8804.64        79499.53            0.28       123397.00
Dirty                       0.01            0.00            0.02            0.00            0.02
Writeback                   0.00            0.00            0.00            0.00            0.00
FilePages                 484.54           32.43        51611.12            0.00        52128.08
AnonPages               24899.75           30.26        27840.50            0.00        52770.50
PageTables                132.91            0.14            0.00            0.00          133.05
WritebackTmp                0.00            0.00            0.00            0.00            0.00
MemTotal                63861.90        64493.11       514048.00       514048.00      1156451.01
MemFree                 28744.30        55688.23       429865.29       514047.72      1028345.54
MemUsed                 35117.59         8804.88        84182.71            0.28       128105.47
Dirty                       0.01            0.00            0.00            0.00            0.01
Writeback                   0.00            0.00            0.00            0.00            0.00
FilePages                 495.08           32.43        53945.12            0.00        54472.63
AnonPages               24897.68           30.37        30186.57            0.00        55114.61
PageTables                137.46            0.14            0.00            0.00          137.61
WritebackTmp                0.00            0.00            0.00            0.00            0.00
MemTotal                63861.90        64493.11       514048.00       514048.00      1156451.01
MemFree                 28878.89        55688.23       425103.10       514047.72      1023717.94
MemUsed                 34983.01         8804.88        88944.90            0.28       132733.07
Dirty                       0.00            0.00            0.00            0.00            0.00
Writeback                   0.00            0.00            0.00            0.00            0.00
FilePages                 420.42           32.44        56326.75            0.00        56779.62
AnonPages               24823.92           30.48        32568.48            0.00        57422.88
PageTables                141.58            0.14            0.00            0.00          141.72
WritebackTmp                0.00            0.00            0.00            0.00            0.00
MemTotal                63861.90        64493.11       514048.00       514048.00      1156451.01
MemFree                 28693.51        55687.77       420359.11       514047.72      1018788.11
MemUsed                 35168.39         8805.34        93688.89            0.28       137662.90
Dirty                       0.11            0.01            0.08            0.00            0.20
Writeback                   0.00            0.00            0.00            0.00            0.00
FilePages                 270.20           32.45        58642.07            0.00        58944.72
AnonPages               25111.68           29.84        34997.46            0.00        60138.99
PageTables                146.18            0.14            0.00            0.00          146.32
WritebackTmp                0.00            0.00            0.00            0.00            0.00
MemTotal                63861.90        64493.11       514048.00       514048.00      1156451.01
MemFree                 28783.46        55687.87       418606.54       514047.72      1017125.59
MemUsed                 35078.43         8805.24        95441.46            0.28       139325.42
Dirty                       0.05            0.01            0.05            0.00            0.11
Writeback                   0.00            0.00            0.00            0.00            0.00
FilePages                  33.84           32.46        58878.20            0.00        58944.51
AnonPages               25282.77           31.28        36507.21            0.00        61821.26
PageTables                152.12            0.56            0.00            0.00          152.68
WritebackTmp                0.00            0.00            0.00            0.00            0.00
MemTotal                63861.90        64493.11       514048.00       514048.00      1156451.01
MemFree                 29379.84        55688.74       417999.66       514047.72      1017115.96
MemUsed                 34482.06         8804.37        96048.34            0.28       139335.05
Dirty                       0.05            0.00            0.00            0.00            0.05
Writeback                   0.00            0.00            0.00            0.00            0.00
FilePages                  33.55           32.47        58878.50            0.00        58944.52
AnonPages               24626.21           30.69        37107.12            0.00        61764.03
PageTables                170.42            0.14            0.00            0.00          170.56
WritebackTmp                0.00            0.00            0.00            0.00            0.00
MemTotal                63861.90        64493.11       514048.00       514048.00      1156451.01
MemFree                 32765.77        55688.74       414626.36       514047.72      1017128.59
MemUsed                 31096.13         8804.37        99421.64            0.28       139322.42
Dirty                       0.00            0.00            0.00            0.00            0.00
Writeback                   0.00            0.00            0.00            0.00            0.00
FilePages                  33.55           32.48        58878.50            0.00        58944.53
AnonPages               21263.06           30.81        40479.12            0.00        61772.99
PageTables                170.27            0.14            0.00            0.00          170.41
WritebackTmp                0.00            0.00            0.00            0.00            0.00
MemTotal                63861.90        64493.11       514048.00       514048.00      1156451.01
MemFree                 31059.78        55688.74       416319.61       514047.72      1017115.84
MemUsed                 32802.12         8804.37        97728.39            0.28       139335.17
Dirty                       0.01            0.00            0.02            0.00            0.03
Writeback                   0.00            0.00            0.00            0.00            0.00
FilePages                  33.55           32.48        58878.50            0.00        58944.54
AnonPages               22950.80           30.89        38783.48            0.00        61765.17
PageTables                170.29            0.14            0.00            0.00          170.43
WritebackTmp                0.00            0.00            0.00            0.00            0.00
MemTotal                63861.90        64493.11       514048.00       514048.00      1156451.01
MemFree                 29165.51        55688.99       418137.30       514047.72      1017039.52
MemUsed                 34696.39         8804.12        95910.70            0.28       139411.50
Dirty                       0.00            0.00            0.00            0.00            0.00
Writeback                   0.00            0.00            0.00            0.00            0.00
FilePages                  33.55           32.49        58878.50            0.00        58944.55
AnonPages               24870.82           30.96        36979.66            0.00        61881.44
PageTables                170.51            0.14            0.00            0.00          170.65
WritebackTmp                0.00            0.00            0.00            0.00            0.00
MemTotal                63861.90        64493.11       514048.00       514048.00      1156451.01
MemFree                 28668.77        55688.75       419537.07       514047.72      1017942.30
MemUsed                 35193.13         8804.37        94510.93            0.28       138508.71
Dirty                       0.02            0.00            0.01            0.00            0.04
Writeback                   0.00            0.00            0.00            0.00            0.00
FilePages                  33.55           32.51        58878.50            0.00        58944.56
AnonPages               25346.14           31.04        35567.53            0.00        60944.71
PageTables                166.33            0.14            0.00            0.00          166.47
WritebackTmp                0.00            0.00            0.00            0.00            0.00
MemTotal                63861.90        64493.11       514048.00       514048.00      1156451.01
MemFree                 31214.21        55688.75       416309.50       514047.72      1017260.18
MemUsed                 32647.69         8804.37        97738.50            0.28       139190.84
Dirty                       0.00            0.00            0.00            0.00            0.00
Writeback                   0.00            0.00            0.01            0.00            0.02
FilePages                  33.55           32.51        58878.50            0.00        58944.56
AnonPages               22334.38           31.12        38166.84            0.00        60532.34
PageTables                168.48            0.14            0.00            0.00          168.62
WritebackTmp                0.00            0.00            0.00            0.00            0.00
MemTotal                63861.90        64493.11       514048.00       514048.00      1156451.01
MemFree                 31000.46        55688.75       416394.38       514047.72      1017131.30
MemUsed                 32861.44         8804.37        97653.62            0.28       139319.71
Dirty                       0.01            0.00            0.00            0.00            0.02
Writeback                   0.00            0.00            0.00            0.00            0.00
FilePages                  33.56           32.52        58878.50            0.00        58944.58
AnonPages               23016.52           31.20        38715.44            0.00        61763.17
PageTables                170.44            0.14            0.00            0.00          170.58
WritebackTmp                0.00            0.00            0.00            0.00            0.00
MemTotal                63861.90        64493.11       514048.00       514048.00      1156451.01
MemFree                 33492.52        55688.99       413576.31       514047.72      1016805.54
MemUsed                 30369.38         8804.12       100471.69            0.28       139645.47
Dirty                       0.00            0.00            0.00            0.00            0.00
Writeback                   0.00            0.00            0.00            0.00            0.00
FilePages                  33.55           32.52        58878.50            0.00        58944.58
AnonPages               20537.62           31.28        41533.09            0.00        62101.98
PageTables                170.99            0.14            0.00            0.00          171.13
WritebackTmp                0.00            0.00            0.00            0.00            0.00
MemTotal                63861.90        64493.11       514048.00       514048.00      1156451.01
MemFree                 33619.65        55688.75       413582.49       514047.72      1016938.61
MemUsed                 30242.25         8804.37       100465.51            0.28       139512.41
Dirty                       0.02            0.00            0.01            0.00            0.03
Writeback                   0.00            0.00            0.00            0.00            0.00
FilePages                  33.55           32.54        58878.50            0.00        58944.60
AnonPages               20403.98           31.34        41531.03            0.00        61966.36
PageTables                170.85            0.14            0.00            0.00          170.99
WritebackTmp                0.00            0.00            0.00            0.00            0.00
