MemTotal                63854.68        64492.78       514048.00       514048.00      1156443.45
MemFree                 45731.07        15877.26       406414.14       514047.88       982070.35
MemUsed                 18123.60        48615.52       107633.86            0.12       174373.10
Dirty                       0.01            0.00            0.02            0.00            0.03
Writeback                   0.00            0.00            0.00            0.00            0.00
FilePages                7369.85        39494.54       107093.20            0.00       153957.58
AnonPages                 680.45           64.43            3.31            0.00          748.18
PageTables                 46.00            1.80            0.09            0.00           47.89
WritebackTmp                0.00            0.00            0.00            0.00            0.00
MemTotal                63854.68        64492.78       514048.00       514048.00      1156443.45
MemFree                 36955.04        15876.82       406414.14       514047.88       973293.88
MemUsed                 26899.63        48615.96       107633.86            0.12       183149.57
Dirty                       0.06            0.00            0.14            0.00            0.21
Writeback                   0.00            0.00            0.00            0.00            0.00
FilePages                7369.88        39494.55       107093.20            0.00       153957.62
AnonPages                9446.07           64.37            3.31            0.00         9513.75
PageTables                 61.69            1.80            0.09            0.00           63.58
WritebackTmp                0.00            0.00            0.00            0.00            0.00
MemTotal                63854.68        64492.78       514048.00       514048.00      1156443.45
MemFree                 27669.88        15876.61       406414.14       514047.88       964008.51
MemUsed                 36184.79        48616.17       107633.86            0.12       192434.95
Dirty                       0.01            0.00            0.00            0.00            0.02
Writeback                   0.00            0.00            0.00            0.00            0.00
FilePages                7369.89        39494.55       107093.20            0.00       153957.64
AnonPages               18689.41           64.38            3.31            0.00        18757.09
PageTables                 79.55            1.80            0.09            0.00           81.44
WritebackTmp                0.00            0.00            0.00            0.00            0.00
MemTotal                63854.68        64492.78       514048.00       514048.00      1156443.45
MemFree                 25207.72        15878.75       406414.14       514047.88       961548.50
MemUsed                 38646.95        48614.02       107633.86            0.12       194894.96
Dirty                       0.00            0.00            0.00            0.00            0.00
Writeback                   0.00            0.00            0.00            0.00            0.00
FilePages                7369.90        39494.55       107093.20            0.00       153957.65
AnonPages               21164.71           64.96            3.31            0.00        21232.98
PageTables                 85.86            1.80            0.09            0.00           87.75
WritebackTmp                0.00            0.00            0.00            0.00            0.00
MemTotal                63854.68        64492.78       514048.00       514048.00      1156443.45
MemFree                 24355.18        15049.75       406414.14       514047.88       959866.96
MemUsed                 39499.49        49443.02       107633.86            0.12       196576.50
Dirty                     416.93          394.44            0.00            0.00          811.38
Writeback                   0.00            0.00            0.00            0.00            0.00
FilePages                8202.87        40310.57       107093.20            0.00       155606.63
AnonPages               21168.25           64.63            3.31            0.00        21236.19
PageTables                 85.80            1.95            0.09            0.00           87.85
WritebackTmp                0.00            0.00            0.00            0.00            0.00
MemTotal                63854.68        64492.78       514048.00       514048.00      1156443.45
MemFree                 23419.84        14075.54       406414.14       514047.88       957957.40
MemUsed                 40434.83        50417.24       107633.86            0.12       198486.05
Dirty                     890.40          872.58            0.02            0.00         1763.00
Writeback                   0.00            0.00            0.00            0.00            0.00
FilePages                9148.00        41268.91       107093.20            0.00       157510.10
AnonPages               21144.85           64.15            3.31            0.00        21212.30
PageTables                 85.82            1.90            0.09            0.00           87.81
WritebackTmp                0.00            0.00            0.00            0.00            0.00
MemTotal                63854.68        64492.78       514048.00       514048.00      1156443.45
MemFree                 21771.59        14075.78       406414.14       514047.88       956309.39
MemUsed                 42083.09        50417.00       107633.86            0.12       200134.06
Dirty                     714.50            0.01            0.02            0.00          714.54
Writeback                   0.00            0.00            0.00            0.00            0.00
FilePages               10749.62        41269.05       107093.20            0.00       159111.87
AnonPages               21168.62           64.10            3.31            0.00        21236.04
PageTables                 85.86            1.90            0.09            0.00           87.85
WritebackTmp                0.00            0.00            0.00            0.00            0.00
MemTotal                63854.68        64492.78       514048.00       514048.00      1156443.45
MemFree                 20495.26        14075.83       406414.14       514047.88       955033.11
MemUsed                 43359.42        50416.95       107633.86            0.12       201410.34
Dirty                    1591.61            0.01            0.02            0.00         1591.64
Writeback                   0.00            0.00            0.00            0.00            0.00
FilePages               12504.31        41269.06       107093.20            0.00       160866.56
AnonPages               20655.32           63.97            3.31            0.00        20722.60
PageTables                 84.87            1.90            0.09            0.00           86.86
WritebackTmp                0.00            0.00            0.00            0.00            0.00
MemTotal                63854.68        64492.78       514048.00       514048.00      1156443.45
MemFree                 17811.89        14076.36       406414.14       514047.88       952350.27
MemUsed                 46042.79        50416.42       107633.86            0.12       204093.18
Dirty                    2662.70            0.01            0.03            0.00         2662.73
Writeback                   0.00            0.00            0.00            0.00            0.00
FilePages               14647.01        41269.07       107093.20            0.00       163009.27
AnonPages               21162.74           64.08            3.31            0.00        21230.13
PageTables                 85.80            1.96            0.09            0.00           87.85
WritebackTmp                0.00            0.00            0.00            0.00            0.00
MemTotal                63854.68        64492.78       514048.00       514048.00      1156443.45
MemFree                 15903.92        14076.43       406414.14       514047.88       950442.37
MemUsed                 47950.75        50416.35       107633.86            0.12       206001.08
Dirty                    3599.05            0.01            0.03            0.00         3599.09
Writeback                   0.00            0.00            0.00            0.00            0.00
FilePages               16519.44        41269.07       107093.20            0.00       164881.70
AnonPages               21168.13           64.08            3.31            0.00        21235.52
PageTables                 85.86            1.90            0.09            0.00           87.85
WritebackTmp                0.00            0.00            0.00            0.00            0.00
MemTotal                63854.68        64492.78       514048.00       514048.00      1156443.45
MemFree                 14023.54        14076.21       406414.14       514047.88       948561.77
MemUsed                 49831.14        50416.57       107633.86            0.12       207881.69
Dirty                    4560.31            0.01            0.03            0.00         4560.35
Writeback                   0.00            0.00            0.00            0.00            0.00
FilePages               18442.62        41269.07       107093.20            0.00       166804.88
AnonPages               21086.96           64.14            3.14            0.00        21154.23
PageTables                 85.52            1.95            0.09            0.00           87.57
WritebackTmp                0.00            0.00            0.00            0.00            0.00
MemTotal                63854.68        64492.78       514048.00       514048.00      1156443.45
MemFree                 12253.69        14076.22       406414.32       514047.88       946792.10
MemUsed                 51600.99        50416.56       107633.68            0.12       209651.36
Dirty                    5394.98            0.00            0.00            0.00         5394.98
Writeback                   0.00            0.00            0.00            0.00            0.00
FilePages               20111.64        41269.07       107093.20            0.00       168473.90
AnonPages               21167.88           64.12            3.14            0.00        21235.14
PageTables                 85.80            1.95            0.09            0.00           87.85
WritebackTmp                0.00            0.00            0.00            0.00            0.00
MemTotal                63854.68        64492.78       514048.00       514048.00      1156443.45
MemFree                 11755.71        13301.81       406414.32       514047.88       945519.71
MemUsed                 52098.97        51190.96       107633.68            0.12       210923.74
Dirty                       0.02           23.15            0.00            0.00           23.16
Writeback                   0.00            0.00            0.00            0.00            0.00
FilePages               20664.47        42029.13       107093.20            0.00       169786.79
AnonPages               21093.28           64.12            3.14            0.00        21160.54
PageTables                 85.81            1.95            0.09            0.00           87.86
WritebackTmp                0.00            0.00            0.00            0.00            0.00
MemTotal                63854.68        64492.78       514048.00       514048.00      1156443.45
MemFree                 11326.54        11361.82       406414.32       514047.88       943150.55
MemUsed                 52528.13        53130.96       107633.68            0.12       213292.90
Dirty                     178.99          977.38            0.00            0.00         1156.37
Writeback                   0.00            0.00            0.00            0.00            0.00
FilePages               21023.28        43937.63       107093.20            0.00       172054.11
AnonPages               21164.49           64.08            3.14            0.00        21231.70
PageTables                 85.86            1.90            0.09            0.00           87.85
WritebackTmp                0.00            0.00            0.00            0.00            0.00
MemTotal                63854.68        64492.78       514048.00       514048.00      1156443.45
MemFree                  9568.78        11361.82       406414.32       514047.88       941392.79
MemUsed                 54285.90        53130.96       107633.68            0.12       215050.66
Dirty                    1040.13          977.38            0.00            0.00         2017.51
Writeback                   0.00            0.00            0.00            0.00            0.00
FilePages               22745.26        43937.63       107093.20            0.00       173776.08
AnonPages               21168.09           63.73            3.14            0.00        21234.96
PageTables                 85.92            1.84            0.09            0.00           87.86
WritebackTmp                0.00            0.00            0.00            0.00            0.00
MemTotal                63854.68        64492.78       514048.00       514048.00      1156443.45
MemFree                  7737.39        11363.42       406414.32       514047.88       939563.01
MemUsed                 56117.28        53129.36       107633.68            0.12       216880.45
Dirty                    1974.63          977.38            0.00            0.00         2952.01
Writeback                   0.00            0.00            0.00            0.00            0.00
FilePages               24613.04        43937.63       107093.20            0.00       175643.87
AnonPages               21093.05           63.81            3.14            0.00        21160.00
PageTables                 85.70            1.90            0.09            0.00           87.69
WritebackTmp                0.00            0.00            0.00            0.00            0.00
MemTotal                63854.68        64492.78       514048.00       514048.00      1156443.45
MemFree                  6060.27        11363.43       406414.32       514047.88       937885.89
MemUsed                 57794.40        53129.35       107633.68            0.12       218557.56
Dirty                    2766.84          977.38            0.00            0.00         3744.22
Writeback                   0.00            0.00            0.00            0.00            0.00
FilePages               26197.03        43937.63       107093.20            0.00       177227.85
AnonPages               21169.92           63.54            3.14            0.00        21236.59
PageTables                 85.77            1.90            0.09            0.00           87.76
WritebackTmp                0.00            0.00            0.00            0.00            0.00
MemTotal                63854.68        64492.78       514048.00       514048.00      1156443.45
MemFree                  4326.68        11362.95       406414.32       514047.88       936151.83
MemUsed                 59527.99        53129.82       107633.68            0.12       220291.62
Dirty                    3618.09          977.38            0.01            0.00         4595.47
Writeback                   0.00            0.00            0.00            0.00            0.00
FilePages               27900.38        43937.63       107093.20            0.00       178931.20
AnonPages               21168.35           63.42            3.14            0.00        21234.91
PageTables                 85.93            1.84            0.09            0.00           87.86
WritebackTmp                0.00            0.00            0.00            0.00            0.00
MemTotal                63854.68        64492.78       514048.00       514048.00      1156443.45
MemFree                  2315.59        11363.03       406414.32       514047.88       934140.80
MemUsed                 61539.09        53129.75       107633.68            0.12       222302.65
Dirty                    4611.44          977.38            0.00            0.00         5588.81
Writeback                   0.00            0.00            0.00            0.00            0.00
FilePages               29888.31        43937.63       107093.20            0.00       180919.13
AnonPages               21160.55           63.38            3.14            0.00        21227.06
PageTables                 85.91            1.84            0.09            0.00           87.85
WritebackTmp                0.00            0.00            0.00            0.00            0.00
MemTotal                63854.68        64492.78       514048.00       514048.00      1156443.45
MemFree                   822.74        11362.78       406414.32       514047.88       932647.71
MemUsed                 63031.93        53130.00       107633.68            0.12       223795.74
Dirty                     552.33            0.00            0.00            0.00          552.33
Writeback                   0.00            0.00            0.00            0.00            0.00
FilePages               31356.58        43937.91       107093.20            0.00       182387.68
AnonPages               21153.15           63.41            3.14            0.00        21219.70
PageTables                 85.02            1.84            0.09            0.00           86.96
WritebackTmp                0.00            0.00            0.00            0.00            0.00
MemTotal                63854.68        64492.78       514048.00       514048.00      1156443.45
MemFree                   362.68        11362.79       405101.92       514047.88       930875.26
MemUsed                 63491.99        53129.99       108946.08            0.12       225568.19
Dirty                    1091.52            0.00          421.50            0.00         1513.02
Writeback                   0.00            0.00            0.00            0.00            0.00
FilePages               32200.36        43937.91       108169.51            0.00       184307.78
AnonPages               20731.24           63.54          170.97            0.00        20965.75
PageTables                 84.95            1.90            0.36            0.00           87.20
WritebackTmp                0.00            0.00            0.00            0.00            0.00
MemTotal                63854.68        64492.78       514048.00       514048.00      1156443.45
MemFree                   307.82        11362.80       403266.81       514047.88       928985.30
MemUsed                 63546.85        53129.98       110781.19            0.12       227458.15
Dirty                    1474.57            0.00          853.48            0.00         2328.05
Writeback                   0.00            0.00            0.00            0.00            0.00
FilePages               32048.99        43937.91       109951.93            0.00       185938.82
AnonPages               20944.91           63.62          223.05            0.00        21231.59
PageTables                 85.46            1.89            0.51            0.00           87.87
WritebackTmp                0.00            0.00            0.00            0.00            0.00
MemTotal                63854.68        64492.78       514048.00       514048.00      1156443.45
MemFree                   315.01        11362.80       401522.75       514047.88       927248.44
MemUsed                 63539.66        53129.98       112525.25            0.12       229195.01
Dirty                    1860.73            0.00         1324.54            0.00         3185.27
Writeback                   0.00            0.00            0.00            0.00            0.00
FilePages               32022.45        43937.91       111692.25            0.00       187652.60
AnonPages               20944.98           63.44          226.62            0.00        21235.03
PageTables                 85.46            1.84            0.57            0.00           87.87
WritebackTmp                0.00            0.00            0.00            0.00            0.00
MemTotal                63854.68        64492.78       514048.00       514048.00      1156443.45
MemFree                   326.53        11361.64       399977.66       514047.88       925713.71
MemUsed                 63528.15        53131.13       114070.34            0.12       230729.74
Dirty                    2598.23            0.00         1405.05            0.00         4003.29
Writeback                   0.00            0.00            0.00            0.00            0.00
FilePages               32201.66        43937.91       113150.98            0.00       189290.55
AnonPages               20714.63           63.64          282.63            0.00        21060.91
PageTables                 85.09            1.90            0.48            0.00           87.47
WritebackTmp                0.00            0.00            0.00            0.00            0.00
MemTotal                63854.68        64492.78       514048.00       514048.00      1156443.45
MemFree                   369.02        11361.11       398277.01       514047.88       924055.02
MemUsed                 63485.65        53131.66       115770.99            0.12       232388.43
Dirty                    3350.30            0.00         1405.41            0.00         4755.72
Writeback                   0.00            0.00            0.00            0.00            0.00
FilePages               31994.50        43937.91       114862.21            0.00       190794.62
AnonPages               20869.38           63.66          300.99            0.00        21234.04
PageTables                 85.45            1.90            0.52            0.00           87.87
WritebackTmp                0.00            0.00            0.00            0.00            0.00
MemTotal                63854.68        64492.78       514048.00       514048.00      1156443.45
MemFree                   507.11        11361.03       396503.22       514047.88       922419.23
MemUsed                 63347.57        53131.75       117544.78            0.12       234024.22
Dirty                    2314.64            0.00          311.10            0.00         2625.74
Writeback                  14.82            0.00            0.00            0.00           14.82
FilePages               31740.93        43937.91       116737.63            0.00       192416.47
AnonPages               20955.77           63.52          214.65            0.00        21233.93
PageTables                 85.43            1.84            0.51            0.00           87.79
WritebackTmp                0.00            0.00            0.00            0.00            0.00
MemTotal                63854.68        64492.78       514048.00       514048.00      1156443.45
MemFree                   319.88         9677.92       396261.85       514047.88       920307.52
MemUsed                 63534.80        54814.86       117786.15            0.12       236135.93
Dirty                      73.98          827.57          111.98            0.00         1013.54
Writeback                   0.00            0.00            0.00            0.00            0.00
FilePages               31798.45        45593.42       117157.51            0.00       194549.37
AnonPages               21072.68           63.52            6.61            0.00        21142.81
PageTables                 85.58            1.84            0.11            0.00           87.54
WritebackTmp                0.00            0.00            0.00            0.00            0.00
MemTotal                63854.68        64492.78       514048.00       514048.00      1156443.45
MemFree                   322.68         7554.54       396177.70       514047.88       918102.79
MemUsed                 63531.99        56938.24       117870.30            0.12       238340.66
Dirty                      73.99         1871.32          114.60            0.00         2059.91
Writeback                   0.00            0.00            0.00            0.00            0.00
FilePages               31798.45        47680.90       117163.48            0.00       196642.83
AnonPages               21092.96           63.70           78.38            0.00        21235.04
PageTables                 85.73            1.84            0.30            0.00           87.87
WritebackTmp                0.00            0.00            0.00            0.00            0.00
MemTotal                63854.68        64492.78       514048.00       514048.00      1156443.45
MemFree                   509.16         5266.80       395975.51       514047.88       915799.34
MemUsed                 63345.51        59225.98       118072.49            0.12       240644.11
Dirty                      73.99         2996.23          114.61            0.00         3184.82
Writeback                   0.00            0.00            0.00            0.00            0.00
FilePages               31603.27        49930.09       117358.68            0.00       198892.04
AnonPages               21084.51           63.88           88.26            0.00        21236.65
PageTables                 85.73            1.84            0.30            0.00           87.87
WritebackTmp                0.00            0.00            0.00            0.00            0.00
MemTotal                63854.68        64492.78       514048.00       514048.00      1156443.45
MemFree                   438.53         2772.86       396073.88       514047.88       913333.14
MemUsed                 63416.14        61719.91       117974.12            0.12       243110.31
Dirty                      73.99         4223.00          114.61            0.00         4411.59
Writeback                   0.00            0.00            0.00            0.00            0.00
FilePages               31603.28        52382.64       117358.68            0.00       201344.59
AnonPages               21161.19           63.99            3.65            0.00        21228.83
PageTables                 85.92            1.84            0.10            0.00           87.87
WritebackTmp                0.00            0.00            0.00            0.00            0.00
MemTotal                63854.68        64492.78       514048.00       514048.00      1156443.45
MemFree                   428.18          812.86       396080.69       513819.99       911141.72
MemUsed                 63426.49        63679.92       117967.31          228.01       245301.73
Dirty                      73.99         5314.81          114.61            0.00         5503.41
Writeback                   0.00            0.00            0.00            0.00            0.00
FilePages               31603.29        54341.29       117358.68          227.39       203530.65
AnonPages               21167.86           64.51            3.59            0.00        21235.96
PageTables                 85.92            1.84            0.10            0.00           87.87
WritebackTmp                0.00            0.00            0.00            0.00            0.00
MemTotal                63854.68        64492.78       514048.00       514048.00      1156443.45
MemFree                   322.52          432.11       396017.80       512234.16       909006.59
MemUsed                 63532.15        64060.67       118030.20         1813.84       247436.86
Dirty                     155.52         6288.28          143.15            0.00         6586.95
Writeback                   0.00            0.00            0.00            0.00            0.00
FilePages               31766.74        54701.14       117417.25         1813.41       205698.54
AnonPages               21103.42           64.21            5.02            0.00        21172.65
PageTables                 85.75            1.84            0.11            0.00           87.70
WritebackTmp                0.00            0.00            0.00            0.00            0.00
MemTotal                63854.68        64492.78       514048.00       514048.00      1156443.45
MemFree                   427.91          332.33       395259.20       511631.67       907651.11
MemUsed                 63426.77        64160.45       118788.80         2416.33       248792.35
Dirty                      60.51          344.79            0.00            0.00          405.30
Writeback                  16.29            0.29            0.08            0.00           16.66
FilePages               31610.09        54787.13       118170.11         2416.04       206983.37
AnonPages               21153.51           64.75           16.73            0.00        21234.98
PageTables                 85.84            1.90            0.13            0.00           87.87
WritebackTmp                0.00            0.00            0.00            0.00            0.00
MemTotal                63854.68        64492.78       514048.00       514048.00      1156443.45
MemFree                   424.39          204.31       395262.49       509594.75       905485.95
MemUsed                 63430.28        64288.46       118785.51         4453.25       250957.51
Dirty                       0.27         1035.88            0.00            0.00         1036.15
Writeback                   0.00            0.00            0.00            0.00            0.00
FilePages               31610.73        54879.68       118170.11         4452.89       209113.41
AnonPages               21154.01           65.27           16.64            0.00        21235.93
PageTables                 85.92            1.84            0.13            0.00           87.89
WritebackTmp                0.00            0.00            0.00            0.00            0.00
MemTotal                63854.68        64492.78       514048.00       514048.00      1156443.45
MemFree                   420.46          217.11       395277.00       507198.21       903112.78
MemUsed                 63434.22        64275.67       118771.00         6849.79       253330.68
Dirty                       0.27         2204.85            0.00            1.40         2206.53
Writeback                   0.00            0.00            0.00            0.00            0.00
FilePages               31610.74        54823.78       118170.11         6849.20       211453.82
AnonPages               21159.12           65.33            3.38            0.00        21227.83
PageTables                 85.91            1.84            0.10            0.00           87.86
WritebackTmp                0.00            0.00            0.00            0.00            0.00
MemTotal                63854.68        64492.78       514048.00       514048.00      1156443.45
MemFree                   421.94          138.91       395279.00       504315.08       900154.92
MemUsed                 63432.74        64353.87       118769.00         9732.92       256288.53
Dirty                       0.27         3659.99            0.00            1.40         3661.67
Writeback                   0.00            0.00            0.00            0.00            0.00
FilePages               31610.76        54851.69       118170.11         9732.06       214364.62
AnonPages               21155.23           65.90            3.37            0.00        21224.50
PageTables                 85.12            1.90            0.10            0.00           87.12
WritebackTmp                0.00            0.00            0.00            0.00            0.00
MemTotal                63854.68        64492.78       514048.00       514048.00      1156443.45
MemFree                   581.04          231.55       395280.01       501296.25       897388.85
MemUsed                 63273.63        64261.22       118767.99        12751.75       259054.60
Dirty                       0.27         5096.30            0.00            1.40         5097.98
Writeback                   0.00            0.00            0.00            0.00            0.00
FilePages               31610.77        54705.44       118170.11        12751.39       217237.71
AnonPages               20984.16           65.32            3.37            0.00        21052.86
PageTables                 85.14            1.84            0.10            0.00           87.09
WritebackTmp                0.00            0.00            0.00            0.00            0.00
MemTotal                63854.68        64492.78       514048.00       514048.00      1156443.45
MemFree                   414.21          252.05       395281.64       498438.11       894386.01
MemUsed                 63440.47        64240.73       118766.36        15609.89       262057.44
Dirty                       0.27         6496.67            0.00            1.40         6498.34
Writeback                   0.00            0.00            0.00            0.00            0.00
FilePages               31610.78        54646.84       118170.11        15609.64       220037.37
AnonPages               21167.09           65.20            3.31            0.00        21235.61
PageTables                 85.93            1.84            0.10            0.00           87.87
WritebackTmp                0.00            0.00            0.00            0.00            0.00
MemTotal                63854.68        64492.78       514048.00       514048.00      1156443.45
MemFree                   414.30          177.70       395283.12       495460.87       891335.99
MemUsed                 63440.37        64315.08       118764.88        18587.13       265107.46
Dirty                       0.28         7995.95            0.00            1.40         7997.63
Writeback                   0.00            0.00            0.00            0.00            0.00
FilePages               31610.79        54669.18       118170.11        18586.86       223036.95
AnonPages               21166.99           65.74            3.31            0.00        21236.04
PageTables                 85.93            1.84            0.10            0.00           87.87
WritebackTmp                0.00            0.00            0.00            0.00            0.00
MemTotal                63854.68        64492.78       514048.00       514048.00      1156443.45
MemFree                   429.25          186.30       395283.89       493587.61       889487.05
MemUsed                 63425.43        64306.48       118764.11        20460.39       266956.41
Dirty                       0.25          248.88            0.00            0.00          249.13
Writeback                   0.00            0.00            0.00            0.00            0.00
FilePages               31611.58        54619.84       118170.11        20459.53       224861.05
AnonPages               21153.59           68.43            3.30            0.00        21225.32
PageTables                 85.91            1.84            0.10            0.00           87.86
WritebackTmp                0.00            0.00            0.00            0.00            0.00
MemTotal                63854.68        64492.78       514048.00       514048.00      1156443.45
MemFree                   415.63          250.16       395284.14       491435.27       887385.20
MemUsed                 63439.04        64242.62       118763.86        22612.73       269058.25
Dirty                       0.30          891.20            0.00            0.00          891.50
Writeback                   0.00           16.15            0.00            0.00           16.15
FilePages               31611.64        54520.52       118170.11        22611.94       226914.21
AnonPages               21163.79           68.99            3.30            0.00        21236.09
PageTables                 85.84            1.90            0.10            0.00           87.84
WritebackTmp                0.00            0.00            0.00            0.00            0.00
MemTotal                63854.68        64492.78       514048.00       514048.00      1156443.45
MemFree                   522.18          214.45       395284.41       489216.98       885238.01
MemUsed                 63332.50        64278.33       118763.59        24831.02       271205.44
Dirty                       0.34         1032.67            0.00            0.00         1033.01
Writeback                   0.00            0.00            0.00            0.00            0.00
FilePages               31611.74        54515.71       118170.11        24830.61       229128.16
AnonPages               21043.73           71.30            3.29            0.00        21118.31
PageTables                 85.39            1.84            0.10            0.00           87.33
WritebackTmp                0.00            0.00            0.00            0.00            0.00
MemTotal                63854.68        64492.78       514048.00       514048.00      1156443.45
MemFree                   419.56          197.39       395284.90       487162.03       883063.88
MemUsed                 63435.11        64295.39       118763.10        26885.97       273379.57
Dirty                       0.34         2050.92            0.00            0.00         2051.27
Writeback                   0.00            0.00            0.00            0.00            0.00
FilePages               31611.75        54497.93       118170.11        26885.54       231165.32
AnonPages               21159.12           71.61            3.28            0.00        21234.00
PageTables                 85.93            1.84            0.10            0.00           87.87
WritebackTmp                0.00            0.00            0.00            0.00            0.00
MemTotal                63854.68        64492.78       514048.00       514048.00      1156443.45
MemFree                  1723.21          109.11       395285.18       485091.64       882209.15
MemUsed                 62131.46        64383.67       118762.82        28956.36       274234.30
Dirty                       0.35         3112.50            0.00            0.00         3112.85
Writeback                   0.00            0.00            0.00            0.00            0.00
FilePages               31611.76        54549.50       118170.11        28955.49       233286.86
AnonPages               19860.04           71.99            3.28            0.00        19935.31
PageTables                 82.93            1.84            0.10            0.00           84.88
WritebackTmp                0.00            0.00            0.00            0.00            0.00
MemTotal                63854.68        64492.78       514048.00       514048.00      1156443.45
MemFree                   423.62          199.45       395285.18       483094.10       879002.36
MemUsed                 63431.05        64293.33       118762.82        30953.90       277441.10
Dirty                       0.35         4048.51            0.00            0.91         4049.77
Writeback                   0.00            0.00            0.00            0.00            0.00
FilePages               31611.77        54426.20       118170.11        30953.46       235161.53
AnonPages               21157.48           72.32            3.28            0.00        21233.08
PageTables                 85.92            1.84            0.10            0.00           87.87
WritebackTmp                0.00            0.00            0.00            0.00            0.00
MemTotal                63854.68        64492.78       514048.00       514048.00      1156443.45
MemFree                   417.53           71.63       395285.18       480981.26       876755.60
MemUsed                 63437.15        64421.15       118762.82        33066.74       279687.86
Dirty                       0.35         4851.01            0.00          299.59         5150.95
Writeback                   0.00            0.00            0.00            0.00            0.00
FilePages               31611.77        54526.47       118170.11        33054.25       237362.61
AnonPages               21161.44           72.03            3.28            0.07        21236.82
PageTables                 85.91            1.84            0.10            0.00           87.86
WritebackTmp                0.00            0.00            0.00            0.00            0.00
MemTotal                63854.68        64492.78       514048.00       514048.00      1156443.45
MemFree                   616.54          178.91       395285.18       478264.15       874344.79
MemUsed                 63238.13        64313.86       118762.82        35783.85       282098.66
Dirty                       0.02         6108.85            0.00          324.76         6433.62
Writeback                   0.00            0.00            0.00            0.00            0.00
FilePages               31611.78        54376.70       118170.11        35771.27       239929.86
AnonPages               20952.54           71.58            3.28            0.11        21027.51
PageTables                 85.01            1.84            0.10            0.00           86.95
WritebackTmp                0.00            0.00            0.00            0.00            0.00
MemTotal                63854.68        64492.78       514048.00       514048.00      1156443.45
MemFree                   420.16          163.05       395285.18       476820.06       872688.45
MemUsed                 63434.52        64329.73       118762.82        37227.94       283755.00
Dirty                       0.20           42.98            0.00           45.02           88.20
Writeback                   0.00            0.13            0.00            0.04            0.16
FilePages               31612.45        54368.33       118170.11        37210.62       241361.51
AnonPages               21159.73           72.11            3.28            0.05        21235.17
PageTables                 85.93            1.84            0.10            0.00           87.87
WritebackTmp                0.00            0.00            0.00            0.00            0.00
MemTotal                63854.68        64492.78       514048.00       514048.00      1156443.45
MemFree                   419.38          301.03       395285.18       474367.34       870372.93
MemUsed                 63435.29        64191.75       118762.82        39680.66       286070.52
Dirty                       0.30         1194.22            0.03           45.30         1239.85
Writeback                   0.00            0.00            0.00            0.00            0.00
FilePages               31612.48        54211.75       118170.10        39665.73       243660.07
AnonPages               21160.44           72.48            3.28            0.05        21236.25
PageTables                 86.91            1.74            0.10            0.00           88.75
WritebackTmp                0.00            0.00            0.00            0.00            0.00
MemTotal                63854.68        64492.78       514048.00       514048.00      1156443.45
MemFree                   430.30          292.14       395285.33       474367.76       870375.53
MemUsed                 63424.38        64200.64       118762.67        39680.24       286067.93
Dirty                       0.27         1194.22            0.02           45.30         1239.81
Writeback                   0.00            0.00            0.00            0.00            0.00
FilePages               31612.48        54211.75       118170.10        39665.73       243660.07
AnonPages               21149.94           72.88            3.14            0.03        21226.00
PageTables                 85.82            1.84            0.10            0.00           87.77
WritebackTmp                0.00            0.00            0.00            0.00            0.00
MemTotal                63854.68        64492.78       514048.00       514048.00      1156443.45
MemFree                   423.24          290.50       395285.33       474367.76       870366.83
MemUsed                 63431.44        64202.28       118762.67        39680.24       286076.62
Dirty                       0.27         1194.22            0.02           45.30         1239.81
Writeback                   0.00            0.00            0.00            0.00            0.00
FilePages               31612.49        54211.75       118170.10        39665.73       243660.08
AnonPages               21159.21           72.03            3.14            0.03        21234.41
PageTables                 85.87            1.80            0.10            0.00           87.77
WritebackTmp                0.00            0.00            0.00            0.00            0.00
MemTotal                63854.68        64492.78       514048.00       514048.00      1156443.45
MemFree                   453.81          283.92       395285.34       474367.76       870390.83
MemUsed                 63400.86        64208.86       118762.66        39680.24       286052.62
Dirty                       0.28         1194.22            0.02           45.30         1239.82
Writeback                   0.00            0.00            0.00            0.00            0.00
FilePages               31612.53        54211.76       118170.10        39665.73       243660.12
AnonPages               21119.21           72.23            3.14            0.03        21194.62
PageTables                 85.73            1.85            0.10            0.00           87.68
WritebackTmp                0.00            0.00            0.00            0.00            0.00
MemTotal                63854.68        64492.78       514048.00       514048.00      1156443.45
MemFree                   427.56          282.23       395285.34       474367.76       870362.89
MemUsed                 63427.11        64210.55       118762.66        39680.24       286080.56
Dirty                       0.29         1194.22            0.03           45.30         1239.84
Writeback                   0.00            0.00            0.00            0.00            0.00
FilePages               31612.55        54211.76       118170.10        39665.73       243660.14
AnonPages               21159.07           72.28            3.14            0.03        21234.52
PageTables                 85.82            1.85            0.10            0.00           87.77
WritebackTmp                0.00            0.00            0.00            0.00            0.00
MemTotal                63854.68        64492.78       514048.00       514048.00      1156443.45
MemFree                  1959.52          276.59       395285.36       474367.76       871889.23
MemUsed                 61895.15        64216.18       118762.64        39680.24       284554.22
Dirty                       0.01         1194.22            0.00           45.30         1239.53
Writeback                   0.00            0.00            0.00            0.00            0.00
FilePages               31612.56        54211.76       118170.10        39665.73       243660.15
AnonPages               19622.98           72.55            3.14            0.03        19698.71
PageTables                 82.81            1.85            0.10            0.00           84.77
WritebackTmp                0.00            0.00            0.00            0.00            0.00
