MemTotal                63854.68        64492.78       514048.00       514048.00      1156443.45
MemFree                 20953.00          272.23       395285.36       474367.76       890878.36
MemUsed                 42901.68        64220.54       118762.64        39680.24       265565.10
Dirty                       0.02            0.00            0.00            0.00            0.03
Writeback                   0.00            0.00            0.00            0.00            0.00
FilePages               31612.88        54211.76       118170.10        39665.73       243660.48
AnonPages                 670.74           73.27            3.14            0.03          747.18
PageTables                 45.76            1.85            0.10            0.00           47.71
WritebackTmp                0.00            0.00            0.00            0.00            0.00
MemTotal                63854.68        64492.78       514048.00       514048.00      1156443.45
MemFree                 12087.00          272.19       395285.36       474367.76       882012.31
MemUsed                 51767.68        64220.59       118762.64        39680.24       274431.14
Dirty                       0.01            0.00            0.00            0.00            0.01
Writeback                   0.00            0.00            0.00            0.00            0.00
FilePages               31612.91        54211.76       118170.10        39665.73       243660.50
AnonPages                9524.48           73.48            3.14            0.03         9601.14
PageTables                 62.13            1.80            0.10            0.00           64.03
WritebackTmp                0.00            0.00            0.00            0.00            0.00
MemTotal                63854.68        64492.78       514048.00       514048.00      1156443.45
MemFree                  2655.07          272.40       395285.36       474367.76       872580.59
MemUsed                 61199.61        64220.38       118762.64        39680.24       283862.86
Dirty                       0.03            0.00            0.00            0.00            0.03
Writeback                   0.00            0.00            0.00            0.00            0.00
FilePages               31612.93        54211.76       118170.10        39665.73       243660.52
AnonPages               18895.03           73.05            3.14            0.03        18971.25
PageTables                 80.14            1.80            0.10            0.00           82.04
WritebackTmp                0.00            0.00            0.00            0.00            0.00
MemTotal                63854.68        64492.78       514048.00       514048.00      1156443.45
MemFree                  2999.53          271.15       395285.36       474367.76       872923.80
MemUsed                 60855.14        64221.63       118762.64        39680.24       283519.65
Dirty                       0.00            0.00            0.00            0.00            0.00
Writeback                   0.00            0.00            0.00            0.00            0.00
FilePages               31612.94        54211.76       118170.10        39665.73       243660.54
AnonPages               18584.10           73.30            3.14            0.03        18660.57
PageTables                 79.95            1.80            0.10            0.00           81.85
WritebackTmp                0.00            0.00            0.00            0.00            0.00
MemTotal                63854.68        64492.78       514048.00       514048.00      1156443.45
MemFree                  3460.16          271.28       395285.36       474367.76       873384.56
MemUsed                 60394.52        64221.50       118762.64        39680.24       283058.89
Dirty                       0.00            0.00            0.00            0.00            0.00
Writeback                   0.00            0.00            0.00            0.00            0.00
FilePages               31612.96        54211.76       118170.10        39665.73       243660.55
AnonPages               18099.71           73.05            3.14            0.03        18175.94
PageTables                 80.33            1.85            0.10            0.00           82.28
WritebackTmp                0.00            0.00            0.00            0.00            0.00
MemTotal                63854.68        64492.78       514048.00       514048.00      1156443.45
MemFree                  3005.57          270.78       395285.36       474367.76       872929.48
MemUsed                 60849.11        64222.00       118762.64        39680.24       283513.98
Dirty                       0.01            0.00            0.00            0.00            0.02
Writeback                   0.00            0.00            0.00            0.00            0.00
FilePages               31612.98        54211.76       118170.10        39665.73       243660.57
AnonPages               18585.71           72.88            3.14            0.03        18661.75
PageTables                 80.03            1.80            0.10            0.00           81.93
WritebackTmp                0.00            0.00            0.00            0.00            0.00
