MemTotal                63854.68        64492.78       514048.00       514048.00      1156443.45
MemFree                  8130.39        52119.84       487879.85       495156.33      1043286.41
MemUsed                 55724.29        12372.93        26168.15        18891.67       113157.04
Dirty                       0.00            0.00            0.00            0.00            0.00
Writeback                   0.00            0.00            0.00            0.00            0.00
FilePages               45599.59         3326.02        25105.57        18736.12        92767.30
AnonPages                  34.40          531.89          283.79          152.51         1002.59
PageTables                 30.75           13.94            0.07            0.02           44.78
WritebackTmp                0.00            0.00            0.00            0.00            0.00
MemTotal                63854.68        64492.78       514048.00       514048.00      1156443.45
MemFree                   511.33        52120.89       486980.13       495156.33      1034768.68
MemUsed                 63343.35        12371.88        27067.87        18891.67       121674.77
Dirty                       0.00            0.01            0.00            0.00            0.01
Writeback                   0.00            0.00            0.00            0.00            0.00
FilePages               45599.59         3326.04        25105.57        18736.12        92767.32
AnonPages                7638.70          532.68         1181.29          152.51         9505.18
PageTables                 45.73           14.37            1.71            0.02           61.82
WritebackTmp                0.00            0.00            0.00            0.00            0.00
MemTotal                63854.68        64492.78       514048.00       514048.00      1156443.45
MemFree                   511.34        52123.40       483517.41       495156.33      1031308.48
MemUsed                 63343.34        12369.38        30530.59        18891.67       125134.97
Dirty                       0.00            0.02            0.00            0.02            0.04
Writeback                   0.00            0.00            0.00            0.00            0.00
FilePages               45599.55         3326.10        25105.57        18736.12        92767.35
AnonPages                7638.83          531.81         4637.08          150.89        12958.61
PageTables                 45.73           14.16            8.46            0.02           68.36
WritebackTmp                0.00            0.00            0.00            0.00            0.00
MemTotal                63854.68        64492.78       514048.00       514048.00      1156443.45
MemFree                   512.82        52123.13       482444.24       495156.70      1030236.90
MemUsed                 63341.85        12369.64        31603.76        18891.30       126206.55
Dirty                       0.04            0.02            0.00            0.01            0.06
Writeback                   0.00            0.00            0.00            0.00            0.00
FilePages               45599.55         3326.12        25105.65        18736.12        92767.45
AnonPages                7638.84          531.81         5682.79          150.89        14004.32
PageTables                 45.73           14.16           11.07            0.02           70.96
WritebackTmp                0.00            0.00            0.00            0.00            0.00
MemTotal                63854.68        64492.78       514048.00       514048.00      1156443.45
MemFree                   512.65        52123.58       482445.96       495156.95      1030239.14
MemUsed                 63342.03        12369.20        31602.04        18891.05       126204.31
Dirty                       0.00            0.00            0.00            0.00            0.00
Writeback                   0.00            0.00            0.00            0.00            0.00
FilePages               45599.55         3326.12        25105.65        18736.12        92767.45
AnonPages                7638.93          531.99         5682.79          150.89        14004.59
PageTables                 45.78           14.16           11.07            0.02           71.02
WritebackTmp                0.00            0.00            0.00            0.00            0.00
MemTotal                63854.68        64492.78       514048.00       514048.00      1156443.45
MemFree                   512.57        52123.36       482446.43       495157.20      1030239.54
MemUsed                 63342.11        12369.42        31601.57        18890.80       126203.91
Dirty                       0.01            0.01            0.00            0.00            0.02
Writeback                   0.00            0.00            0.00            0.00            0.00
FilePages               45599.57         3326.13        25105.65        18736.12        92767.48
AnonPages                7638.93          531.92         5682.79          150.89        14004.52
PageTables                 45.78           14.06           11.07            0.02           70.92
WritebackTmp                0.00            0.00            0.00            0.00            0.00
MemTotal                63854.68        64492.78       514048.00       514048.00      1156443.45
MemFree                   512.32        52122.77       482446.43       495157.20      1030238.71
MemUsed                 63342.36        12370.01        31601.57        18890.80       126204.74
Dirty                       0.00            0.00            0.00            0.00            0.00
Writeback                   0.00            0.00            0.00            0.00            0.00
FilePages               45599.58         3326.14        25105.65        18736.12        92767.50
AnonPages                7638.88          532.13         5682.79          150.88        14004.68
PageTables                 45.73           14.14           11.07            0.02           70.96
WritebackTmp                0.00            0.00            0.00            0.00            0.00
MemTotal                63854.68        64492.78       514048.00       514048.00      1156443.45
MemFree                   512.06        52122.79       482447.09       495157.20      1030239.14
MemUsed                 63342.61        12369.98        31600.91        18890.80       126204.31
Dirty                       0.02            0.01            0.00            0.00            0.02
Writeback                   0.00            0.00            0.00            0.00            0.00
FilePages               45599.58         3326.15        25105.66        18736.12        92767.51
AnonPages                7638.93          532.10         5682.79          150.88        14004.70
PageTables                 45.78           14.06           11.07            0.02           70.92
WritebackTmp                0.00            0.00            0.00            0.00            0.00
MemTotal                63854.68        64492.78       514048.00       514048.00      1156443.45
MemFree                   512.06        52122.00       482447.34       495157.20      1030238.59
MemUsed                 63342.61        12370.78        31600.66        18890.80       126204.86
Dirty                       0.00            0.00            0.00            0.00            0.00
Writeback                   0.00            0.00            0.00            0.00            0.00
FilePages               45599.58         3326.16        25105.66        18736.12        92767.52
AnonPages                7638.84          532.05         5682.79          150.88        14004.57
PageTables                 45.73           14.10           11.07            0.02           70.91
WritebackTmp                0.00            0.00            0.00            0.00            0.00
MemTotal                63854.68        64492.78       514048.00       514048.00      1156443.45
MemFree                   512.06        52121.78       482447.56       495157.20      1030238.60
MemUsed                 63342.61        12371.00        31600.44        18890.80       126204.86
Dirty                       0.00            0.00            0.00            0.00            0.00
Writeback                   0.00            0.00            0.00            0.00            0.00
FilePages               45599.59         3326.16        25105.66        18736.12        92767.54
AnonPages                7638.88          532.27         5682.79          150.88        14004.81
PageTables                 45.73           14.14           11.07            0.02           70.96
WritebackTmp                0.00            0.00            0.00            0.00            0.00
MemTotal                63854.68        64492.78       514048.00       514048.00      1156443.45
MemFree                   512.14        52122.10       482447.56       495157.20      1030239.00
MemUsed                 63342.54        12370.68        31600.44        18890.80       126204.45
Dirty                       0.00            0.00            0.00            0.00            0.00
Writeback                   0.00            0.00            0.00            0.00            0.00
FilePages               45599.60         3326.17        25105.66        18736.12        92767.55
AnonPages                7638.90          532.23         5682.79          150.88        14004.80
PageTables                 45.77           14.10           11.07            0.02           70.95
WritebackTmp                0.00            0.00            0.00            0.00            0.00
MemTotal                63854.68        64492.78       514048.00       514048.00      1156443.45
MemFree                   511.89        52121.75       482447.78       495157.20      1030238.62
MemUsed                 63342.79        12371.02        31600.22        18890.80       126204.83
Dirty                       0.02            0.01            0.00            0.00            0.02
Writeback                   0.00            0.00            0.00            0.00            0.00
FilePages               45599.61         3326.18        25105.66        18736.12        92767.57
AnonPages                7638.84          532.30         5682.79          150.88        14004.81
PageTables                 45.73           14.12           11.07            0.02           70.93
WritebackTmp                0.00            0.00            0.00            0.00            0.00
MemTotal                63854.68        64492.78       514048.00       514048.00      1156443.45
MemFree                   511.89        52121.75       482447.78       495157.20      1030238.62
MemUsed                 63342.79        12371.03        31600.22        18890.80       126204.83
Dirty                       0.00            0.01            0.00            0.00            0.01
Writeback                   0.00            0.00            0.00            0.00            0.00
FilePages               45599.61         3326.20        25105.66        18736.12        92767.59
AnonPages                7638.93          532.41         5682.79          150.88        14005.00
PageTables                 45.78           14.14           11.07            0.02           71.00
WritebackTmp                0.00            0.00            0.00            0.00            0.00
MemTotal                63854.68        64492.78       514048.00       514048.00      1156443.45
MemFree                   511.89        52121.71       482447.78       495157.20      1030238.58
MemUsed                 63342.79        12371.07        31600.22        18890.80       126204.87
Dirty                       0.00            0.00            0.00            0.00            0.00
Writeback                   0.00            0.00            0.00            0.00            0.00
FilePages               45599.61         3326.20        25105.66        18736.12        92767.60
AnonPages                7638.84          532.41         5682.79          150.88        14004.92
PageTables                 45.73           14.09           11.07            0.02           70.89
WritebackTmp                0.00            0.00            0.00            0.00            0.00
MemTotal                63854.68        64492.78       514048.00       514048.00      1156443.45
MemFree                   511.89        52121.35       482447.78       495157.20      1030238.22
MemUsed                 63342.79        12371.43        31600.22        18890.80       126205.23
Dirty                       0.00            0.00            0.00            0.00            0.00
Writeback                   0.00            0.00            0.00            0.00            0.00
FilePages               45599.61         3326.22        25105.66        18736.12        92767.61
AnonPages                7638.86          532.48         5682.79          150.88        14005.01
PageTables                 45.76           14.10           11.07            0.02           70.94
WritebackTmp                0.00            0.00            0.00            0.00            0.00
MemTotal                63854.68        64492.78       514048.00       514048.00      1156443.45
MemFree                   511.89        52121.20       482447.78       495157.20      1030238.07
MemUsed                 63342.79        12371.58        31600.22        18890.80       126205.38
Dirty                       0.01            0.00            0.00            0.00            0.01
Writeback                   0.00            0.00            0.00            0.00            0.00
FilePages               45599.62         3326.23        25105.66        18736.12        92767.63
AnonPages                7638.93          532.54         5682.79          150.88        14005.13
PageTables                 45.78           14.08           11.07            0.02           70.95
WritebackTmp                0.00            0.00            0.00            0.00            0.00
MemTotal                63854.68        64492.78       514048.00       514048.00      1156443.45
MemFree                   511.65        52121.80       482447.54       495157.20      1030238.19
MemUsed                 63343.02        12370.98        31600.46        18890.80       126205.27
Dirty                       0.00            0.00            0.00            0.00            0.00
Writeback                   0.00            0.00            0.00            0.00            0.00
FilePages               45599.62         3326.25        25105.66        18736.12        92767.65
AnonPages                7638.93          532.54         5682.79          150.88        14005.14
PageTables                 45.78           14.10           11.07            0.02           70.96
WritebackTmp                0.00            0.00            0.00            0.00            0.00
MemTotal                63854.68        64492.78       514048.00       514048.00      1156443.45
MemFree                   511.89        52121.77       482446.31       495157.20      1030237.18
MemUsed                 63342.78        12371.01        31601.69        18890.80       126206.28
Dirty                       0.01            0.00            0.00            0.00            0.02
Writeback                   0.00            0.00            0.00            0.00            0.00
FilePages               45599.62         3326.27        25105.66        18736.12        92767.67
AnonPages                7638.84          533.15         5682.87          150.88        14005.74
PageTables                 45.73           14.14           11.12            0.02           71.01
WritebackTmp                0.00            0.00            0.00            0.00            0.00
MemTotal                63854.68        64492.78       514048.00       514048.00      1156443.45
MemFree                   511.65        52122.23       482447.05       495157.20      1030238.13
MemUsed                 63343.03        12370.54        31600.95        18890.80       126205.32
Dirty                       0.01            0.00            0.00            0.00            0.02
Writeback                   0.00            0.00            0.00            0.00            0.00
FilePages               45599.62         3326.28        25105.66        18736.12        92767.69
AnonPages                7638.93          532.34         5682.79          150.88        14004.94
PageTables                 45.78           14.16           11.07            0.02           71.02
WritebackTmp                0.00            0.00            0.00            0.00            0.00
MemTotal                63854.68        64492.78       514048.00       514048.00      1156443.45
MemFree                   511.66        52122.47       482446.07       495157.20      1030237.40
MemUsed                 63343.02        12370.30        31601.93        18890.80       126206.05
Dirty                       0.00            0.00            0.00            0.00            0.01
Writeback                   0.00            0.00            0.00            0.00            0.00
FilePages               45599.62         3326.29        25105.66        18736.12        92767.70
AnonPages                7638.83          531.89         5682.88          150.88        14004.47
PageTables                 45.73           14.09           11.12            0.02           70.95
WritebackTmp                0.00            0.00            0.00            0.00            0.00
MemTotal                63854.68        64492.78       514048.00       514048.00      1156443.45
MemFree                   511.66        52122.38       482445.55       495157.20      1030236.80
MemUsed                 63343.01        12370.39        31602.45        18890.80       126206.66
Dirty                       0.00            0.00            0.00            0.00            0.00
Writeback                   0.00            0.00            0.00            0.00            0.00
FilePages               45599.62         3326.30        25105.67        18736.12        92767.71
AnonPages                7638.83          532.00         5682.79          150.88        14004.50
PageTables                 45.73           14.14           11.07            0.02           70.95
WritebackTmp                0.00            0.00            0.00            0.00            0.00
MemTotal                63854.68        64492.78       514048.00       514048.00      1156443.45
MemFree                   511.66        52122.36       482445.31       495157.20      1030236.54
MemUsed                 63343.01        12370.41        31602.69        18890.80       126206.92
Dirty                       0.00            0.01            0.00            0.00            0.02
Writeback                   0.00            0.00            0.00            0.00            0.00
FilePages               45599.62         3326.30        25105.68        18736.12        92767.73
AnonPages                7638.82          531.95         5682.88          150.88        14004.54
PageTables                 45.73           14.06           11.12            0.02           70.92
WritebackTmp                0.00            0.00            0.00            0.00            0.00
MemTotal                63854.68        64492.78       514048.00       514048.00      1156443.45
MemFree                   511.66        52122.62       482445.53       495157.20      1030237.01
MemUsed                 63343.01        12370.16        31602.47        18890.80       126206.44
Dirty                       0.00            0.00            0.00            0.00            0.00
Writeback                   0.00            0.00            0.00            0.00            0.00
FilePages               45599.62         3326.31        25105.68        18736.12        92767.74
AnonPages                7638.82          532.04         5682.88          150.88        14004.62
PageTables                 45.73           14.06           11.12            0.02           70.92
WritebackTmp                0.00            0.00            0.00            0.00            0.00
MemTotal                63854.68        64492.78       514048.00       514048.00      1156443.45
MemFree                   511.66        52122.81       482445.25       495157.20      1030236.92
MemUsed                 63343.01        12369.96        31602.75        18890.80       126206.53
Dirty                       0.00            0.00            0.01            0.00            0.01
Writeback                   0.00            0.00            0.00            0.00            0.00
FilePages               45599.62         3326.32        25105.69        18736.12        92767.76
AnonPages                7638.82          532.11         5682.79          150.88        14004.60
PageTables                 45.73           14.06           11.07            0.02           70.87
WritebackTmp                0.00            0.00            0.00            0.00            0.00
MemTotal                63854.68        64492.78       514048.00       514048.00      1156443.45
MemFree                   511.66        52122.76       482445.00       495157.20      1030236.62
MemUsed                 63343.01        12370.02        31603.00        18890.80       126206.83
Dirty                       0.00            0.00            0.00            0.00            0.00
Writeback                   0.00            0.00            0.00            0.00            0.00
FilePages               45599.62         3326.33        25105.70        18736.12        92767.78
AnonPages                7638.82          532.31         5682.88          150.88        14004.89
PageTables                 45.73           14.09           11.12            0.02           70.95
WritebackTmp                0.00            0.00            0.00            0.00            0.00
MemTotal                63854.68        64492.78       514048.00       514048.00      1156443.45
MemFree                   511.66        52122.76       482445.00       495157.20      1030236.62
MemUsed                 63343.01        12370.02        31603.00        18890.80       126206.83
Dirty                       0.01            0.01            0.00            0.00            0.02
Writeback                   0.00            0.00            0.00            0.00            0.00
FilePages               45599.62         3326.34        25105.71        18736.12        92767.79
AnonPages                7638.82          532.35         5682.79          150.88        14004.85
PageTables                 45.73           14.08           11.07            0.02           70.89
WritebackTmp                0.00            0.00            0.00            0.00            0.00
MemTotal                63854.68        64492.78       514048.00       514048.00      1156443.45
MemFree                   511.66        52123.18       482445.00       495157.20      1030237.05
MemUsed                 63343.01        12369.59        31603.00        18890.80       126206.41
Dirty                       0.00            0.00            0.00            0.00            0.00
Writeback                   0.00            0.00            0.00            0.00            0.00
FilePages               45599.62         3326.34        25105.71        18736.12        92767.80
AnonPages                7638.82          532.43         5682.79          150.88        14004.92
PageTables                 45.73           14.08           11.07            0.02           70.89
WritebackTmp                0.00            0.00            0.00            0.00            0.00
MemTotal                63854.68        64492.78       514048.00       514048.00      1156443.45
MemFree                   511.66        52123.11       482444.27       495157.20      1030236.24
MemUsed                 63343.01        12369.66        31603.73        18890.80       126207.21
Dirty                       0.00            0.00            0.00            0.00            0.00
Writeback                   0.00            0.00            0.00            0.00            0.00
FilePages               45599.62         3326.35        25105.72        18736.12        92767.82
AnonPages                7638.82          532.45         5682.88          150.88        14005.03
PageTables                 45.73           14.07           11.12            0.02           70.94
WritebackTmp                0.00            0.00            0.00            0.00            0.00
MemTotal                63854.68        64492.78       514048.00       514048.00      1156443.45
MemFree                   511.66        52123.40       482444.05       495157.20      1030236.32
MemUsed                 63343.01        12369.38        31603.95        18890.80       126207.14
Dirty                       0.00            0.00            0.00            0.00            0.00
Writeback                   0.00            0.00            0.00            0.00            0.00
FilePages               45599.62         3326.36        25105.73        18736.12        92767.83
AnonPages                7638.82          532.41         5682.88          150.88        14004.99
PageTables                 45.73           14.00           11.12            0.02           70.87
WritebackTmp                0.00            0.00            0.00            0.00            0.00
MemTotal                63854.68        64492.78       514048.00       514048.00      1156443.45
MemFree                   511.66        52123.36       482444.79       495157.20      1030237.02
MemUsed                 63343.01        12369.41        31603.21        18890.80       126206.43
Dirty                       0.00            0.00            0.01            0.00            0.01
Writeback                   0.00            0.00            0.00            0.00            0.00
FilePages               45599.62         3326.37        25105.73        18736.12        92767.85
AnonPages                7638.82          532.49         5682.96          150.88        14005.16
PageTables                 45.73           14.03           11.18            0.02           70.95
WritebackTmp                0.00            0.00            0.00            0.00            0.00
MemTotal                63854.68        64492.78       514048.00       514048.00      1156443.45
MemFree                   511.66        52123.31       482444.55       495157.20      1030236.73
MemUsed                 63343.01        12369.46        31603.45        18890.80       126206.73
Dirty                       0.00            0.00            0.00            0.00            0.00
Writeback                   0.00            0.00            0.00            0.00            0.00
FilePages               45599.62         3326.38        25105.75        18736.12        92767.87
AnonPages                7638.82          532.60         5682.93          150.88        14005.23
PageTables                 45.73           14.04           11.12            0.02           70.91
WritebackTmp                0.00            0.00            0.00            0.00            0.00
MemTotal                63854.68        64492.78       514048.00       514048.00      1156443.45
MemFree                   511.66        52122.31       482444.55       495157.20      1030235.73
MemUsed                 63343.01        12370.47        31603.45        18890.80       126207.73
Dirty                       0.00            0.00            0.00            0.00            0.00
Writeback                   0.00            0.00            0.00            0.00            0.00
FilePages               45599.62         3326.38        25105.76        18736.12        92767.89
AnonPages                7638.82          532.64         5683.01          150.88        14005.36
PageTables                 45.73           14.01           11.18            0.02           70.93
WritebackTmp                0.00            0.00            0.00            0.00            0.00
MemTotal                63854.68        64492.78       514048.00       514048.00      1156443.45
MemFree                   511.66        52122.24       482444.31       495157.20      1030235.41
MemUsed                 63343.01        12370.54        31603.69        18890.80       126208.04
Dirty                       0.00            0.00            0.00            0.00            0.00
Writeback                   0.00            0.00            0.00            0.00            0.00
FilePages               45599.62         3326.39        25105.76        18736.12        92767.90
AnonPages                7638.82          532.69         5682.93          150.88        14005.32
PageTables                 45.73           14.03           11.12            0.02           70.89
WritebackTmp                0.00            0.00            0.00            0.00            0.00
MemTotal                63854.68        64492.78       514048.00       514048.00      1156443.45
MemFree                   511.66        52122.17       482444.31       495157.20      1030235.35
MemUsed                 63343.01        12370.61        31603.69        18890.80       126208.11
Dirty                       0.00            0.00            0.00            0.00            0.00
Writeback                   0.00            0.00            0.00            0.00            0.00
FilePages               45599.62         3326.40        25105.78        18736.12        92767.92
AnonPages                7638.82          532.71         5683.01          150.88        14005.42
PageTables                 45.73           14.00           11.18            0.02           70.93
WritebackTmp                0.00            0.00            0.00            0.00            0.00
MemTotal                63854.68        64492.78       514048.00       514048.00      1156443.45
MemFree                  7764.94        52123.16       484162.23       495157.45      1039207.78
MemUsed                 56089.74        12369.61        29885.77        18890.55       117235.67
Dirty                       0.01            0.01            0.01            0.00            0.03
Writeback                   0.00            0.00            0.00            0.00            0.00
FilePages               45599.62         3326.41        25105.79        18736.12        92767.94
AnonPages                 383.44          532.86         3963.66          150.88         5030.84
PageTables                 45.66           14.06           11.12            0.02           70.86
WritebackTmp                0.00            0.00            0.00            0.00            0.00
