MemTotal                63861.90        64493.11       514048.00       514048.00      1156451.01
MemFree                 53671.99        55700.84       513921.44       514047.75      1137342.02
MemUsed                 10189.91         8792.27          126.56            0.25        19109.00
Dirty                       0.13            0.01            0.10            0.00            0.24
Writeback                   0.00            0.00            0.00            0.00            0.00
FilePages                  38.45           31.76           79.12            0.00          149.33
AnonPages                 764.52           28.75            0.04            0.00          793.30
PageTables                 30.84            0.14            0.00            0.00           30.98
WritebackTmp                0.00            0.00            0.00            0.00            0.00
MemTotal                63861.90        64493.11       514048.00       514048.00      1156451.01
MemFree                 48676.61        55697.15       513922.73       514047.75      1132344.23
MemUsed                 15185.29         8795.96          125.27            0.25        24106.78
Dirty                       0.06            0.00            0.00            0.00            0.06
Writeback                   0.00            0.00            0.00            0.00            0.00
FilePages                2530.01           32.31           79.12            0.00         2641.45
AnonPages                3254.98           29.35            0.04            0.00         3284.37
PageTables                 36.00            0.14            0.00            0.00           36.14
WritebackTmp                0.00            0.00            0.00            0.00            0.00
MemTotal                63861.90        64493.11       514048.00       514048.00      1156451.01
MemFree                 43701.17        55697.82       513923.00       514047.75      1127369.74
MemUsed                 20160.73         8795.30          125.00            0.25        29081.27
Dirty                       0.02            0.00            0.00            0.00            0.02
Writeback                   0.00            0.00            0.00            0.00            0.00
FilePages                5007.46           32.32           79.12            0.00         5118.91
AnonPages                5733.81           28.50            0.04            0.00         5762.35
PageTables                 40.88            0.14            0.00            0.00           41.02
WritebackTmp                0.00            0.00            0.00            0.00            0.00
MemTotal                63861.90        64493.11       514048.00       514048.00      1156451.01
MemFree                 38738.54        55698.06       513923.00       514047.75      1122407.36
MemUsed                 25123.36         8795.05          125.00            0.25        34043.66
Dirty                       0.02            0.00            0.00            0.00            0.02
Writeback                   0.00            0.00            0.00            0.00            0.00
FilePages                7482.60           32.32           79.12            0.00         7594.05
AnonPages                8207.76           28.56            0.04            0.00         8236.36
PageTables                 45.64            0.14            0.00            0.00           45.79
WritebackTmp                0.00            0.00            0.00            0.00            0.00
MemTotal                63861.90        64493.11       514048.00       514048.00      1156451.01
MemFree                 33797.24        55698.28       513923.00       514047.75      1117466.27
MemUsed                 30064.66         8794.83          125.00            0.25        38984.74
Dirty                       0.01            0.00            0.00            0.00            0.01
Writeback                   0.00            0.00            0.00            0.00            0.00
FilePages                9944.59           32.34           79.12            0.00        10056.05
AnonPages               10670.06           28.63            0.04            0.00        10698.73
PageTables                 50.61            0.14            0.00            0.00           50.75
WritebackTmp                0.00            0.00            0.00            0.00            0.00
MemTotal                63861.90        64493.11       514048.00       514048.00      1156451.01
MemFree                 29025.98        55699.27       513711.54       514047.75      1112484.54
MemUsed                 34835.92         8793.85          336.46            0.25        43966.47
Dirty                       0.02            0.00            0.00            0.00            0.02
Writeback                   0.00            0.00            0.00            0.00            0.00
FilePages               12235.59           32.34          270.09            0.00        12538.03
AnonPages               13133.88           27.89           20.04            0.00        13181.81
PageTables                 55.29            0.14            0.00            0.00           55.43
WritebackTmp                0.00            0.00            0.00            0.00            0.00
MemTotal                63861.90        64493.11       514048.00       514048.00      1156451.01
MemFree                 28971.41        55699.02       509142.84       514047.75      1107861.02
MemUsed                 34890.49         8794.09         4905.16            0.25        48589.99
Dirty                       0.00            0.00            0.00            0.00            0.00
Writeback                   0.01            0.00            0.00            0.00            0.01
FilePages               10997.11           32.35         3816.62            0.00        14846.09
AnonPages               14414.05           28.68         1046.00            0.00        15488.73
PageTables                 59.85            0.14            0.00            0.00           59.99
WritebackTmp                0.00            0.00            0.00            0.00            0.00
MemTotal                63861.90        64493.11       514048.00       514048.00      1156451.01
MemFree                 29040.06        55699.02       504489.18       514047.75      1103276.01
MemUsed                 34821.84         8794.09         9558.82            0.25        53175.00
Dirty                       0.01            0.00            0.01            0.00            0.02
Writeback                   0.00            0.00            0.00            0.00            0.00
FilePages                9750.30           32.36         7348.92            0.00        17131.59
AnonPages               15577.95           28.79         2168.11            0.00        17774.85
PageTables                 64.29            0.14            0.00            0.00           64.43
WritebackTmp                0.00            0.00            0.00            0.00            0.00
MemTotal                63861.90        64493.11       514048.00       514048.00      1156451.01
MemFree                 28830.62        55698.77       500092.02       514047.75      1098669.17
MemUsed                 35031.27         8794.34        13955.98            0.25        57781.84
Dirty                       0.01            0.00            0.00            0.00            0.01
Writeback                   0.00            0.00            0.00            0.00            0.00
FilePages                8750.16           32.37        10645.57            0.00        19428.10
AnonPages               16774.10           28.94         3268.18            0.00        20071.22
PageTables                 68.89            0.14            0.00            0.00           69.03
WritebackTmp                0.00            0.00            0.00            0.00            0.00
MemTotal                63861.90        64493.11       514048.00       514048.00      1156451.01
MemFree                 28957.23        55698.77       495294.49       514047.75      1093998.25
MemUsed                 34904.67         8794.34        18753.51            0.25        62452.77
Dirty                       0.01            0.00            0.00            0.00            0.01
Writeback                   0.00            0.00            0.02            0.00            0.02
FilePages                7252.22           32.38        14470.50            0.00        21755.09
AnonPages               18130.13           29.00         4240.43            0.00        22399.57
PageTables                 73.56            0.14            0.00            0.00           73.70
WritebackTmp                0.00            0.00            0.00            0.00            0.00
MemTotal                63861.90        64493.11       514048.00       514048.00      1156451.01
MemFree                 28973.64        55698.78       490726.10       514047.75      1089446.27
MemUsed                 34888.26         8794.34        23321.90            0.25        67004.74
Dirty                       0.01            0.00            0.02            0.00            0.03
Writeback                   0.00            0.00            0.00            0.00            0.00
FilePages                6081.64           32.38        17910.08            0.00        24024.11
AnonPages               19270.39           29.07         5368.12            0.00        24667.59
PageTables                 77.89            0.14            0.00            0.00           78.03
WritebackTmp                0.00            0.00            0.00            0.00            0.00
MemTotal                63861.90        64493.11       514048.00       514048.00      1156451.01
MemFree                 28752.16        55699.02       486331.16       514047.75      1084830.09
MemUsed                 35109.74         8794.09        27716.84            0.25        71620.92
Dirty                       0.00            0.00            0.00            0.00            0.00
Writeback                   0.00            0.00            0.00            0.00            0.00
FilePages                5054.71           32.39        21237.02            0.00        26324.13
AnonPages               20504.34           29.13         6434.16            0.00        26967.63
PageTables                 82.38            0.14            0.00            0.00           82.52
WritebackTmp                0.00            0.00            0.00            0.00            0.00
MemTotal                63861.90        64493.11       514048.00       514048.00      1156451.01
MemFree                 28960.48        55699.02       481490.57       514047.75      1080197.83
MemUsed                 34901.41         8794.09        32557.43            0.25        76253.18
Dirty                       0.01            0.00            0.02            0.00            0.02
Writeback                   0.00            0.00            0.00            0.00            0.00
FilePages                3496.25           32.40        25106.50            0.00        28635.15
AnonPages               21841.54           29.20         7408.17            0.00        29278.90
PageTables                 86.96            0.14            0.00            0.00           87.11
WritebackTmp                0.00            0.00            0.00            0.00            0.00
MemTotal                63861.90        64493.11       514048.00       514048.00      1156451.01
MemFree                 28921.36        55698.78       476964.92       514047.75      1075632.80
MemUsed                 34940.54         8794.34        37083.08            0.25        80818.21
Dirty                       0.00            0.00            0.00            0.00            0.00
Writeback                   0.00            0.00            0.00            0.00            0.00
FilePages                2473.73           32.41        28404.48            0.00        30910.62
AnonPages               22889.71           29.26         8636.04            0.00        31555.01
PageTables                 91.29            0.14            0.00            0.00           91.43
WritebackTmp                0.00            0.00            0.00            0.00            0.00
MemTotal                63861.90        64493.11       514048.00       514048.00      1156451.01
MemFree                 28786.14        55698.78       472412.72       514047.75      1070945.38
MemUsed                 35075.76         8794.34        41635.28            0.25        85505.63
Dirty                       0.01            0.00            0.02            0.00            0.02
Writeback                   0.00            0.00            0.00            0.00            0.00
FilePages                1285.09           32.41        31928.62            0.00        33246.13
AnonPages               24195.70           29.34         9664.12            0.00        33889.16
PageTables                 95.86            0.14            0.00            0.00           96.00
WritebackTmp                0.00            0.00            0.00            0.00            0.00
MemTotal                63861.90        64493.11       514048.00       514048.00      1156451.01
MemFree                 29002.27        55698.78       467568.84       514047.75      1066317.64
MemUsed                 34859.63         8794.34        46479.16            0.25        90133.38
Dirty                       0.00            0.00            0.01            0.00            0.01
Writeback                   0.00            0.00            0.00            0.00            0.00
FilePages                 352.89           32.42        35163.87            0.00        35549.18
AnonPages               24893.49           29.39        11268.52            0.00        36191.41
PageTables                100.47            0.14            0.00            0.00          100.61
WritebackTmp                0.00            0.00            0.00            0.00            0.00
MemTotal                63861.90        64493.11       514048.00       514048.00      1156451.01
MemFree                 29008.39        55699.27       462905.09       514047.75      1061660.51
MemUsed                 34853.50         8793.84        51142.91            0.25        94790.50
Dirty                       0.01            0.00            0.02            0.00            0.02
Writeback                   0.00            0.00            0.00            0.00            0.00
FilePages                 376.88           32.43        37463.88            0.00        37873.18
AnonPages               24851.78           29.53        13634.38            0.00        38515.69
PageTables                105.05            0.14            0.00            0.00          105.19
WritebackTmp                0.00            0.00            0.00            0.00            0.00
MemTotal                63861.90        64493.11       514048.00       514048.00      1156451.01
MemFree                 29023.92        55699.52       458227.73       514047.75      1056998.91
MemUsed                 34837.98         8793.60        55820.27            0.25        99452.10
Dirty                       0.00            0.00            0.01            0.00            0.01
Writeback                   0.00            0.00            0.00            0.00            0.00
FilePages                 382.77           32.44        39781.98            0.00        40197.19
AnonPages               24817.61           29.61        15994.38            0.00        40841.60
PageTables                109.43            0.14            0.00            0.00          109.57
WritebackTmp                0.00            0.00            0.00            0.00            0.00
MemTotal                63861.90        64493.11       514048.00       514048.00      1156451.01
MemFree                 28889.09        55699.52       453741.84       514047.75      1052378.20
MemUsed                 34972.80         8793.60        60306.16            0.25       104072.81
Dirty                       0.01            0.00            0.02            0.00            0.02
Writeback                   0.00            0.00            0.00            0.00            0.00
FilePages                 400.11           32.45        42067.50            0.00        42500.05
AnonPages               24921.85           29.68        18190.38            0.00        43141.91
PageTables                113.70            0.14            0.00            0.00          113.84
WritebackTmp                0.00            0.00            0.00            0.00            0.00
MemTotal                63861.90        64493.11       514048.00       514048.00      1156451.01
MemFree                 28987.07        55699.96       449032.21       514047.75      1047766.99
MemUsed                 34874.83         8793.15        65015.79            0.25       108684.02
Dirty                       0.00            0.00            0.01            0.00            0.01
Writeback                   0.00            0.00            0.00            0.00            0.00
FilePages                 358.71           32.45        44405.99            0.00        44797.15
AnonPages               24849.73           29.75        20560.38            0.00        45439.86
PageTables                118.38            0.14            0.00            0.00          118.52
WritebackTmp                0.00            0.00            0.00            0.00            0.00
MemTotal                63861.90        64493.11       514048.00       514048.00      1156451.01
MemFree                 28933.41        55699.72       444444.45       514047.75      1043125.34
MemUsed                 34928.48         8793.39        69603.55            0.25       113325.68
Dirty                       0.09            0.01            0.08            0.00            0.18
Writeback                   0.00            0.00            0.00            0.00            0.00
FilePages                 405.77           32.47        46673.99            0.00        47112.23
AnonPages               24843.94           29.82        22884.38            0.00        47758.14
PageTables                123.01            0.14            0.00            0.00          123.15
WritebackTmp                0.00            0.00            0.00            0.00            0.00
MemTotal                63861.90        64493.11       514048.00       514048.00      1156451.01
MemFree                 28858.21        55699.72       439865.06       514047.75      1038470.74
MemUsed                 35003.69         8793.39        74182.94            0.25       117980.27
Dirty                       0.02            0.00            0.00            0.00            0.02
Writeback                   0.00            0.00            0.00            0.00            0.00
FilePages                 436.77           32.48        48963.99            0.00        49433.24
AnonPages               24875.90           29.93        25172.38            0.00        50078.21
PageTables                127.48            0.14            0.00            0.00          127.62
WritebackTmp                0.00            0.00            0.00            0.00            0.00
MemTotal                63861.90        64493.11       514048.00       514048.00      1156451.01
MemFree                 28808.31        55699.72       435263.04       514047.75      1033818.82
MemUsed                 35053.59         8793.39        78784.96            0.25       122632.20
Dirty                       0.00            0.00            0.02            0.00            0.02
Writeback                   0.00            0.00            0.00            0.00            0.00
FilePages                 456.78           32.48        51261.98            0.00        51751.25
AnonPages               24890.02           30.07        27476.38            0.00        52396.47
PageTables                132.06            0.14            0.00            0.00          132.20
WritebackTmp                0.00            0.00            0.00            0.00            0.00
MemTotal                63861.90        64493.11       514048.00       514048.00      1156451.01
MemFree                 28745.71        55700.51       430657.38       514047.75      1029151.36
MemUsed                 35116.18         8792.60        83390.62            0.25       127299.65
Dirty                       0.01            0.00            0.00            0.00            0.01
Writeback                   0.00            0.00            0.00            0.00            0.00
FilePages                 493.77           32.49        53551.99            0.00        54078.25
AnonPages               24902.03           29.20        29790.35            0.00        54721.57
PageTables                136.55            0.14            0.00            0.00          136.70
WritebackTmp                0.00            0.00            0.00            0.00            0.00
MemTotal                63861.90        64493.11       514048.00       514048.00      1156451.01
MemFree                 28713.55        55700.51       426032.47       514047.75      1024494.28
MemUsed                 35148.35         8792.60        88015.53            0.25       131956.73
Dirty                       0.00            0.00            0.02            0.00            0.02
Writeback                   0.00            0.00            0.00            0.00            0.00
FilePages                 509.77           32.50        55856.00            0.00        56398.27
AnonPages               24904.10           29.27        32108.43            0.00        57041.80
PageTables                141.13            0.14            0.00            0.00          141.27
WritebackTmp                0.00            0.00            0.00            0.00            0.00
MemTotal                63861.90        64493.11       514048.00       514048.00      1156451.01
MemFree                 28703.90        55700.51       421421.84       514047.75      1019874.00
MemUsed                 35158.00         8792.60        92626.16            0.25       136577.01
Dirty                       0.02            0.00            0.00            0.00            0.02
Writeback                   0.00            0.00            0.00            0.00            0.00
FilePages                 523.77           32.51        58145.99            0.00        58702.27
AnonPages               24883.27           29.34        34432.39            0.00        59345.00
PageTables                145.65            0.14            0.00            0.00          145.79
WritebackTmp                0.00            0.00            0.00            0.00            0.00
MemTotal                63861.90        64493.11       514048.00       514048.00      1156451.01
MemFree                 28709.40        55700.77       419169.14       514047.75      1017627.06
MemUsed                 35152.50         8792.35        94878.86            0.25       138823.95
Dirty                       0.02            0.00            0.07            0.00            0.09
Writeback                   0.00            0.00            0.00            0.00            0.00
FilePages                 134.17           32.52        58775.96            0.00        58942.65
AnonPages               25243.15           30.42        36044.50            0.00        61318.07
PageTables                148.21            1.12            0.00            0.00          149.34
WritebackTmp                0.00            0.00            0.00            0.00            0.00
MemTotal                63861.90        64493.11       514048.00       514048.00      1156451.01
MemFree                 29151.79        55700.88       418231.00       514047.75      1017131.43
MemUsed                 34710.11         8792.23        95817.00            0.25       139319.58
Dirty                       0.02            0.00            0.02            0.00            0.04
Writeback                   0.00            0.00            0.00            0.00            0.00
FilePages                  31.77           32.52        58878.38            0.00        58942.66
AnonPages               24854.42           29.30        36879.02            0.00        61762.74
PageTables                169.17            0.14            0.00            0.00          169.31
WritebackTmp                0.00            0.00            0.00            0.00            0.00
MemTotal                63861.90        64493.11       514048.00       514048.00      1156451.01
MemFree                 33068.32        55700.18       414333.71       514047.75      1017149.96
MemUsed                 30793.58         8792.94        99714.29            0.25       139301.05
Dirty                       0.00            0.00            0.00            0.00            0.00
Writeback                   0.00            0.00            0.00            0.00            0.00
FilePages                  31.77           32.54        58878.38            0.00        58942.68
AnonPages               20963.27           29.32        40780.60            0.00        61773.20
PageTables                170.36            0.20            0.00            0.00          170.55
WritebackTmp                0.00            0.00            0.00            0.00            0.00
MemTotal                63861.90        64493.11       514048.00       514048.00      1156451.01
MemFree                 29951.85        55700.76       417452.06       514047.75      1017152.43
MemUsed                 33910.05         8792.35        96595.94            0.25       139298.59
Dirty                       0.04            0.01            0.06            0.00            0.11
Writeback                   0.00            0.00            0.00            0.00            0.00
FilePages                  31.77           32.54        58878.38            0.00        58942.69
AnonPages               24072.81           29.32        37660.96            0.00        61763.09
PageTables                170.23            0.14            0.00            0.00          170.37
WritebackTmp                0.00            0.00            0.00            0.00            0.00
MemTotal                63861.90        64493.11       514048.00       514048.00      1156451.01
MemFree                 29003.24        55701.12       418336.87       514047.75      1017088.98
MemUsed                 34858.66         8792.00        95711.13            0.25       139362.04
Dirty                       0.00            0.00            0.00            0.00            0.00
Writeback                   0.00            0.00            0.00            0.00            0.00
FilePages                  31.77           32.55        58878.38            0.00        58942.70
AnonPages               25029.01           29.39        36780.96            0.00        61839.36
PageTables                170.43            0.14            0.00            0.00          170.57
WritebackTmp                0.00            0.00            0.00            0.00            0.00
MemTotal                63861.90        64493.11       514048.00       514048.00      1156451.01
MemFree                 29142.35        55701.36       418056.88       514047.75      1016948.34
MemUsed                 34719.55         8791.75        95991.12            0.25       139502.67
Dirty                       0.01            0.00            0.02            0.00            0.02
Writeback                   0.00            0.00            0.00            0.00            0.00
FilePages                  31.77           32.56        58878.38            0.00        58942.70
AnonPages               24885.19           29.46        37064.95            0.00        61979.60
PageTables                170.81            0.14            0.00            0.00          170.95
WritebackTmp                0.00            0.00            0.00            0.00            0.00
MemTotal                63861.90        64493.11       514048.00       514048.00      1156451.01
MemFree                 30652.46        55701.36       416748.77       514047.75      1017150.34
MemUsed                 33209.44         8791.75        97299.23            0.25       139300.67
Dirty                       0.00            0.00            0.00            0.00            0.00
Writeback                   0.00            0.00            0.00            0.00            0.00
FilePages                  31.77           32.56        58878.38            0.00        58942.70
AnonPages               23367.17           29.53        38368.97            0.00        61765.67
PageTables                170.34            0.14            0.00            0.00          170.48
WritebackTmp                0.00            0.00            0.00            0.00            0.00
MemTotal                63861.90        64493.11       514048.00       514048.00      1156451.01
MemFree                 31848.73        55701.46       415441.02       514047.75      1017038.95
MemUsed                 32013.17         8791.66        98606.98            0.25       139412.06
Dirty                       0.05            0.01            0.05            0.00            0.11
Writeback                   0.00            0.00            0.00            0.00            0.00
FilePages                  32.13           32.57        58878.38            0.00        58943.08
AnonPages               22181.29           29.60        39678.95            0.00        61889.83
PageTables                170.61            0.14            0.00            0.00          170.75
WritebackTmp                0.00            0.00            0.00            0.00            0.00
MemTotal                63861.90        64493.11       514048.00       514048.00      1156451.01
MemFree                 34950.54        55701.21       412435.66       514047.75      1017135.16
MemUsed                 28911.36         8791.90       101612.34            0.25       139315.86
Dirty                       0.00            0.00            0.00            0.00            0.00
Writeback                   0.00            0.00            0.00            0.00            0.00
FilePages                  32.12           32.57        58878.38            0.00        58943.08
AnonPages               19081.33           29.70        42682.46            0.00        61793.49
PageTables                166.40            0.14            0.00            0.00          166.54
WritebackTmp                0.00            0.00            0.00            0.00            0.00
MemTotal                63861.90        64493.11       514048.00       514048.00      1156451.01
MemFree                 34963.73        55701.46       412447.99       514047.75      1017160.93
MemUsed                 28898.17         8791.65       101600.01            0.25       139290.08
Dirty                       0.00            0.00            0.02            0.00            0.02
Writeback                   0.01            0.00            0.00            0.00            0.01
FilePages                  32.12           32.59        58878.38            0.00        58943.10
AnonPages               19065.84           28.89        42674.41            0.00        61769.14
PageTables                170.36            0.14            0.00            0.00          170.50
WritebackTmp                0.00            0.00            0.00            0.00            0.00
