MemTotal                63854.68        64492.78       514048.00       514048.00      1156443.45
MemFree                  4810.58        51745.22       487766.62       495300.94      1039623.36
MemUsed                 59044.10        12747.56        26281.38        18747.06       116820.10
Dirty                       0.00            0.00            0.00            0.00            0.00
Writeback                   0.00            0.00            0.00            0.00            0.00
FilePages               46996.28         3804.93        25111.93        18728.57        94641.71
AnonPages                1481.75          378.23          260.74           15.42         2136.15
PageTables                 74.16           18.61            0.04            0.00           92.81
WritebackTmp                0.00            0.00            0.00            0.00            0.00
MemTotal                63854.68        64492.78       514048.00       514048.00      1156443.45
MemFree                  4779.77        51744.97       487773.06       495300.94      1039598.74
MemUsed                 59074.91        12747.80        26274.94        18747.06       116844.71
Dirty                       0.06            0.00            0.00            0.00            0.07
Writeback                   0.00            0.00            0.00            0.00            0.00
FilePages               46996.35         3804.93        25111.93        18728.57        94641.78
AnonPages                1512.39          378.23          260.74           15.42         2166.78
PageTables                 75.95           18.61            0.04            0.00           94.60
WritebackTmp                0.00            0.00            0.00            0.00            0.00
MemTotal                63854.68        64492.78       514048.00       514048.00      1156443.45
MemFree                  4779.19        51744.97       487775.43       495300.94      1039600.52
MemUsed                 59075.49        12747.80        26272.57        18747.06       116842.93
Dirty                       0.01            0.00            0.00            0.00            0.01
Writeback                   0.03            0.00            0.00            0.00            0.03
FilePages               46996.35         3804.93        25111.93        18728.57        94641.79
AnonPages                1511.95          378.23          260.74           15.42         2166.33
PageTables                 75.68           18.61            0.04            0.00           94.32
WritebackTmp                0.00            0.00            0.00            0.00            0.00
MemTotal                63854.68        64492.78       514048.00       514048.00      1156443.45
MemFree                  4779.19        51744.97       487775.95       495300.94      1039601.05
MemUsed                 59075.49        12747.80        26272.05        18747.06       116842.40
Dirty                       0.03            0.00            0.00            0.00            0.03
Writeback                   0.00            0.00            0.00            0.00            0.00
FilePages               46996.37         3804.94        25111.93        18728.57        94641.81
AnonPages                1512.43          378.23          260.74           15.42         2166.82
PageTables                 75.68           18.61            0.04            0.00           94.32
WritebackTmp                0.00            0.00            0.00            0.00            0.00
MemTotal                63854.68        64492.78       514048.00       514048.00      1156443.45
MemFree                  4778.45        51744.98       487776.45       495300.95      1039600.83
MemUsed                 59076.23        12747.80        26271.55        18747.05       116842.62
Dirty                       0.01            0.00            0.00            0.00            0.01
Writeback                   0.00            0.00            0.00            0.00            0.00
FilePages               46996.38         3804.94        25111.93        18728.57        94641.82
AnonPages                1512.77          378.23          260.74           15.42         2167.16
PageTables                 75.68           18.61            0.04            0.00           94.32
WritebackTmp                0.00            0.00            0.00            0.00            0.00
MemTotal                63854.68        64492.78       514048.00       514048.00      1156443.45
MemFree                  3750.88        51738.96       487779.55       495300.95      1038570.34
MemUsed                 60103.80        12753.82        26268.45        18747.05       117873.12
Dirty                       0.03            0.00            0.00            0.00            0.03
Writeback                   0.00            0.00            0.00            0.00            0.00
FilePages               46996.38         3804.95        25111.93        18728.57        94641.83
AnonPages                2515.77          378.72          260.74           15.42         3170.64
PageTables                 76.97           18.61            0.04            0.00           95.61
WritebackTmp                0.00            0.00            0.00            0.00            0.00
MemTotal                63854.68        64492.78       514048.00       514048.00      1156443.45
MemFree                   500.81        51769.11       487596.07       495300.95      1035166.94
MemUsed                 63353.87        12723.67        26451.93        18747.05       121276.52
Dirty                       0.03            0.00            0.00            0.00            0.03
Writeback                   0.00            0.00            0.00            0.00            0.00
FilePages               46996.39         3804.96        25111.93        18728.57        94641.86
AnonPages                5738.88          378.33          435.51           15.42         6568.14
PageTables                 83.24           18.66            0.11            0.00          102.02
WritebackTmp                0.00            0.00            0.00            0.00            0.00
MemTotal                63854.68        64492.78       514048.00       514048.00      1156443.45
MemFree                   510.64        51769.42       487349.60       495300.95      1034930.60
MemUsed                 63344.04        12723.36        26698.40        18747.05       121512.85
Dirty                       0.03            0.00            0.00            0.00            0.03
Writeback                   0.00            0.00            0.00            0.00            0.00
FilePages               46996.39         3804.98        25111.94        18728.57        94641.88
AnonPages                5746.47          378.33          602.28           15.42         6742.51
PageTables                 84.80           18.66            0.72            0.00          104.19
WritebackTmp                0.00            0.00            0.00            0.00            0.00
MemTotal                63854.68        64492.78       514048.00       514048.00      1156443.45
MemFree                   508.46        51767.45       487281.84       495300.95      1034858.70
MemUsed                 63346.22        12725.33        26766.16        18747.05       121584.76
Dirty                       0.02            0.00            0.00            0.00            0.02
Writeback                   0.00            0.00            0.00            0.00            0.00
FilePages               46996.40         3804.98        25111.94        18728.57        94641.89
AnonPages                5740.43          378.26          592.79           15.42         6726.89
PageTables                 84.79           18.61            0.70            0.00          104.09
WritebackTmp                0.00            0.00            0.00            0.00            0.00
MemTotal                63854.68        64492.78       514048.00       514048.00      1156443.45
MemFree                   516.73        51772.15       487276.08       495300.95      1034865.91
MemUsed                 63337.94        12720.62        26771.92        18747.05       121577.54
Dirty                       0.03            0.00            0.00            0.00            0.03
Writeback                   0.00            0.00            0.00            0.00            0.00
FilePages               46996.40         3804.98        25111.94        18728.57        94641.89
AnonPages                5737.51          378.26          561.75           15.42         6692.94
PageTables                 84.79           18.61            0.63            0.00          104.02
WritebackTmp                0.00            0.00            0.00            0.00            0.00
MemTotal                63854.68        64492.78       514048.00       514048.00      1156443.45
MemFree                   524.83        51769.81       487338.91       495300.95      1034934.50
MemUsed                 63329.85        12722.97        26709.09        18747.05       121508.96
Dirty                       0.03            0.00            0.00            0.00            0.03
Writeback                   0.00            0.00            0.00            0.00            0.00
FilePages               46996.41         3804.98        25111.94        18728.57        94641.91
AnonPages                5737.57          378.25          523.70           15.42         6654.95
PageTables                 84.84           18.61            0.53            0.00          103.98
WritebackTmp                0.00            0.00            0.00            0.00            0.00
MemTotal                63854.68        64492.78       514048.00       514048.00      1156443.45
MemFree                   524.52        51772.61       487396.62       495300.95      1034994.70
MemUsed                 63330.16        12720.17        26651.38        18747.05       121448.76
Dirty                       0.03            0.00            0.00            0.00            0.03
Writeback                   0.00            0.00            0.00            0.00            0.00
FilePages               46996.43         3804.99        25111.94        18728.57        94641.93
AnonPages                5737.39          378.33          497.25           15.42         6628.39
PageTables                 84.79           18.66            0.52            0.00          103.97
WritebackTmp                0.00            0.00            0.00            0.00            0.00
MemTotal                63854.68        64492.78       514048.00       514048.00      1156443.45
MemFree                   515.88        51762.18       487432.45       495300.95      1035011.46
MemUsed                 63338.80        12730.59        26615.55        18747.05       121432.00
Dirty                       0.06            0.00            0.00            0.00            0.06
Writeback                   0.00            0.00            0.00            0.00            0.00
FilePages               46996.43         3805.00        25111.94        18728.57        94641.95
AnonPages                5738.37          378.31          485.26           15.42         6617.36
PageTables                 84.84           18.61            0.52            0.00          103.97
WritebackTmp                0.00            0.00            0.00            0.00            0.00
MemTotal                63854.68        64492.78       514048.00       514048.00      1156443.45
MemFree                   511.04        51759.73       487405.79       495300.95      1034977.50
MemUsed                 63343.64        12733.05        26642.21        18747.05       121465.95
Dirty                       0.01            0.00            0.00            0.00            0.01
Writeback                   0.00            0.00            0.00            0.00            0.00
FilePages               46996.43         3805.01        25111.94        18728.57        94641.95
AnonPages                5737.18          378.53          475.66           15.42         6606.78
PageTables                 84.84           18.61            0.52            0.00          103.97
WritebackTmp                0.00            0.00            0.00            0.00            0.00
MemTotal                63854.68        64492.78       514048.00       514048.00      1156443.45
MemFree                   525.23        51772.78       487432.66       495300.95      1035031.62
MemUsed                 63329.45        12720.00        26615.34        18747.05       121411.83
Dirty                       0.02            0.00            0.00            0.00            0.02
Writeback                   0.00            0.00            0.00            0.00            0.00
FilePages               46996.44         3805.02        25111.95        18728.57        94641.98
AnonPages                5737.91          378.68          463.39           15.42         6595.40
PageTables                 84.79           18.66            0.52            0.00          103.97
WritebackTmp                0.00            0.00            0.00            0.00            0.00
MemTotal                63854.68        64492.78       514048.00       514048.00      1156443.45
MemFree                   510.57        51770.38       487428.32       495300.95      1035010.22
MemUsed                 63344.11        12722.40        26619.68        18747.05       121433.23
Dirty                       0.04            0.00            0.00            0.00            0.04
Writeback                   0.00            0.00            0.00            0.00            0.00
FilePages               46996.45         3805.02        25111.96        18728.57        94642.00
AnonPages                5738.84          378.68          450.94           15.42         6583.88
PageTables                 84.79           18.66            0.52            0.00          103.98
WritebackTmp                0.00            0.00            0.00            0.00            0.00
MemTotal                63854.68        64492.78       514048.00       514048.00      1156443.45
MemFree                   520.41        51768.11       487455.80       495300.95      1035045.27
MemUsed                 63334.26        12724.67        26592.20        18747.05       121398.18
Dirty                       0.04            0.00            0.00            0.01            0.06
Writeback                   0.01            0.00            0.00            0.00            0.01
FilePages               46996.48         3805.03        25111.96        18728.57        94642.04
AnonPages                5735.63          378.59          442.89           15.42         6572.54
PageTables                 84.85           18.61            0.52            0.00          103.98
WritebackTmp                0.00            0.00            0.00            0.00            0.00
MemTotal                63854.68        64492.78       514048.00       514048.00      1156443.45
MemFree                   511.12        51769.33       487435.21       495300.95      1035016.61
MemUsed                 63343.55        12723.45        26612.79        18747.05       121426.84
Dirty                       0.02            0.00            0.00            0.01            0.03
Writeback                   0.00            0.00            0.00            0.00            0.00
FilePages               46996.48         3805.04        25111.96        18728.57        94642.06
AnonPages                5735.88          378.59          429.52           15.42         6559.41
PageTables                 84.86           18.61            0.52            0.00          103.98
WritebackTmp                0.00            0.00            0.00            0.00            0.00
MemTotal                63854.68        64492.78       514048.00       514048.00      1156443.45
MemFree                   511.00        51772.45       487433.50       495300.95      1035017.89
MemUsed                 63343.68        12720.33        26614.50        18747.05       121425.56
Dirty                       0.04            0.00            0.00            0.00            0.05
Writeback                   0.00            0.00            0.00            0.00            0.00
FilePages               46996.48         3805.05        25111.97        18728.57        94642.07
AnonPages                5735.02          378.59          418.31           15.42         6547.34
PageTables                 84.80           18.61            0.57            0.00          103.98
WritebackTmp                0.00            0.00            0.00            0.00            0.00
MemTotal                63854.68        64492.78       514048.00       514048.00      1156443.45
MemFree                   516.06        51764.84       487478.75       495300.95      1035060.60
MemUsed                 63338.62        12727.93        26569.25        18747.05       121382.86
Dirty                       0.02            0.00            0.00            0.00            0.02
Writeback                   0.00            0.00            0.00            0.00            0.00
FilePages               46996.49         3805.05        25111.97        18728.57        94642.09
AnonPages                5734.72          378.60          405.12           15.42         6533.87
PageTables                 84.80           18.61            0.57            0.00          103.99
WritebackTmp                0.00            0.00            0.00            0.00            0.00
MemTotal                63854.68        64492.78       514048.00       514048.00      1156443.45
MemFree                   510.30        51764.50       487468.38       495300.95      1035044.12
MemUsed                 63344.38        12728.27        26579.62        18747.05       121399.33
Dirty                       0.02            0.01            0.00            0.00            0.03
Writeback                   0.00            0.00            0.00            0.00            0.00
FilePages               46996.50         3805.06        25111.97        18728.57        94642.10
AnonPages                5736.01          378.69          390.53           15.41         6520.64
PageTables                 84.86           18.61            0.52            0.00          103.99
WritebackTmp                0.00            0.00            0.00            0.00            0.00
MemTotal                63854.68        64492.78       514048.00       514048.00      1156443.45
MemFree                   512.38        51770.56       487455.84       495300.96      1035039.74
MemUsed                 63342.29        12722.22        26592.16        18747.04       121403.71
Dirty                       0.02            0.00            0.00            0.00            0.02
Writeback                   0.00            0.00            0.00            0.00            0.00
FilePages               46996.50         3805.07        25111.98        18728.57        94642.12
AnonPages                5735.86          379.02          378.31           15.41         6508.61
PageTables                 84.80           18.61            0.58            0.00          103.99
WritebackTmp                0.00            0.00            0.00            0.00            0.00
MemTotal                63854.68        64492.78       514048.00       514048.00      1156443.45
MemFree                   511.38        51770.53       487479.22       495300.96      1035062.09
MemUsed                 63343.30        12722.25        26568.78        18747.04       121381.37
Dirty                       0.02            0.00            0.00            0.00            0.03
Writeback                   0.00            0.00            0.00            0.00            0.00
FilePages               46996.51         3805.07        25111.98        18728.57        94642.12
AnonPages                5736.18          379.19          368.98           15.41         6499.76
PageTables                 84.87           18.61            0.52            0.00          104.00
WritebackTmp                0.00            0.00            0.00            0.00            0.00
MemTotal                63854.68        64492.78       514048.00       514048.00      1156443.45
MemFree                   503.71        51769.26       487493.27       495300.96      1035067.20
MemUsed                 63350.96        12723.52        26554.73        18747.04       121376.25
Dirty                       0.02            0.00            0.00            0.00            0.02
Writeback                   0.00            0.00            0.00            0.00            0.00
FilePages               46996.51         3805.07        25111.98        18728.57        94642.13
AnonPages                5736.11          379.27          355.26           15.41         6486.05
PageTables                 84.81           18.66            0.52            0.00          104.00
WritebackTmp                0.00            0.00            0.00            0.00            0.00
MemTotal                63854.68        64492.78       514048.00       514048.00      1156443.45
MemFree                   511.11        51769.31       487530.82       495300.96      1035112.19
MemUsed                 63343.57        12723.47        26517.18        18747.04       121331.26
Dirty                       0.02            0.00            0.00            0.00            0.03
Writeback                   0.00            0.00            0.00            0.00            0.00
FilePages               46996.52         3805.07        25111.99        18728.57        94642.15
AnonPages                5736.02          379.29          341.78           15.41         6472.50
PageTables                 84.81           18.66            0.52            0.00          104.00
WritebackTmp                0.00            0.00            0.00            0.00            0.00
MemTotal                63854.68        64492.78       514048.00       514048.00      1156443.45
MemFree                   511.40        51766.83       487536.43       495300.96      1035115.62
MemUsed                 63343.27        12725.95        26511.57        18747.04       121327.83
Dirty                       0.03            0.00            0.00            0.00            0.03
Writeback                   0.00            0.00            0.00            0.00            0.00
FilePages               46996.52         3805.08        25112.00        18728.57        94642.17
AnonPages                5735.21          379.23          330.12           15.41         6459.98
PageTables                 84.81           18.61            0.58            0.00          104.00
WritebackTmp                0.00            0.00            0.00            0.00            0.00
MemTotal                63854.68        64492.78       514048.00       514048.00      1156443.45
MemFree                   511.93        51771.34       487582.67       495300.96      1035166.90
MemUsed                 63342.74        12721.43        26465.33        18747.04       121276.55
Dirty                       0.02            0.00            0.00            0.00            0.03
Writeback                   0.00            0.00            0.00            0.00            0.00
FilePages               46996.52         3805.09        25112.00        18728.57        94642.18
AnonPages                5733.79          379.14          318.43           15.41         6446.79
PageTables                 84.82           18.66            0.53            0.00          104.01
WritebackTmp                0.00            0.00            0.00            0.00            0.00
MemTotal                63854.68        64492.78       514048.00       514048.00      1156443.45
MemFree                   521.07        51764.94       487602.16       495300.96      1035189.14
MemUsed                 63333.60        12727.84        26445.84        18747.04       121254.32
Dirty                       0.02            0.00            0.00            0.00            0.02
Writeback                   0.00            0.00            0.00            0.00            0.00
FilePages               46996.53         3805.10        25112.00        18728.57        94642.20
AnonPages                5728.34          379.06          311.57           15.41         6434.38
PageTables                 84.82           18.61            0.58            0.00          104.01
WritebackTmp                0.00            0.00            0.00            0.00            0.00
MemTotal                63854.68        64492.78       514048.00       514048.00      1156443.45
MemFree                   541.20        51762.06       487649.34       495300.96      1035253.56
MemUsed                 63313.48        12730.71        26398.66        18747.04       121189.89
Dirty                       0.02            0.00            0.00            0.00            0.03
Writeback                   0.00            0.00            0.00            0.00            0.00
FilePages               46996.54         3805.11        25112.00        18728.57        94642.21
AnonPages                5719.18          379.06          307.30           15.41         6420.95
PageTables                 84.88           18.61            0.53            0.00          104.01
WritebackTmp                0.00            0.00            0.00            0.00            0.00
MemTotal                63854.68        64492.78       514048.00       514048.00      1156443.45
MemFree                   554.01        51767.62       487684.55       495300.96      1035307.14
MemUsed                 63300.66        12725.16        26363.45        18747.04       121136.32
Dirty                       0.03            0.00            0.00            0.00            0.03
Writeback                   0.00            0.00            0.00            0.00            0.00
FilePages               46996.55         3805.12        25112.00        18728.57        94642.23
AnonPages                5709.14          379.14          304.94           15.41         6408.64
PageTables                 84.82           18.66            0.53            0.00          104.01
WritebackTmp                0.00            0.00            0.00            0.00            0.00
MemTotal                63854.68        64492.78       514048.00       514048.00      1156443.45
MemFree                   558.67        51769.57       487716.09       495300.96      1035345.28
MemUsed                 63296.01        12723.21        26331.91        18747.04       121098.17
Dirty                       0.02            0.01            0.00            0.00            0.03
Writeback                   0.00            0.00            0.00            0.00            0.00
FilePages               46996.56         3805.12        25112.00        18728.57        94642.25
AnonPages                5702.51          379.06          301.04           15.41         6398.03
PageTables                 84.88           18.61            0.53            0.00          104.02
WritebackTmp                0.00            0.00            0.00            0.00            0.00
MemTotal                63854.68        64492.78       514048.00       514048.00      1156443.45
MemFree                   534.61        51766.54       487749.97       495300.96      1035352.07
MemUsed                 63320.07        12726.24        26298.03        18747.04       121091.38
Dirty                       0.02            0.00            0.00            0.00            0.02
Writeback                   0.00            0.00            0.00            0.00            0.00
FilePages               46996.57         3805.12        25112.00        18728.57        94642.26
AnonPages                5695.27          379.06          297.52           15.41         6387.27
PageTables                 84.88           18.61            0.53            0.00          104.02
WritebackTmp                0.00            0.00            0.00            0.00            0.00
MemTotal                63854.68        64492.78       514048.00       514048.00      1156443.45
MemFree                   561.55        51771.14       487782.14       495300.96      1035415.79
MemUsed                 63293.12        12721.64        26265.86        18747.04       121027.66
Dirty                       0.03            0.00            0.00            0.00            0.03
Writeback                   0.00            0.00            0.00            0.00            0.00
FilePages               46996.59         3805.12        25112.00        18728.57        94642.27
AnonPages                5690.05          379.06          293.99           15.41         6378.52
PageTables                 84.89           18.61            0.53            0.00          104.03
WritebackTmp                0.00            0.00            0.00            0.00            0.00
MemTotal                63854.68        64492.78       514048.00       514048.00      1156443.45
MemFree                   550.02        51769.29       487802.85       495300.96      1035423.12
MemUsed                 63304.65        12723.49        26245.15        18747.04       121020.34
Dirty                       0.02            0.00            0.00            0.00            0.02
Writeback                   0.00            0.00            0.00            0.00            0.00
FilePages               46996.61         3805.12        25112.00        18728.57        94642.29
AnonPages                5680.20          379.11          292.04           15.41         6366.76
PageTables                 84.89           18.61            0.53            0.00          104.02
WritebackTmp                0.00            0.00            0.00            0.00            0.00
MemTotal                63854.68        64492.78       514048.00       514048.00      1156443.45
MemFree                   553.00        51769.09       487821.07       495300.96      1035444.12
MemUsed                 63301.68        12723.68        26226.93        18747.04       120999.33
Dirty                       0.02            0.00            0.00            0.00            0.03
Writeback                   0.00            0.00            0.00            0.00            0.00
FilePages               46996.61         3805.12        25112.00        18728.57        94642.30
AnonPages                5671.85          379.77          288.74           15.41         6355.78
PageTables                 84.89           18.61            0.53            0.00          104.03
WritebackTmp                0.00            0.00            0.00            0.00            0.00
MemTotal                63854.68        64492.78       514048.00       514048.00      1156443.45
MemFree                   574.71        51774.50       487836.88       495300.96      1035487.04
MemUsed                 63279.96        12718.28        26211.12        18747.04       120956.41
Dirty                       0.02            0.00            0.00            0.00            0.02
Writeback                   0.00            0.00            0.00            0.00            0.00
FilePages               46996.63         3805.12        25112.00        18728.57        94642.32
AnonPages                5662.12          379.84          284.95           15.41         6342.32
PageTables                 84.84           18.66            0.53            0.00          104.03
WritebackTmp                0.00            0.00            0.00            0.00            0.00
MemTotal                63854.68        64492.78       514048.00       514048.00      1156443.45
MemFree                   597.70        51771.03       487848.19       495300.96      1035517.87
MemUsed                 63256.98        12721.75        26199.81        18747.04       120925.58
Dirty                       0.02            0.00            0.00            0.00            0.02
Writeback                   0.00            0.00            0.00            0.00            0.00
FilePages               46996.65         3805.12        25112.00        18728.57        94642.34
AnonPages                5651.36          379.77          282.72           15.41         6329.27
PageTables                 84.90           18.61            0.53            0.00          104.04
WritebackTmp                0.00            0.00            0.00            0.00            0.00
MemTotal                63854.68        64492.78       514048.00       514048.00      1156443.45
MemFree                   590.64        51764.90       487857.18       495300.96      1035513.69
MemUsed                 63264.03        12727.88        26190.82        18747.04       120929.77
Dirty                       0.02            0.00            0.00            0.00            0.02
Writeback                   0.00            0.00            0.00            0.00            0.00
FilePages               46996.66         3805.12        25112.00        18728.57        94642.35
AnonPages                5643.76          379.80          279.85           15.41         6318.82
PageTables                 84.91           18.61            0.53            0.00          104.04
WritebackTmp                0.00            0.00            0.00            0.00            0.00
MemTotal                63854.68        64492.78       514048.00       514048.00      1156443.45
MemFree                   595.37        51769.16       487862.07       495300.96      1035527.56
MemUsed                 63259.30        12723.62        26185.93        18747.04       120915.89
Dirty                       0.02            0.00            0.00            0.00            0.02
Writeback                   0.00            0.00            0.00            0.00            0.00
FilePages               46996.67         3805.12        25112.00        18728.57        94642.36
AnonPages                5633.74          379.20          278.20           15.41         6306.55
PageTables                 84.90           18.61            0.53            0.00          104.04
WritebackTmp                0.00            0.00            0.00            0.00            0.00
MemTotal                63854.68        64492.78       514048.00       514048.00      1156443.45
MemFree                   605.57        51768.57       487864.55       495300.96      1035539.65
MemUsed                 63249.10        12724.21        26183.45        18747.04       120903.80
Dirty                       0.02            0.00            0.00            0.00            0.02
Writeback                   0.00            0.00            0.00            0.00            0.00
FilePages               46996.69         3805.12        25112.00        18728.57        94642.38
AnonPages                5622.89          379.21          276.54           15.41         6294.05
PageTables                 84.91           18.61            0.53            0.00          104.04
WritebackTmp                0.00            0.00            0.00            0.00            0.00
MemTotal                63854.68        64492.78       514048.00       514048.00      1156443.45
MemFree                   620.34        51771.68       487867.33       495300.96      1035560.31
MemUsed                 63234.34        12721.10        26180.67        18747.04       120883.14
Dirty                       0.03            0.00            0.00            0.00            0.03
Writeback                   0.00            0.00            0.00            0.00            0.00
FilePages               46996.71         3805.12        25112.00        18728.57        94642.40
AnonPages                5610.91          379.22          275.42           15.41         6280.96
PageTables                 84.91           18.61            0.53            0.00          104.04
WritebackTmp                0.00            0.00            0.00            0.00            0.00
MemTotal                63854.68        64492.78       514048.00       514048.00      1156443.45
MemFree                   629.44        51773.96       487870.06       495300.96      1035574.42
MemUsed                 63225.24        12718.82        26177.94        18747.04       120869.03
Dirty                       0.02            0.00            0.00            0.00            0.02
Writeback                   0.00            0.00            0.00            0.00            0.00
FilePages               46996.72         3805.12        25112.00        18728.57        94642.41
AnonPages                5599.41          379.24          274.36           15.41         6268.42
PageTables                 84.91           18.61            0.53            0.00          104.05
WritebackTmp                0.00            0.00            0.00            0.00            0.00
MemTotal                63854.68        64492.78       514048.00       514048.00      1156443.45
MemFree                   643.29        51772.98       487872.53       495300.96      1035589.76
MemUsed                 63211.39        12719.80        26175.47        18747.04       120853.70
Dirty                       0.03            0.00            0.00            0.00            0.03
Writeback                   0.00            0.00            0.00            0.00            0.00
FilePages               46996.74         3805.12        25112.00        18728.57        94642.43
AnonPages                5589.35          379.29          274.30           15.41         6258.35
PageTables                 84.92           18.61            0.53            0.00          104.05
WritebackTmp                0.00            0.00            0.00            0.00            0.00
MemTotal                63854.68        64492.78       514048.00       514048.00      1156443.45
MemFree                   648.17        51767.45       487874.34       495300.96      1035590.92
MemUsed                 63206.50        12725.33        26173.66        18747.04       120852.54
Dirty                       0.02            0.00            0.00            0.00            0.02
Writeback                   0.00            0.00            0.00            0.00            0.00
FilePages               46996.75         3805.12        25112.00        18728.57        94642.44
AnonPages                5578.33          379.39          274.30           15.41         6247.43
PageTables                 84.92           18.61            0.53            0.00          104.05
WritebackTmp                0.00            0.00            0.00            0.00            0.00
MemTotal                63854.68        64492.78       514048.00       514048.00      1156443.45
MemFree                   671.16        51768.63       487875.35       495300.96      1035616.11
MemUsed                 63183.51        12724.15        26172.65        18747.04       120827.35
Dirty                       0.02            0.00            0.00            0.00            0.03
Writeback                   0.00            0.00            0.00            0.00            0.00
FilePages               46996.77         3805.12        25112.00        18728.57        94642.46
AnonPages                5566.49          380.11          273.78           15.41         6235.79
PageTables                 84.92           18.61            0.53            0.00          104.05
WritebackTmp                0.00            0.00            0.00            0.00            0.00
MemTotal                63854.68        64492.78       514048.00       514048.00      1156443.45
MemFree                   685.03        51769.01       487875.92       495300.96      1035630.92
MemUsed                 63169.65        12723.77        26172.08        18747.04       120812.54
Dirty                       0.02            0.00            0.00            0.00            0.02
Writeback                   0.00            0.00            0.00            0.00            0.00
FilePages               46996.79         3805.12        25112.00        18728.57        94642.47
AnonPages                5558.91          379.74          269.93           15.41         6223.99
PageTables                 84.92           18.61            0.53            0.00          104.06
WritebackTmp                0.00            0.00            0.00            0.00            0.00
MemTotal                63854.68        64492.78       514048.00       514048.00      1156443.45
MemFree                   706.75        51775.14       487877.14       495300.96      1035660.00
MemUsed                 63147.92        12717.63        26170.86        18747.04       120783.46
Dirty                       0.02            0.00            0.00            0.00            0.02
Writeback                   0.00            0.00            0.00            0.00            0.00
FilePages               46996.80         3805.12        25112.00        18728.57        94642.48
AnonPages                5546.27          379.15          269.93           15.41         6210.76
PageTables                 84.92           18.61            0.53            0.00          104.06
WritebackTmp                0.00            0.00            0.00            0.00            0.00
MemTotal                63854.68        64492.78       514048.00       514048.00      1156443.45
MemFree                   715.49        51773.52       487877.67       495300.96      1035667.64
MemUsed                 63139.19        12719.26        26170.33        18747.04       120775.82
Dirty                       0.02            0.00            0.00            0.00            0.02
Writeback                   0.00            0.00            0.00            0.00            0.00
FilePages               46996.82         3805.12        25112.00        18728.57        94642.50
AnonPages                5534.54          379.22          269.93           15.41         6199.10
PageTables                 84.93           18.61            0.53            0.00          104.06
WritebackTmp                0.00            0.00            0.00            0.00            0.00
MemTotal                63854.68        64492.78       514048.00       514048.00      1156443.45
MemFree                   711.62        51768.62       487878.16       495300.96      1035659.37
MemUsed                 63143.05        12724.15        26169.84        18747.04       120784.08
Dirty                       0.02            0.00            0.00            0.00            0.03
Writeback                   0.00            0.00            0.00            0.00            0.00
FilePages               46996.83         3805.12        25112.00        18728.57        94642.52
AnonPages                5523.27          379.28          269.93           15.41         6187.89
PageTables                 84.93           18.61            0.53            0.00          104.07
WritebackTmp                0.00            0.00            0.00            0.00            0.00
MemTotal                63854.68        64492.78       514048.00       514048.00      1156443.45
MemFree                   722.59        51770.27       487878.93       495301.01      1035672.79
MemUsed                 63132.09        12722.51        26169.07        18746.99       120770.66
Dirty                       0.02            0.00            0.00            0.00            0.02
Writeback                   0.00            0.00            0.00            0.00            0.00
FilePages               46996.85         3805.12        25112.00        18728.57        94642.54
AnonPages                5510.91          379.32          269.37           15.36         6174.96
PageTables                 84.93           18.61            0.53            0.00          104.07
WritebackTmp                0.00            0.00            0.00            0.00            0.00
MemTotal                63854.68        64492.78       514048.00       514048.00      1156443.45
MemFree                   731.48        51779.61       487879.51       495301.01      1035691.61
MemUsed                 63123.20        12713.16        26168.49        18746.99       120751.84
Dirty                       0.02            0.00            0.00            0.00            0.02
Writeback                   0.00            0.00            0.00            0.00            0.00
FilePages               46996.86         3805.12        25112.00        18728.57        94642.54
AnonPages                5504.93          372.43          269.37           15.36         6162.09
PageTables                 84.94           18.61            0.53            0.00          104.07
WritebackTmp                0.00            0.00            0.00            0.00            0.00
MemTotal                63854.68        64492.78       514048.00       514048.00      1156443.45
MemFree                   739.86        51776.12       487879.75       495301.01      1035696.74
MemUsed                 63114.82        12716.66        26168.25        18746.99       120746.71
Dirty                       0.03            0.00            0.00            0.00            0.03
Writeback                   0.00            0.00            0.00            0.00            0.00
FilePages               46996.88         3805.12        25112.00        18728.57        94642.56
AnonPages                5493.78          371.40          269.37           15.36         6149.91
PageTables                 84.94           18.61            0.53            0.00          104.07
WritebackTmp                0.00            0.00            0.00            0.00            0.00
MemTotal                63854.68        64492.78       514048.00       514048.00      1156443.45
MemFree                   759.36        51783.10       487880.29       495301.01      1035723.75
MemUsed                 63095.31        12709.68        26167.71        18746.99       120719.70
Dirty                       0.02            0.00            0.00            0.00            0.02
Writeback                   0.00            0.00            0.00            0.00            0.00
FilePages               46996.88         3805.12        25112.00        18728.57        94642.57
AnonPages                5482.42          371.40          269.37           15.36         6138.55
PageTables                 84.94           18.61            0.53            0.00          104.08
WritebackTmp                0.00            0.00            0.00            0.00            0.00
MemTotal                63854.68        64492.78       514048.00       514048.00      1156443.45
MemFree                   767.09        51782.87       487880.78       495301.01      1035731.74
MemUsed                 63087.59        12709.91        26167.22        18746.99       120711.71
Dirty                       0.02            0.00            0.00            0.00            0.02
Writeback                   0.00            0.00            0.00            0.00            0.00
FilePages               46996.89         3805.12        25112.00        18728.57        94642.59
AnonPages                5470.96          371.48          269.37           15.36         6127.18
PageTables                 84.89           18.66            0.53            0.00          104.08
WritebackTmp                0.00            0.00            0.00            0.00            0.00
MemTotal                63854.68        64492.78       514048.00       514048.00      1156443.45
MemFree                   768.69        51778.66       487881.22       495301.01      1035729.58
MemUsed                 63085.98        12714.12        26166.78        18746.99       120713.88
Dirty                       0.02            0.01            0.00            0.00            0.03
Writeback                   0.00            0.00            0.00            0.00            0.00
FilePages               46996.91         3805.12        25112.00        18728.57        94642.60
AnonPages                5461.09          371.40          269.20           15.36         6117.05
PageTables                 84.95           18.61            0.53            0.00          104.09
WritebackTmp                0.00            0.00            0.00            0.00            0.00
MemTotal                63854.68        64492.78       514048.00       514048.00      1156443.45
MemFree                   789.53        51782.27       487881.47       495301.01      1035754.27
MemUsed                 63065.15        12710.51        26166.53        18746.99       120689.18
Dirty                       0.02            0.00            0.00            0.00            0.02
Writeback                   0.00            0.00            0.00            0.00            0.00
FilePages               46996.93         3805.12        25112.00        18728.57        94642.62
AnonPages                5447.69          371.21          269.17           15.36         6103.44
PageTables                 84.95           18.61            0.53            0.00          104.08
WritebackTmp                0.00            0.00            0.00            0.00            0.00
MemTotal                63854.68        64492.78       514048.00       514048.00      1156443.45
MemFree                   793.45        51778.27       487881.47       495301.01      1035754.20
MemUsed                 63061.23        12714.51        26166.53        18746.99       120689.26
Dirty                       0.02            0.00            0.00            0.00            0.02
Writeback                   0.00            0.00            0.00            0.00            0.00
FilePages               46996.93         3805.12        25112.00        18728.57        94642.62
AnonPages                5435.29          370.94          269.17           15.36         6090.76
PageTables                 84.95           18.63            0.53            0.00          104.11
WritebackTmp                0.00            0.00            0.00            0.00            0.00
MemTotal                63854.68        64492.78       514048.00       514048.00      1156443.45
MemFree                   803.22        51776.55       487881.47       495301.01      1035762.25
MemUsed                 63051.46        12716.23        26166.53        18746.99       120681.21
Dirty                       0.03            0.00            0.00            0.00            0.03
Writeback                   0.00            0.00            0.00            0.00            0.00
FilePages               46996.95         3805.12        25112.00        18728.57        94642.64
AnonPages                5422.12          370.71          269.16           15.36         6077.36
PageTables                 84.95           18.61            0.53            0.00          104.09
WritebackTmp                0.00            0.00            0.00            0.00            0.00
MemTotal                63854.68        64492.78       514048.00       514048.00      1156443.45
MemFree                   831.31        51780.64       487881.53       495301.01      1035794.48
MemUsed                 63023.37        12712.14        26166.47        18746.99       120648.97
Dirty                       0.02            0.01            0.00            0.00            0.03
Writeback                   0.00            0.00            0.00            0.00            0.00
FilePages               46996.96         3805.12        25112.00        18728.57        94642.66
AnonPages                5410.07          370.71          269.16           15.36         6065.31
PageTables                 84.96           18.61            0.53            0.00          104.09
WritebackTmp                0.00            0.00            0.00            0.00            0.00
MemTotal                63854.68        64492.78       514048.00       514048.00      1156443.45
MemFree                   836.64        51783.16       487881.53       495301.01      1035802.34
MemUsed                 63018.04        12709.61        26166.47        18746.99       120641.12
Dirty                       0.02            0.00            0.00            0.00            0.02
Writeback                   0.00            0.00            0.00            0.00            0.00
FilePages               46996.98         3805.12        25112.00        18728.57        94642.68
AnonPages                5399.79          370.71          269.16           15.36         6055.02
PageTables                 84.96           18.61            0.53            0.00          104.10
WritebackTmp                0.00            0.00            0.00            0.00            0.00
MemTotal                63854.68        64492.78       514048.00       514048.00      1156443.45
MemFree                   850.95        51781.08       487881.56       495301.01      1035814.60
MemUsed                 63003.72        12711.70        26166.44        18746.99       120628.86
Dirty                       0.02            0.00            0.00            0.00            0.03
Writeback                   0.00            0.00            0.00            0.00            0.00
FilePages               46996.98         3805.12        25112.00        18728.57        94642.68
AnonPages                5386.14          370.80          269.16           15.36         6041.47
PageTables                 84.91           18.66            0.53            0.00          104.11
WritebackTmp                0.00            0.00            0.00            0.00            0.00
MemTotal                63854.68        64492.78       514048.00       514048.00      1156443.45
MemFree                   854.85        51778.37       487881.56       495301.01      1035815.78
MemUsed                 62999.83        12714.41        26166.44        18746.99       120627.67
Dirty                       0.03            0.00            0.00            0.00            0.03
Writeback                   0.00            0.00            0.00            0.00            0.00
FilePages               46997.01         3805.12        25112.00        18728.57        94642.71
AnonPages                5375.60          370.71          269.16           15.36         6030.84
PageTables                 84.97           18.61            0.53            0.00          104.11
WritebackTmp                0.00            0.00            0.00            0.00            0.00
MemTotal                63854.68        64492.78       514048.00       514048.00      1156443.45
MemFree                   875.40        51782.39       487881.57       495301.01      1035840.37
MemUsed                 62979.28        12710.39        26166.43        18746.99       120603.08
Dirty                       0.03            0.00            0.00            0.00            0.04
Writeback                   0.00            0.00            0.00            0.00            0.00
FilePages               46997.03         3805.12        25112.00        18728.57        94642.72
AnonPages                5363.49          370.71          269.16           15.36         6018.73
PageTables                 84.98           18.61            0.53            0.00          104.11
WritebackTmp                0.00            0.00            0.00            0.00            0.00
MemTotal                63854.68        64492.78       514048.00       514048.00      1156443.45
MemFree                   881.11        51782.49       487881.57       495301.01      1035846.18
MemUsed                 62973.56        12710.29        26166.43        18746.99       120597.27
Dirty                       0.02            0.00            0.00            0.00            0.02
Writeback                   0.00            0.00            0.00            0.00            0.00
FilePages               46997.04         3805.12        25112.00        18728.57        94642.74
AnonPages                5354.28          369.48          269.16           15.36         6008.29
PageTables                 84.98           18.61            0.53            0.00          104.11
WritebackTmp                0.00            0.00            0.00            0.00            0.00
MemTotal                63854.68        64492.78       514048.00       514048.00      1156443.45
MemFree                   886.68        51783.49       487881.57       495301.01      1035852.76
MemUsed                 62967.99        12709.29        26166.43        18746.99       120590.70
Dirty                       0.03            0.00            0.00            0.00            0.03
Writeback                   0.00            0.00            0.00            0.00            0.00
FilePages               46997.05         3805.12        25112.00        18728.57        94642.75
AnonPages                5343.63          369.48          269.16           15.36         5997.64
PageTables                 84.98           18.61            0.53            0.00          104.12
WritebackTmp                0.00            0.00            0.00            0.00            0.00
MemTotal                63854.68        64492.78       514048.00       514048.00      1156443.45
MemFree                   904.22        51777.96       487881.57       495301.01      1035864.76
MemUsed                 62950.45        12714.82        26166.43        18746.99       120578.69
Dirty                       0.02            0.00            0.00            0.00            0.02
Writeback                   0.00            0.00            0.00            0.00            0.00
FilePages               46997.07         3805.12        25112.00        18728.57        94642.76
AnonPages                5331.12          369.48          269.16           15.36         5985.12
PageTables                 84.98           18.61            0.53            0.00          104.12
WritebackTmp                0.00            0.00            0.00            0.00            0.00
MemTotal                63854.68        64492.78       514048.00       514048.00      1156443.45
MemFree                   913.87        51780.25       487881.57       495301.01      1035876.70
MemUsed                 62940.80        12712.53        26166.43        18746.99       120566.75
Dirty                       0.02            0.00            0.00            0.00            0.02
Writeback                   0.00            0.00            0.00            0.00            0.00
FilePages               46997.07         3805.13        25112.00        18728.57        94642.77
AnonPages                5317.55          369.48          268.12           15.36         5970.51
PageTables                 84.98           18.61            0.53            0.00          104.12
WritebackTmp                0.00            0.00            0.00            0.00            0.00
MemTotal                63854.68        64492.78       514048.00       514048.00      1156443.45
MemFree                   926.23        51781.50       487882.07       495301.01      1035890.81
MemUsed                 62928.44        12711.28        26165.93        18746.99       120552.64
Dirty                       0.02            0.00            0.00            0.00            0.02
Writeback                   0.00            0.00            0.00            0.00            0.00
FilePages               46997.10         3805.13        25112.00        18728.57        94642.80
AnonPages                5307.79          369.49          268.12           15.36         5960.77
PageTables                 84.99           18.61            0.53            0.00          104.12
WritebackTmp                0.00            0.00            0.00            0.00            0.00
MemTotal                63854.68        64492.78       514048.00       514048.00      1156443.45
MemFree                   944.36        51779.47       487882.33       495301.01      1035907.17
MemUsed                 62910.31        12713.30        26165.67        18746.99       120536.28
Dirty                       0.02            0.01            0.00            0.00            0.03
Writeback                   0.00            0.00            0.00            0.00            0.00
FilePages               46997.11         3805.13        25112.00        18728.57        94642.81
AnonPages                5294.38          369.55          268.12           15.36         5947.41
PageTables                 84.99           18.61            0.53            0.00          104.13
WritebackTmp                0.00            0.00            0.00            0.00            0.00
MemTotal                63854.68        64492.78       514048.00       514048.00      1156443.45
MemFree                   961.24        51781.46       487882.63       495301.01      1035926.34
MemUsed                 62893.44        12711.31        26165.37        18746.99       120517.11
Dirty                       0.03            0.00            0.00            0.00            0.03
Writeback                   0.00            0.00            0.00            0.00            0.00
FilePages               46997.12         3805.13        25112.00        18728.57        94642.82
AnonPages                5283.83          369.54          268.12           15.36         5936.86
PageTables                 85.00           18.61            0.53            0.00          104.13
WritebackTmp                0.00            0.00            0.00            0.00            0.00
MemTotal                63854.68        64492.78       514048.00       514048.00      1156443.45
MemFree                   976.08        51778.62       487882.63       495301.01      1035938.35
MemUsed                 62878.59        12714.15        26165.37        18746.99       120505.11
Dirty                       0.02            0.00            0.00            0.00            0.02
Writeback                   0.00            0.00            0.00            0.00            0.00
FilePages               46997.13         3805.13        25112.00        18728.57        94642.83
AnonPages                5271.41          369.92          268.12           15.36         5924.82
PageTables                 84.94           18.66            0.53            0.00          104.13
WritebackTmp                0.00            0.00            0.00            0.00            0.00
MemTotal                63854.68        64492.78       514048.00       514048.00      1156443.45
MemFree                   977.71        51777.32       487882.63       495301.01      1035938.67
MemUsed                 62876.96        12715.46        26165.37        18746.99       120504.78
Dirty                       0.02            0.00            0.00            0.00            0.02
Writeback                   0.00            0.00            0.00            0.00            0.00
FilePages               46997.15         3805.13        25112.00        18728.57        94642.85
AnonPages                5259.02          369.84          268.12           15.36         5912.35
PageTables                 85.00           18.61            0.53            0.00          104.14
WritebackTmp                0.00            0.00            0.00            0.00            0.00
MemTotal                63854.68        64492.78       514048.00       514048.00      1156443.45
MemFree                   991.16        51781.28       487882.65       495301.01      1035956.10
MemUsed                 62863.51        12711.50        26165.35        18746.99       120487.36
Dirty                       0.02            0.00            0.00            0.00            0.03
Writeback                   0.00            0.00            0.00            0.00            0.00
FilePages               46997.16         3805.13        25112.00        18728.57        94642.86
AnonPages                5246.17          369.80          268.12           15.36         5899.45
PageTables                 85.00           18.61            0.53            0.00          104.14
WritebackTmp                0.00            0.00            0.00            0.00            0.00
MemTotal                63854.68        64492.78       514048.00       514048.00      1156443.45
MemFree                   999.39        51775.35       487882.65       495301.01      1035958.40
MemUsed                 62855.28        12717.43        26165.35        18746.99       120485.05
Dirty                       0.02            0.00            0.00            0.00            0.02
Writeback                   0.00            0.00            0.00            0.00            0.00
FilePages               46997.18         3805.13        25112.00        18728.57        94642.88
AnonPages                5233.01          369.52          268.12           15.36         5886.01
PageTables                 85.00           18.61            0.53            0.00          104.14
WritebackTmp                0.00            0.00            0.00            0.00            0.00
MemTotal                63854.68        64492.78       514048.00       514048.00      1156443.45
MemFree                  1012.91        51783.57       487882.67       495301.01      1035980.16
MemUsed                 62841.77        12709.20        26165.33        18746.99       120463.29
Dirty                       0.02            0.00            0.00            0.00            0.02
Writeback                   0.00            0.00            0.00            0.00            0.00
FilePages               46997.20         3805.13        25112.00        18728.57        94642.90
AnonPages                5220.00          369.52          268.12           15.36         5873.00
PageTables                 85.00           18.61            0.53            0.00          104.14
WritebackTmp                0.00            0.00            0.00            0.00            0.00
MemTotal                63854.68        64492.78       514048.00       514048.00      1156443.45
MemFree                  1038.24        51770.95       487882.67       495301.01      1035992.86
MemUsed                 62816.44        12721.83        26165.33        18746.99       120450.59
Dirty                       0.02            0.00            0.00            0.00            0.02
Writeback                   0.00            0.00            0.00            0.00            0.00
FilePages               46997.21         3805.13        25112.00        18728.57        94642.91
AnonPages                5200.74          376.97          268.12           15.36         5861.20
PageTables                 85.01           18.61            0.53            0.00          104.14
WritebackTmp                0.00            0.00            0.00            0.00            0.00
MemTotal                63854.68        64492.78       514048.00       514048.00      1156443.45
MemFree                  1048.52        51772.29       487882.72       495301.01      1036004.53
MemUsed                 62806.16        12720.49        26165.28        18746.99       120438.92
Dirty                       0.02            0.00            0.00            0.00            0.02
Writeback                   0.00            0.00            0.00            0.00            0.00
FilePages               46997.22         3805.13        25112.00        18728.57        94642.92
AnonPages                5187.52          376.97          268.12           15.36         5847.97
PageTables                 85.01           18.61            0.53            0.00          104.14
WritebackTmp                0.00            0.00            0.00            0.00            0.00
MemTotal                63854.68        64492.78       514048.00       514048.00      1156443.45
MemFree                  1061.96        51772.64       487882.72       495301.01      1036018.33
MemUsed                 62792.71        12720.14        26165.28        18746.99       120425.12
Dirty                       0.02            0.00            0.00            0.00            0.02
Writeback                   0.00            0.00            0.00            0.00            0.00
FilePages               46997.24         3805.13        25112.00        18728.57        94642.94
AnonPages                5176.78          376.97          268.12           15.36         5837.23
PageTables                 85.01           18.61            0.53            0.00          104.15
WritebackTmp                0.00            0.00            0.00            0.00            0.00
MemTotal                63854.68        64492.78       514048.00       514048.00      1156443.45
MemFree                  1081.91        51778.59       487882.72       495301.01      1036044.23
MemUsed                 62772.77        12714.18        26165.28        18746.99       120399.22
Dirty                       0.02            0.00            0.00            0.00            0.03
Writeback                   0.00            0.00            0.00            0.00            0.00
FilePages               46997.25         3805.13        25112.00        18728.57        94642.95
AnonPages                5164.55          376.97          268.12           15.36         5825.00
PageTables                 85.02           18.61            0.53            0.00          104.15
WritebackTmp                0.00            0.00            0.00            0.00            0.00
MemTotal                63854.68        64492.78       514048.00       514048.00      1156443.45
MemFree                  1071.86        51769.85       487882.72       495301.01      1036025.43
MemUsed                 62782.82        12722.93        26165.28        18746.99       120418.02
Dirty                       0.02            0.00            0.00            0.00            0.02
Writeback                   0.00            0.00            0.00            0.00            0.00
FilePages               46997.27         3805.13        25112.00        18728.57        94642.97
AnonPages                5156.21          377.05          268.12           15.36         5816.75
PageTables                 84.97           18.66            0.53            0.00          104.16
WritebackTmp                0.00            0.00            0.00            0.00            0.00
MemTotal                63854.68        64492.78       514048.00       514048.00      1156443.45
MemFree                  1099.70        51768.70       487882.73       495301.01      1036052.14
MemUsed                 62754.98        12724.07        26165.27        18746.99       120391.31
Dirty                       0.03            0.00            0.00            0.00            0.03
Writeback                   0.00            0.00            0.00            0.00            0.00
FilePages               46997.29         3805.13        25112.00        18728.57        94642.99
AnonPages                5145.75          376.98          268.12           15.36         5806.21
PageTables                 85.02           18.61            0.53            0.00          104.16
WritebackTmp                0.00            0.00            0.00            0.00            0.00
MemTotal                63854.68        64492.78       514048.00       514048.00      1156443.45
MemFree                  1114.76        51774.56       487882.73       495301.01      1036073.06
MemUsed                 62739.91        12718.22        26165.27        18746.99       120370.39
Dirty                       0.02            0.00            0.00            0.00            0.02
Writeback                   0.00            0.00            0.00            0.00            0.00
FilePages               46997.30         3805.13        25112.00        18728.57        94643.00
AnonPages                5134.25          377.01          268.12           15.36         5794.75
PageTables                 85.03           18.61            0.53            0.00          104.17
WritebackTmp                0.00            0.00            0.00            0.00            0.00
MemTotal                63854.68        64492.78       514048.00       514048.00      1156443.45
MemFree                  1131.97        51773.86       487882.73       495301.01      1036089.58
MemUsed                 62722.70        12718.91        26165.27        18746.99       120353.88
Dirty                       0.04            0.00            0.00            0.00            0.04
Writeback                   0.00            0.00            0.00            0.00            0.00
FilePages               46997.32         3805.13        25112.00        18728.57        94643.02
AnonPages                5122.87          377.07          268.12           15.36         5783.43
PageTables                 85.03           18.61            0.53            0.00          104.17
WritebackTmp                0.00            0.00            0.00            0.00            0.00
MemTotal                63854.68        64492.78       514048.00       514048.00      1156443.45
MemFree                  1155.59        51767.68       487882.73       495301.01      1036107.01
MemUsed                 62699.09        12725.10        26165.27        18746.99       120336.45
Dirty                       0.02            0.00            0.00            0.00            0.02
Writeback                   0.00            0.00            0.00            0.00            0.00
FilePages               46997.33         3805.13        25112.00        18728.57        94643.03
AnonPages                5111.44          377.09          268.12           15.36         5772.01
PageTables                 85.04           18.61            0.53            0.00          104.17
WritebackTmp                0.00            0.00            0.00            0.00            0.00
MemTotal                63854.68        64492.78       514048.00       514048.00      1156443.45
MemFree                  1168.57        51770.21       487882.75       495301.01      1036122.53
MemUsed                 62686.11        12722.57        26165.25        18746.99       120320.92
Dirty                       0.02            0.00            0.00            0.00            0.02
Writeback                   0.00            0.00            0.00            0.00            0.00
FilePages               46997.34         3805.13        25112.00        18728.57        94643.04
AnonPages                5099.16          377.96          268.11           15.36         5760.59
PageTables                 85.04           18.61            0.53            0.00          104.17
WritebackTmp                0.00            0.00            0.00            0.00            0.00
MemTotal                63854.68        64492.78       514048.00       514048.00      1156443.45
MemFree                  1178.98        51769.62       487882.76       495301.01      1036132.37
MemUsed                 62675.69        12723.16        26165.24        18746.99       120311.08
Dirty                       0.02            0.00            0.00            0.00            0.02
Writeback                   0.00            0.00            0.00            0.00            0.00
FilePages               46997.36         3805.13        25112.00        18728.57        94643.05
AnonPages                5086.43          378.00          268.11           15.36         5747.90
PageTables                 85.04           18.61            0.53            0.00          104.18
WritebackTmp                0.00            0.00            0.00            0.00            0.00
MemTotal                63854.68        64492.78       514048.00       514048.00      1156443.45
MemFree                  1187.55        51772.35       487882.77       495301.01      1036143.68
MemUsed                 62667.12        12720.43        26165.23        18746.99       120299.77
Dirty                       0.03            0.00            0.00            0.00            0.03
Writeback                   0.00            0.00            0.00            0.00            0.00
FilePages               46997.38         3805.13        25112.00        18728.57        94643.08
AnonPages                5075.50          377.79          268.11           15.36         5736.76
PageTables                 85.04           18.61            0.53            0.00          104.18
WritebackTmp                0.00            0.00            0.00            0.00            0.00
MemTotal                63854.68        64492.78       514048.00       514048.00      1156443.45
MemFree                  1201.59        51772.25       487882.77       495301.01      1036157.62
MemUsed                 62653.09        12720.53        26165.23        18746.99       120285.84
Dirty                       0.02            0.00            0.00            0.00            0.02
Writeback                   0.00            0.00            0.00            0.00            0.00
FilePages               46997.39         3805.13        25112.00        18728.57        94643.09
AnonPages                5064.49          377.90          268.11           15.36         5725.87
PageTables                 85.07           18.66            0.53            0.00          104.26
WritebackTmp                0.00            0.00            0.00            0.00            0.00
MemTotal                63854.68        64492.78       514048.00       514048.00      1156443.45
MemFree                  1214.46        51769.86       487882.79       495301.01      1036168.12
MemUsed                 62640.21        12722.92        26165.21        18746.99       120275.33
Dirty                       0.02            0.00            0.00            0.00            0.02
Writeback                   0.00            0.00            0.00            0.00            0.00
FilePages               46997.40         3805.13        25112.00        18728.57        94643.10
AnonPages                5051.11          379.28          268.11           15.36         5713.86
PageTables                 85.05           18.61            0.53            0.00          104.18
WritebackTmp                0.00            0.00            0.00            0.00            0.00
MemTotal                63854.68        64492.78       514048.00       514048.00      1156443.45
MemFree                  1216.25        51772.55       487882.80       495301.01      1036172.60
MemUsed                 62638.43        12720.23        26165.20        18746.99       120270.85
Dirty                       0.02            0.00            0.00            0.00            0.02
Writeback                   0.00            0.00            0.00            0.00            0.00
FilePages               46997.41         3805.13        25112.00        18728.57        94643.11
AnonPages                5040.07          379.24          268.11           15.36         5702.78
PageTables                 85.05           18.61            0.53            0.00          104.19
WritebackTmp                0.00            0.00            0.00            0.00            0.00
MemTotal                63854.68        64492.78       514048.00       514048.00      1156443.45
MemFree                  1240.90        51769.02       487882.80       495301.01      1036193.73
MemUsed                 62613.77        12723.75        26165.20        18746.99       120249.72
Dirty                       0.02            0.00            0.00            0.00            0.02
Writeback                   0.00            0.00            0.00            0.00            0.00
FilePages               46997.42         3805.13        25112.00        18728.57        94643.12
AnonPages                5028.49          379.12          268.11           15.36         5691.08
PageTables                 85.05           18.61            0.53            0.00          104.18
WritebackTmp                0.00            0.00            0.00            0.00            0.00
MemTotal                63854.68        64492.78       514048.00       514048.00      1156443.45
MemFree                  1238.42        51769.07       487882.80       495301.01      1036191.30
MemUsed                 62616.25        12723.71        26165.20        18746.99       120252.15
Dirty                       0.03            0.00            0.00            0.00            0.03
Writeback                   0.00            0.00            0.00            0.00            0.00
FilePages               46997.45         3805.13        25112.00        18728.57        94643.14
AnonPages                5017.50          379.21          268.11           15.36         5680.19
PageTables                 85.05           18.61            0.53            0.00          104.19
WritebackTmp                0.00            0.00            0.00            0.00            0.00
MemTotal                63854.68        64492.78       514048.00       514048.00      1156443.45
MemFree                  1265.73        51768.98       487882.82       495301.01      1036218.54
MemUsed                 62588.95        12723.80        26165.18        18746.99       120224.92
Dirty                       0.03            0.00            0.00            0.00            0.04
Writeback                   0.00            0.00            0.00            0.00            0.00
FilePages               46997.46         3805.13        25112.00        18728.57        94643.16
AnonPages                5005.67          379.84          268.11           15.36         5668.98
PageTables                 85.06           18.61            0.53            0.00          104.20
WritebackTmp                0.00            0.00            0.00            0.00            0.00
MemTotal                63854.68        64492.78       514048.00       514048.00      1156443.45
MemFree                  1276.29        51766.42       487882.82       495301.01      1036226.54
MemUsed                 62578.38        12726.36        26165.18        18746.99       120216.92
Dirty                       0.02            0.00            0.00            0.00            0.02
Writeback                   0.00            0.00            0.00            0.00            0.00
FilePages               46997.46         3805.13        25112.00        18728.57        94643.16
AnonPages                4993.61          380.35          268.08           15.36         5657.40
PageTables                 85.05           18.61            0.53            0.00          104.19
WritebackTmp                0.00            0.00            0.00            0.00            0.00
MemTotal                63854.68        64492.78       514048.00       514048.00      1156443.45
MemFree                  1285.15        51770.07       487883.05       495301.01      1036239.28
MemUsed                 62569.53        12722.71        26164.95        18746.99       120204.17
Dirty                       0.03            0.00            0.00            0.00            0.03
Writeback                   0.00            0.00            0.00            0.00            0.00
FilePages               46997.49         3805.13        25112.00        18728.57        94643.19
AnonPages                4980.39          379.36          267.87           15.36         5642.98
PageTables                 85.06           18.61            0.53            0.00          104.20
WritebackTmp                0.00            0.00            0.00            0.00            0.00
MemTotal                63854.68        64492.78       514048.00       514048.00      1156443.45
MemFree                  1302.29        51769.20       487883.05       495301.01      1036255.55
MemUsed                 62552.39        12723.58        26164.95        18746.99       120187.91
Dirty                       0.02            0.00            0.00            0.00            0.02
Writeback                   0.00            0.00            0.00            0.00            0.00
FilePages               46997.50         3805.13        25112.00        18728.57        94643.20
AnonPages                4969.84          379.37          267.87           15.36         5632.45
PageTables                 85.06           18.61            0.53            0.00          104.20
WritebackTmp                0.00            0.00            0.00            0.00            0.00
MemTotal                63854.68        64492.78       514048.00       514048.00      1156443.45
MemFree                  1308.94        51772.25       487883.15       495301.01      1036265.34
MemUsed                 62545.73        12720.53        26164.85        18746.99       120178.11
Dirty                       0.03            0.00            0.00            0.00            0.03
Writeback                   0.00            0.00            0.00            0.00            0.00
FilePages               46997.51         3805.13        25112.00        18728.57        94643.21
AnonPages                4956.15          379.39          267.84           15.36         5618.74
PageTables                 85.07           18.61            0.53            0.00          104.20
WritebackTmp                0.00            0.00            0.00            0.00            0.00
MemTotal                63854.68        64492.78       514048.00       514048.00      1156443.45
MemFree                  1314.94        51770.58       487883.15       495301.01      1036269.68
MemUsed                 62539.73        12722.20        26164.85        18746.99       120173.78
Dirty                       0.01            0.00            0.00            0.00            0.01
Writeback                   0.00            0.00            0.00            0.00            0.00
FilePages               46997.52         3805.13        25112.00        18728.57        94643.22
AnonPages                4946.51          379.41          267.84           15.36         5609.13
PageTables                 85.07           18.61            0.53            0.00          104.21
WritebackTmp                0.00            0.00            0.00            0.00            0.00
MemTotal                63854.68        64492.78       514048.00       514048.00      1156443.45
MemFree                  1339.39        51771.96       487883.16       495301.01      1036295.52
MemUsed                 62515.29        12720.81        26164.84        18746.99       120147.93
Dirty                       0.03            0.00            0.00            0.00            0.03
Writeback                   0.00            0.00            0.00            0.00            0.00
FilePages               46997.54         3805.13        25112.00        18728.57        94643.24
AnonPages                4935.93          379.44          267.84           15.36         5598.57
PageTables                 85.07           18.61            0.53            0.00          104.21
WritebackTmp                0.00            0.00            0.00            0.00            0.00
MemTotal                63854.68        64492.78       514048.00       514048.00      1156443.45
MemFree                  1341.53        51769.00       487883.20       495301.01      1036294.73
MemUsed                 62513.15        12723.78        26164.80        18746.99       120148.72
Dirty                       0.01            0.00            0.00            0.00            0.01
Writeback                   0.00            0.00            0.00            0.00            0.00
FilePages               46997.55         3805.13        25112.00        18728.57        94643.25
AnonPages                4924.10          379.46          267.84           15.36         5586.76
PageTables                 85.07           18.61            0.53            0.00          104.21
WritebackTmp                0.00            0.00            0.00            0.00            0.00
MemTotal                63854.68        64492.78       514048.00       514048.00      1156443.45
MemFree                  1359.82        51777.05       487883.27       495301.01      1036321.15
MemUsed                 62494.86        12715.72        26164.73        18746.99       120122.30
Dirty                       0.02            0.00            0.00            0.00            0.02
Writeback                   0.00            0.00            0.00            0.00            0.00
FilePages               46997.57         3805.13        25112.00        18728.57        94643.27
AnonPages                4914.94          376.01          267.84           15.36         5574.16
PageTables                 85.08           18.61            0.53            0.00          104.21
WritebackTmp                0.00            0.00            0.00            0.00            0.00
MemTotal                63854.68        64492.78       514048.00       514048.00      1156443.45
MemFree                  4791.00        51788.95       487885.14       495301.01      1039766.09
MemUsed                 59063.68        12703.83        26162.86        18746.99       116677.36
Dirty                       0.08            0.01            0.00            0.00            0.09
Writeback                   0.00            0.00            0.00            0.00            0.00
FilePages               46997.60         3805.13        25112.00        18728.57        94643.30
AnonPages                1486.69          375.59          260.03           15.36         2137.66
PageTables                 74.65           18.61            0.04            0.00           93.30
WritebackTmp                0.00            0.00            0.00            0.00            0.00
