100.0
100.0
91.7856431369945
91.80340453298021
92.03415024583603
92.23611294989881
92.87508435180325
92.10718823393525
92.2799531775101
92.09817650226975
92.50669045495094
84.50911627366258
62.06634388379817
61.85941759848275
61.787752149803104
62.18527504872519
61.92264663576794
61.84184224203414
61.538309049459805
62.09388437649307
61.93648767254448
88.59338878899844
91.02610297061415
91.02355563588168
90.744017695556
90.62833444061927
91.82732275048494
91.04929771412834
91.735944210236
90.9743036406506
80.9761768785184
61.3128045371036
62.27651371381769
61.447861519243354
62.44689030065148
61.36188233431619
62.13684168110569
60.71057022278928
62.22231206161185
61.35850402123529
87.90073283036814
90.39998262833319
90.41095890410959
89.93665512962842
90.0432994154579
90.82125603864735
89.79979477326813
90.65265962017702
89.85242261982499
81.32375792700853
61.63763763763764
61.30927733412206
62.170610985311505
62.735782869284584
61.85810270356743
62.49648467317504
61.4150068105099
62.20884742702378
62.000321078824854
62.3876303487954
