MemTotal                63854.68        64492.78       514048.00       514048.00      1156443.45
MemFree                  4789.00        51748.22       487781.02       495300.88      1039619.12
MemUsed                 59065.67        12744.56        26266.98        18747.12       116824.33
Dirty                       0.03            0.01            0.00            0.00            0.04
Writeback                   0.00            0.00            0.00            0.00            0.00
FilePages               46995.70         3803.98        25106.89        18728.57        94635.14
AnonPages                1498.25          377.93          251.91           15.51         2143.59
PageTables                 75.26           18.59            0.17            0.00           94.03
WritebackTmp                0.00            0.00            0.00            0.00            0.00
MemTotal                63854.68        64492.78       514048.00       514048.00      1156443.45
MemFree                  2197.67        51749.60       487828.01       495300.88      1037076.16
MemUsed                 61657.01        12743.18        26219.99        18747.12       119367.30
Dirty                       0.07            0.04            0.10            0.00            0.21
Writeback                   0.00            0.00            0.00            0.00            0.00
FilePages               46995.74         3803.98        25106.89        18728.57        94635.18
AnonPages                4076.06          376.89          250.66           15.51         4719.12
PageTables                 81.55           18.59            0.07            0.00          100.21
WritebackTmp                0.00            0.00            0.00            0.00            0.00
MemTotal                63854.68        64492.78       514048.00       514048.00      1156443.45
MemFree                  2185.00        51751.47       487867.25       495300.88      1037104.61
MemUsed                 61669.68        12741.30        26180.75        18747.12       119338.84
Dirty                       0.08            0.02            0.00            0.00            0.09
Writeback                   0.00            0.00            0.00            0.00            0.00
FilePages               46995.75         3803.98        25106.89        18728.57        94635.19
AnonPages                4093.92          376.93          250.65           15.51         4737.01
PageTables                 81.61           18.59            0.07            0.00          100.27
WritebackTmp                0.00            0.00            0.00            0.00            0.00
MemTotal                63854.68        64492.78       514048.00       514048.00      1156443.45
MemFree                  2180.15        51750.44       487887.29       495300.88      1037118.76
MemUsed                 61674.53        12742.34        26160.71        18747.12       119324.69
Dirty                       0.03            0.00            0.00            0.00            0.03
Writeback                   0.00            0.00            0.00            0.00            0.00
FilePages               46995.76         3803.98        25106.89        18728.57        94635.20
AnonPages                4095.16          376.93          250.65           15.51         4738.24
PageTables                 82.03           18.59            0.07            0.00          100.69
WritebackTmp                0.00            0.00            0.00            0.00            0.00
MemTotal                63854.68        64492.78       514048.00       514048.00      1156443.45
MemFree                  2175.18        51751.51       487899.00       495300.88      1037126.57
MemUsed                 61679.50        12741.27        26149.00        18747.12       119316.89
Dirty                       0.04            0.00            0.00            0.00            0.04
Writeback                   0.00            0.00            0.00            0.00            0.00
FilePages               46995.78         3803.98        25106.89        18728.57        94635.22
AnonPages                4095.43          377.38          250.65           15.51         4738.96
PageTables                 81.66           18.59            0.07            0.00          100.32
WritebackTmp                0.00            0.00            0.00            0.00            0.00
MemTotal                63854.68        64492.78       514048.00       514048.00      1156443.45
MemFree                  2173.28        51750.38       487903.55       495300.88      1037128.10
MemUsed                 61681.39        12742.39        26144.45        18747.12       119315.35
Dirty                       0.02            0.00            0.00            0.00            0.03
Writeback                   0.00            0.00            0.00            0.00            0.00
FilePages               46995.80         3803.98        25106.89        18728.57        94635.24
AnonPages                4094.50          377.16          250.64           15.51         4737.82
PageTables                 81.68           18.59            0.07            0.00          100.34
WritebackTmp                0.00            0.00            0.00            0.00            0.00
MemTotal                63854.68        64492.78       514048.00       514048.00      1156443.45
MemFree                  2175.06        51750.00       487905.27       495300.88      1037131.21
MemUsed                 61679.62        12742.78        26142.73        18747.12       119312.24
Dirty                       0.03            0.00            0.00            0.00            0.03
Writeback                   0.00            0.00            0.00            0.00            0.00
FilePages               46995.81         3803.98        25106.89        18728.57        94635.26
AnonPages                4094.75          377.23          250.64           15.51         4738.13
PageTables                 81.70           18.59            0.07            0.00          100.36
WritebackTmp                0.00            0.00            0.00            0.00            0.00
MemTotal                63854.68        64492.78       514048.00       514048.00      1156443.45
MemFree                  2171.94        51747.90       487906.43       495300.88      1037127.15
MemUsed                 61682.73        12744.88        26141.57        18747.12       119316.30
Dirty                       0.03            0.01            0.00            0.00            0.04
Writeback                   0.00            0.00            0.00            0.00            0.00
FilePages               46995.83         3803.98        25106.89        18728.57        94635.27
AnonPages                4095.11          377.76          250.64           15.51         4739.02
PageTables                 81.75           18.59            0.07            0.00          100.41
WritebackTmp                0.00            0.00            0.00            0.00            0.00
MemTotal                63854.68        64492.78       514048.00       514048.00      1156443.45
MemFree                  2172.24        51749.47       487906.68       495300.88      1037129.27
MemUsed                 61682.44        12743.31        26141.32        18747.12       119314.19
Dirty                       0.03            0.00            0.00            0.00            0.03
Writeback                   0.00            0.00            0.00            0.00            0.00
FilePages               46995.84         3803.98        25106.89        18728.57        94635.28
AnonPages                4095.01          377.90          250.64           15.50         4739.06
PageTables                 81.78           18.59            0.07            0.00          100.44
WritebackTmp                0.00            0.00            0.00            0.00            0.00
MemTotal                63854.68        64492.78       514048.00       514048.00      1156443.45
MemFree                  2174.62        51749.98       487907.23       495300.89      1037132.71
MemUsed                 61680.06        12742.80        26140.77        18747.11       119310.75
Dirty                       0.03            0.00            0.00            0.00            0.03
Writeback                   0.00            0.00            0.00            0.00            0.00
FilePages               46995.85         3803.98        25106.89        18728.57        94635.30
AnonPages                4096.29          377.13          250.64           15.50         4739.56
PageTables                 81.75           18.65            0.07            0.00          100.46
WritebackTmp                0.00            0.00            0.00            0.00            0.00
MemTotal                63854.68        64492.78       514048.00       514048.00      1156443.45
MemFree                  2175.15        51752.96       487907.47       495300.89      1037136.47
MemUsed                 61679.53        12739.82        26140.53        18747.11       119306.98
Dirty                       0.03            0.00            0.00            0.00            0.03
Writeback                   0.00            0.00            0.00            0.00            0.00
FilePages               46995.86         3803.99        25106.89        18728.57        94635.32
AnonPages                4097.20          377.11          250.64           15.50         4740.46
PageTables                 81.78           18.65            0.07            0.00          100.49
WritebackTmp                0.00            0.00            0.00            0.00            0.00
MemTotal                63854.68        64492.78       514048.00       514048.00      1156443.45
MemFree                  2172.03        51753.31       487907.54       495300.89      1037133.76
MemUsed                 61682.64        12739.47        26140.46        18747.11       119309.69
Dirty                       0.03            0.00            0.00            0.00            0.03
Writeback                   0.00            0.00            0.00            0.00            0.00
FilePages               46995.87         3804.00        25106.89        18728.57        94635.33
AnonPages                4098.30          377.02          250.64           15.50         4741.47
PageTables                 81.87           18.59            0.07            0.00          100.53
WritebackTmp                0.00            0.00            0.00            0.00            0.00
MemTotal                63854.68        64492.78       514048.00       514048.00      1156443.45
MemFree                  2169.52        51751.62       487907.59       495300.89      1037129.61
MemUsed                 61685.16        12741.15        26140.41        18747.11       119313.84
Dirty                       0.03            0.00            0.00            0.00            0.03
Writeback                   0.00            0.00            0.00            0.00            0.00
FilePages               46995.88         3804.01        25106.89        18728.57        94635.35
AnonPages                4099.33          377.02          250.49           15.50         4742.35
PageTables                 81.95           18.60            0.01            0.00          100.56
WritebackTmp                0.00            0.00            0.00            0.00            0.00
MemTotal                63854.68        64492.78       514048.00       514048.00      1156443.45
MemFree                  2171.76        51750.75       487907.96       495300.89      1037131.35
MemUsed                 61682.92        12742.03        26140.04        18747.11       119312.11
Dirty                       0.02            0.00            0.00            0.00            0.02
Writeback                   0.00            0.00            0.00            0.00            0.00
FilePages               46995.89         3804.01        25106.89        18728.57        94635.36
AnonPages                4100.54          377.01          250.49           15.50         4743.54
PageTables                 81.98           18.60            0.01            0.00          100.59
WritebackTmp                0.00            0.00            0.00            0.00            0.00
MemTotal                63854.68        64492.78       514048.00       514048.00      1156443.45
MemFree                  2169.20        51751.20       487907.96       495300.89      1037129.24
MemUsed                 61685.48        12741.58        26140.04        18747.11       119314.21
Dirty                       0.03            0.00            0.00            0.00            0.03
Writeback                   0.00            0.00            0.00            0.00            0.00
FilePages               46995.91         3804.01        25106.89        18728.57        94635.38
AnonPages                4101.20          377.09          250.49           15.50         4744.29
PageTables                 81.96           18.65            0.01            0.00          100.62
WritebackTmp                0.00            0.00            0.00            0.00            0.00
MemTotal                63854.68        64492.78       514048.00       514048.00      1156443.45
MemFree                  2170.99        51752.54       487907.98       495300.89      1037132.39
MemUsed                 61683.69        12740.24        26140.02        18747.11       119311.06
Dirty                       0.03            0.00            0.00            0.00            0.03
Writeback                   0.00            0.00            0.00            0.00            0.00
FilePages               46995.92         3804.01        25106.89        18728.57        94635.39
AnonPages                4101.51          376.78          250.16           15.50         4743.95
PageTables                 81.99           18.65            0.01            0.00          100.65
WritebackTmp                0.00            0.00            0.00            0.00            0.00
MemTotal                63854.68        64492.78       514048.00       514048.00      1156443.45
MemFree                  2166.07        51752.61       487908.35       495300.89      1037127.92
MemUsed                 61688.60        12740.17        26139.65        18747.11       119315.53
Dirty                       0.03            0.01            0.00            0.00            0.04
Writeback                   0.00            0.00            0.00            0.00            0.00
FilePages               46995.93         3804.01        25106.89        18728.57        94635.40
AnonPages                4101.95          376.69          250.16           15.50         4744.30
PageTables                 82.07           18.60            0.01            0.00          100.68
WritebackTmp                0.00            0.00            0.00            0.00            0.00
MemTotal                63854.68        64492.78       514048.00       514048.00      1156443.45
MemFree                  2166.82        51751.44       487908.39       495300.89      1037127.53
MemUsed                 61687.86        12741.34        26139.61        18747.11       119315.92
Dirty                       0.03            0.00            0.00            0.00            0.03
Writeback                   0.00            0.00            0.00            0.00            0.00
FilePages               46995.95         3804.01        25106.89        18728.57        94635.42
AnonPages                4103.52          376.69          250.16           15.50         4745.86
PageTables                 82.11           18.60            0.01            0.00          100.71
WritebackTmp                0.00            0.00            0.00            0.00            0.00
MemTotal                63854.68        64492.78       514048.00       514048.00      1156443.45
MemFree                  2166.62        51751.37       487908.41       495300.89      1037127.29
MemUsed                 61688.05        12741.41        26139.59        18747.11       119316.16
Dirty                       0.04            0.00            0.00            0.00            0.04
Writeback                   0.00            0.00            0.00            0.00            0.00
FilePages               46995.96         3804.01        25106.89        18728.57        94635.43
AnonPages                4104.44          376.87          250.16           15.50         4746.97
PageTables                 82.14           18.60            0.01            0.00          100.75
WritebackTmp                0.00            0.00            0.00            0.00            0.00
MemTotal                63854.68        64492.78       514048.00       514048.00      1156443.45
MemFree                  2165.32        51751.78       487908.41       495300.89      1037126.40
MemUsed                 61689.35        12741.00        26139.59        18747.11       119317.05
Dirty                       0.03            0.00            0.00            0.00            0.03
Writeback                   0.00            0.00            0.00            0.00            0.00
FilePages               46995.98         3804.01        25106.89        18728.57        94635.45
AnonPages                4105.64          376.96          250.16           15.50         4748.25
PageTables                 82.12           18.65            0.01            0.00          100.79
WritebackTmp                0.00            0.00            0.00            0.00            0.00
MemTotal                63854.68        64492.78       514048.00       514048.00      1156443.45
MemFree                  2162.55        51752.37       487908.41       495300.89      1037124.21
MemUsed                 61692.12        12740.41        26139.59        18747.11       119319.24
Dirty                       0.04            0.00            0.00            0.00            0.04
Writeback                   0.00            0.00            0.00            0.00            0.00
FilePages               46995.99         3804.01        25106.89        18728.57        94635.46
AnonPages                4106.37          376.97          250.16           15.50         4749.00
PageTables                 82.20           18.60            0.01            0.00          100.81
WritebackTmp                0.00            0.00            0.00            0.00            0.00
MemTotal                63854.68        64492.78       514048.00       514048.00      1156443.45
MemFree                  2158.79        51749.25       487908.44       495300.89      1037117.36
MemUsed                 61695.89        12743.53        26139.56        18747.11       119326.09
Dirty                       0.02            0.01            0.00            0.00            0.03
Writeback                   0.00            0.00            0.00            0.00            0.00
FilePages               46996.01         3804.01        25106.89        18728.57        94635.48
AnonPages                4106.66          377.57          250.16           15.50         4749.89
PageTables                 82.24           18.61            0.01            0.00          100.86
WritebackTmp                0.00            0.00            0.00            0.00            0.00
MemTotal                63854.68        64492.78       514048.00       514048.00      1156443.45
MemFree                  2161.17        51749.91       487908.47       495300.89      1037120.44
MemUsed                 61693.51        12742.86        26139.53        18747.11       119323.01
Dirty                       0.02            0.00            0.00            0.00            0.02
Writeback                   0.00            0.00            0.00            0.00            0.00
FilePages               46996.02         3804.01        25106.89        18728.57        94635.48
AnonPages                4107.15          377.45          250.16           15.50         4750.26
PageTables                 82.26           18.61            0.01            0.00          100.88
WritebackTmp                0.00            0.00            0.00            0.00            0.00
MemTotal                63854.68        64492.78       514048.00       514048.00      1156443.45
MemFree                  2159.80        51750.98       487908.47       495300.89      1037120.14
MemUsed                 61694.88        12741.80        26139.53        18747.11       119323.31
Dirty                       0.02            0.00            0.00            0.00            0.02
Writeback                   0.00            0.00            0.00            0.00            0.00
FilePages               46996.03         3804.01        25106.89        18728.57        94635.50
AnonPages                4108.16          377.12          250.16           15.50         4750.94
PageTables                 82.29           18.61            0.01            0.00          100.91
WritebackTmp                0.00            0.00            0.00            0.00            0.00
MemTotal                63854.68        64492.78       514048.00       514048.00      1156443.45
MemFree                  2159.41        51751.65       487908.47       495300.89      1037120.42
MemUsed                 61695.27        12741.12        26139.53        18747.11       119323.04
Dirty                       0.02            0.00            0.00            0.00            0.02
Writeback                   0.00            0.00            0.00            0.00            0.00
FilePages               46996.05         3804.01        25106.89        18728.57        94635.52
AnonPages                4109.22          377.12          250.16           15.50         4752.00
PageTables                 82.32           18.61            0.01            0.00          100.93
WritebackTmp                0.00            0.00            0.00            0.00            0.00
MemTotal                63854.68        64492.78       514048.00       514048.00      1156443.45
MemFree                  2158.23        51751.56       487908.48       495300.89      1037119.15
MemUsed                 61696.45        12741.21        26139.52        18747.11       119324.30
Dirty                       0.02            0.00            0.00            0.00            0.03
Writeback                   0.00            0.00            0.00            0.00            0.00
FilePages               46996.07         3804.01        25106.89        18728.57        94635.54
AnonPages                4110.23          377.11          250.15           15.50         4753.00
PageTables                 82.34           18.61            0.01            0.00          100.96
WritebackTmp                0.00            0.00            0.00            0.00            0.00
MemTotal                63854.68        64492.78       514048.00       514048.00      1156443.45
MemFree                  2155.55        51751.40       487908.48       495300.89      1037116.32
MemUsed                 61699.12        12741.38        26139.52        18747.11       119327.14
Dirty                       0.02            0.00            0.00            0.00            0.02
Writeback                   0.00            0.00            0.00            0.00            0.00
FilePages               46996.08         3804.01        25106.89        18728.57        94635.55
AnonPages                4110.69          377.11          250.15           15.50         4753.45
PageTables                 82.37           18.61            0.01            0.00          100.99
WritebackTmp                0.00            0.00            0.00            0.00            0.00
MemTotal                63854.68        64492.78       514048.00       514048.00      1156443.45
MemFree                  2158.50        51750.43       487908.49       495300.89      1037118.30
MemUsed                 61696.18        12742.35        26139.51        18747.11       119325.15
Dirty                       0.02            0.00            0.00            0.00            0.02
Writeback                   0.00            0.00            0.00            0.00            0.00
FilePages               46996.10         3804.01        25106.89        18728.57        94635.57
AnonPages                4111.57          377.22          250.15           15.50         4754.45
PageTables                 82.35           18.66            0.01            0.00          101.02
WritebackTmp                0.00            0.00            0.00            0.00            0.00
MemTotal                63854.68        64492.78       514048.00       514048.00      1156443.45
MemFree                  2157.64        51749.28       487908.49       495300.89      1037116.30
MemUsed                 61697.04        12743.50        26139.51        18747.11       119327.16
Dirty                       0.02            0.00            0.00            0.00            0.02
Writeback                   0.00            0.00            0.00            0.00            0.00
FilePages               46996.11         3804.01        25106.89        18728.57        94635.58
AnonPages                4112.70          377.19          250.15           15.50         4755.55
PageTables                 82.43           18.61            0.01            0.00          101.04
WritebackTmp                0.00            0.00            0.00            0.00            0.00
MemTotal                63854.68        64492.78       514048.00       514048.00      1156443.45
MemFree                  2157.65        51750.43       487908.49       495300.89      1037117.46
MemUsed                 61697.02        12742.34        26139.51        18747.11       119325.99
Dirty                       0.02            0.00            0.00            0.00            0.02
Writeback                   0.00            0.00            0.00            0.00            0.00
FilePages               46996.12         3804.01        25106.89        18728.57        94635.59
AnonPages                4113.35          377.45          250.15           15.50         4756.46
PageTables                 82.47           18.61            0.01            0.00          101.09
WritebackTmp                0.00            0.00            0.00            0.00            0.00
MemTotal                63854.68        64492.78       514048.00       514048.00      1156443.45
MemFree                  2155.95        51750.81       487908.49       495300.89      1037116.13
MemUsed                 61698.73        12741.97        26139.51        18747.11       119327.32
Dirty                       0.02            0.00            0.00            0.00            0.02
Writeback                   0.00            0.00            0.00            0.00            0.00
FilePages               46996.14         3804.01        25106.89        18728.57        94635.61
AnonPages                4113.10          377.42          250.15           15.50         4756.17
PageTables                 82.50           18.61            0.01            0.00          101.11
WritebackTmp                0.00            0.00            0.00            0.00            0.00
MemTotal                63854.68        64492.78       514048.00       514048.00      1156443.45
MemFree                  2154.17        51749.49       487908.52       495300.89      1037113.07
MemUsed                 61700.50        12743.29        26139.48        18747.11       119330.38
Dirty                       0.02            0.01            0.00            0.00            0.03
Writeback                   0.00            0.00            0.00            0.00            0.00
FilePages               46996.16         3804.01        25106.89        18728.57        94635.62
AnonPages                4115.37          376.93          250.15           15.50         4757.95
PageTables                 82.52           18.60            0.01            0.00          101.12
WritebackTmp                0.00            0.00            0.00            0.00            0.00
MemTotal                63854.68        64492.78       514048.00       514048.00      1156443.45
MemFree                  2157.99        51748.75       487908.52       495300.89      1037116.15
MemUsed                 61696.69        12744.03        26139.48        18747.11       119327.30
Dirty                       0.02            0.00            0.00            0.00            0.02
Writeback                   0.00            0.00            0.00            0.00            0.00
FilePages               46996.16         3804.01        25106.89        18728.57        94635.63
AnonPages                4115.94          377.00          250.14           15.50         4758.59
PageTables                 82.54           18.60            0.01            0.00          101.15
WritebackTmp                0.00            0.00            0.00            0.00            0.00
MemTotal                63854.68        64492.78       514048.00       514048.00      1156443.45
MemFree                  2160.47        51747.64       487908.57       495300.89      1037117.56
MemUsed                 61694.21        12745.14        26139.43        18747.11       119325.89
Dirty                       0.02            0.00            0.00            0.00            0.02
Writeback                   0.00            0.00            0.00            0.00            0.00
FilePages               46996.18         3804.01        25106.89        18728.57        94635.65
AnonPages                4116.98          377.03          250.14           15.50         4759.65
PageTables                 82.57           18.60            0.01            0.00          101.18
WritebackTmp                0.00            0.00            0.00            0.00            0.00
MemTotal                63854.68        64492.78       514048.00       514048.00      1156443.45
MemFree                  2154.20        51747.97       487908.57       495300.89      1037111.62
MemUsed                 61700.48        12744.81        26139.43        18747.11       119331.83
Dirty                       0.02            0.00            0.00            0.00            0.02
Writeback                   0.00            0.00            0.00            0.00            0.00
FilePages               46996.20         3804.01        25106.89        18728.57        94635.67
AnonPages                4117.23          377.06          250.14           15.50         4759.94
PageTables                 82.59           18.60            0.01            0.00          101.20
WritebackTmp                0.00            0.00            0.00            0.00            0.00
MemTotal                63854.68        64492.78       514048.00       514048.00      1156443.45
MemFree                  2154.80        51749.09       487908.57       495300.89      1037113.35
MemUsed                 61699.88        12743.69        26139.43        18747.11       119330.10
Dirty                       0.03            0.01            0.00            0.00            0.04
Writeback                   0.00            0.00            0.00            0.00            0.00
FilePages               46996.21         3804.01        25106.89        18728.57        94635.68
AnonPages                4117.31          377.63          250.14           15.50         4760.59
PageTables                 82.62           18.60            0.01            0.00          101.23
WritebackTmp                0.00            0.00            0.00            0.00            0.00
MemTotal                63854.68        64492.78       514048.00       514048.00      1156443.45
MemFree                  2152.94        51750.90       487908.57       495300.89      1037113.30
MemUsed                 61701.74        12741.88        26139.43        18747.11       119330.15
Dirty                       0.02            0.00            0.00            0.00            0.02
Writeback                   0.00            0.00            0.00            0.00            0.00
FilePages               46996.22         3804.01        25106.89        18728.57        94635.69
AnonPages                4118.20          377.66          250.14           15.50         4761.50
PageTables                 82.65           18.60            0.01            0.00          101.26
WritebackTmp                0.00            0.00            0.00            0.00            0.00
MemTotal                63854.68        64492.78       514048.00       514048.00      1156443.45
MemFree                  2120.99        51777.50       487908.57       495300.67      1037107.73
MemUsed                 61733.69        12715.28        26139.43        18747.33       119335.72
Dirty                       0.04            0.05            0.16            0.00            0.26
Writeback                   0.00            0.00            0.00            0.00            0.00
FilePages               46996.24         3804.01        25106.89        18728.57        94635.71
AnonPages                4150.51          346.12          250.14           15.50         4762.29
PageTables                 82.68           18.60            0.01            0.00          101.29
WritebackTmp                0.00            0.00            0.00            0.00            0.00
MemTotal                63854.68        64492.78       514048.00       514048.00      1156443.45
MemFree                  2116.61        51781.21       487908.57       495300.86      1037107.25
MemUsed                 61738.07        12711.57        26139.43        18747.14       119336.20
Dirty                       0.04            0.00            0.00            0.00            0.04
Writeback                   0.00            0.00            0.00            0.00            0.00
FilePages               46996.26         3804.01        25106.89        18728.57        94635.73
AnonPages                4151.60          345.90          250.14           15.50         4763.15
PageTables                 82.71           18.60            0.01            0.00          101.32
WritebackTmp                0.00            0.00            0.00            0.00            0.00
MemTotal                63854.68        64492.78       514048.00       514048.00      1156443.45
MemFree                  2120.14        51780.61       487909.09       495300.86      1037110.68
MemUsed                 61734.54        12712.17        26138.91        18747.14       119332.77
Dirty                       0.02            0.00            0.00            0.00            0.03
Writeback                   0.00            0.00            0.00            0.00            0.00
FilePages               46996.27         3804.01        25106.89        18728.57        94635.74
AnonPages                4151.19          345.50          250.14           15.50         4762.33
PageTables                 82.70           18.60            0.01            0.00          101.31
WritebackTmp                0.00            0.00            0.00            0.00            0.00
MemTotal                63854.68        64492.78       514048.00       514048.00      1156443.45
MemFree                  2113.82        51780.62       487909.38       495300.86      1037104.68
MemUsed                 61740.85        12712.16        26138.62        18747.14       119338.78
Dirty                       0.02            0.00            0.00            0.00            0.02
Writeback                   0.00            0.00            0.00            0.00            0.00
FilePages               46996.29         3804.01        25106.89        18728.57        94635.76
AnonPages                4152.01          345.58          250.14           15.50         4763.23
PageTables                 82.68           18.65            0.01            0.00          101.34
WritebackTmp                0.00            0.00            0.00            0.00            0.00
MemTotal                63854.68        64492.78       514048.00       514048.00      1156443.45
MemFree                  2117.79        51780.79       487909.38       495300.86      1037108.81
MemUsed                 61736.89        12711.99        26138.62        18747.14       119334.64
Dirty                       0.02            0.00            0.00            0.00            0.02
Writeback                   0.00            0.00            0.00            0.00            0.00
FilePages               46996.30         3804.01        25106.89        18728.57        94635.77
AnonPages                4152.52          345.36          250.13           15.50         4763.51
PageTables                 82.71           18.65            0.01            0.00          101.37
WritebackTmp                0.00            0.00            0.00            0.00            0.00
MemTotal                63854.68        64492.78       514048.00       514048.00      1156443.45
MemFree                  2110.86        51779.85       487909.40       495300.86      1037100.96
MemUsed                 61743.82        12712.93        26138.60        18747.14       119342.49
Dirty                       0.02            0.00            0.00            0.00            0.02
Writeback                   0.00            0.00            0.00            0.00            0.00
FilePages               46996.32         3804.01        25106.89        18728.57        94635.79
AnonPages                4153.50          345.27          250.13           15.50         4764.41
PageTables                 82.79           18.60            0.01            0.00          101.40
WritebackTmp                0.00            0.00            0.00            0.00            0.00
MemTotal                63854.68        64492.78       514048.00       514048.00      1156443.45
MemFree                  2112.86        51781.36       487909.40       495300.86      1037104.46
MemUsed                 61741.82        12711.42        26138.60        18747.14       119338.99
Dirty                       0.02            0.00            0.00            0.00            0.02
Writeback                   0.00            0.00            0.00            0.00            0.00
FilePages               46996.33         3804.01        25106.89        18728.57        94635.80
AnonPages                4154.44          345.27          250.13           15.50         4765.35
PageTables                 82.82           18.60            0.01            0.00          101.43
WritebackTmp                0.00            0.00            0.00            0.00            0.00
MemTotal                63854.68        64492.78       514048.00       514048.00      1156443.45
MemFree                  2108.73        51781.67       487909.40       495300.86      1037100.66
MemUsed                 61745.94        12711.11        26138.60        18747.14       119342.80
Dirty                       0.02            0.00            0.00            0.00            0.02
Writeback                   0.00            0.00            0.00            0.00            0.00
FilePages               46996.34         3804.01        25106.89        18728.57        94635.82
AnonPages                4154.98          345.27          250.13           15.50         4765.88
PageTables                 82.84           18.60            0.01            0.00          101.45
WritebackTmp                0.00            0.00            0.00            0.00            0.00
MemTotal                63854.68        64492.78       514048.00       514048.00      1156443.45
MemFree                  2110.66        51781.83       487909.40       495300.86      1037102.75
MemUsed                 61744.01        12710.95        26138.60        18747.14       119340.71
Dirty                       0.02            0.01            0.00            0.00            0.03
Writeback                   0.00            0.00            0.00            0.00            0.00
FilePages               46996.36         3804.01        25106.89        18728.57        94635.83
AnonPages                4155.34          345.27          250.13           15.50         4766.25
PageTables                 82.87           18.60            0.01            0.00          101.48
WritebackTmp                0.00            0.00            0.00            0.00            0.00
MemTotal                63854.68        64492.78       514048.00       514048.00      1156443.45
MemFree                  2105.45        51781.33       487909.40       495300.86      1037097.03
MemUsed                 61749.23        12711.45        26138.60        18747.14       119346.43
Dirty                       0.02            0.00            0.00            0.00            0.02
Writeback                   0.00            0.00            0.00            0.00            0.00
FilePages               46996.38         3804.01        25106.89        18728.57        94635.85
AnonPages                4155.97          345.27          250.13           15.50         4766.88
PageTables                 82.90           18.60            0.01            0.00          101.51
WritebackTmp                0.00            0.00            0.00            0.00            0.00
MemTotal                63854.68        64492.78       514048.00       514048.00      1156443.45
MemFree                  2109.62        51780.21       487909.46       495300.86      1037100.15
MemUsed                 61745.06        12712.56        26138.54        18747.14       119343.30
Dirty                       0.02            0.00            0.00            0.00            0.02
Writeback                   0.00            0.00            0.00            0.00            0.00
FilePages               46996.39         3804.01        25106.89        18728.57        94635.86
AnonPages                4157.05          345.01          250.13           15.50         4767.70
PageTables                 82.88           18.65            0.01            0.00          101.54
WritebackTmp                0.00            0.00            0.00            0.00            0.00
MemTotal                63854.68        64492.78       514048.00       514048.00      1156443.45
MemFree                  2110.45        51782.00       487909.48       495300.86      1037102.79
MemUsed                 61744.22        12710.78        26138.52        18747.14       119340.67
Dirty                       0.02            0.00            0.00            0.00            0.02
Writeback                   0.00            0.00            0.00            0.00            0.00
FilePages               46996.40         3804.01        25106.89        18728.57        94635.88
AnonPages                4157.32          344.93          250.12           15.50         4767.89
PageTables                 82.96           18.59            0.01            0.00          101.57
WritebackTmp                0.00            0.00            0.00            0.00            0.00
MemTotal                63854.68        64492.78       514048.00       514048.00      1156443.45
MemFree                  2107.36        51782.48       487909.49       495300.86      1037100.18
MemUsed                 61747.32        12710.30        26138.51        18747.14       119343.28
Dirty                       0.02            0.00            0.00            0.00            0.03
Writeback                   0.00            0.00            0.00            0.00            0.00
FilePages               46996.42         3804.01        25106.89        18728.57        94635.89
AnonPages                4157.68          344.99          250.12           15.50         4768.30
PageTables                 82.99           18.59            0.01            0.00          101.59
WritebackTmp                0.00            0.00            0.00            0.00            0.00
MemTotal                63854.68        64492.78       514048.00       514048.00      1156443.45
MemFree                  2102.78        51787.98       487909.49       495300.86      1037101.10
MemUsed                 61751.90        12704.80        26138.51        18747.14       119342.35
Dirty                       0.02            0.00            0.00            0.00            0.02
Writeback                   0.00            0.00            0.00            0.00            0.00
FilePages               46996.43         3804.01        25106.89        18728.57        94635.91
AnonPages                4165.36          338.34          250.12           15.50         4769.32
PageTables                 83.02           18.59            0.01            0.00          101.62
WritebackTmp                0.00            0.00            0.00            0.00            0.00
MemTotal                63854.68        64492.78       514048.00       514048.00      1156443.45
MemFree                  2097.86        51787.78       487909.50       495300.86      1037096.00
MemUsed                 61756.82        12705.00        26138.50        18747.14       119347.46
Dirty                       0.02            0.00            0.00            0.00            0.02
Writeback                   0.00            0.00            0.00            0.00            0.00
FilePages               46996.45         3804.01        25106.89        18728.57        94635.92
AnonPages                4166.44          338.41          250.12           15.50         4770.48
PageTables                 83.04           18.59            0.01            0.00          101.65
WritebackTmp                0.00            0.00            0.00            0.00            0.00
MemTotal                63854.68        64492.78       514048.00       514048.00      1156443.45
MemFree                  2098.66        51788.20       487909.52       495300.86      1037097.24
MemUsed                 61756.01        12704.58        26138.48        18747.14       119346.21
Dirty                       0.02            0.00            0.00            0.00            0.02
Writeback                   0.00            0.00            0.00            0.00            0.00
FilePages               46996.47         3804.01        25106.89        18728.57        94635.94
AnonPages                4166.99          338.50          250.12           15.50         4771.12
PageTables                 83.07           18.59            0.01            0.00          101.68
WritebackTmp                0.00            0.00            0.00            0.00            0.00
MemTotal                63854.68        64492.78       514048.00       514048.00      1156443.45
MemFree                  2097.42        51787.25       487909.52       495300.86      1037095.04
MemUsed                 61757.25        12705.53        26138.48        18747.14       119348.41
Dirty                       0.02            0.00            0.00            0.00            0.03
Writeback                   0.00            0.00            0.00            0.00            0.00
FilePages               46996.48         3804.01        25106.89        18728.57        94635.96
AnonPages                4167.41          338.24          250.12           15.50         4771.27
PageTables                 83.10           18.59            0.01            0.00          101.70
WritebackTmp                0.00            0.00            0.00            0.00            0.00
MemTotal                63854.68        64492.78       514048.00       514048.00      1156443.45
MemFree                  2096.06        51787.93       487909.52       495300.86      1037094.36
MemUsed                 61758.62        12704.85        26138.48        18747.14       119349.09
Dirty                       0.02            0.00            0.00            0.00            0.02
Writeback                   0.00            0.00            0.00            0.00            0.00
FilePages               46996.50         3804.01        25106.89        18728.57        94635.97
AnonPages                4168.06          338.23          250.12           15.50         4771.92
PageTables                 83.12           18.59            0.01            0.00          101.73
WritebackTmp                0.00            0.00            0.00            0.00            0.00
MemTotal                63854.68        64492.78       514048.00       514048.00      1156443.45
MemFree                  2098.39        51787.51       487909.52       495300.86      1037096.28
MemUsed                 61756.29        12705.27        26138.48        18747.14       119347.18
Dirty                       0.02            0.00            0.00            0.00            0.02
Writeback                   0.00            0.00            0.00            0.00            0.00
FilePages               46996.51         3804.01        25106.89        18728.57        94635.98
AnonPages                4168.64          338.23          250.12           15.50         4772.50
PageTables                 83.15           18.59            0.01            0.00          101.76
WritebackTmp                0.00            0.00            0.00            0.00            0.00
MemTotal                63854.68        64492.78       514048.00       514048.00      1156443.45
MemFree                  2095.36        51786.62       487909.52       495300.86      1037092.36
MemUsed                 61759.31        12706.16        26138.48        18747.14       119351.09
Dirty                       0.02            0.00            0.00            0.00            0.02
Writeback                   0.00            0.00            0.00            0.00            0.00
FilePages               46996.52         3804.01        25106.89        18728.57        94636.00
AnonPages                4169.09          338.23          250.12           15.50         4772.95
PageTables                 83.19           18.59            0.01            0.00          101.80
WritebackTmp                0.00            0.00            0.00            0.00            0.00
MemTotal                63854.68        64492.78       514048.00       514048.00      1156443.45
MemFree                  2095.42        51785.57       487909.54       495300.86      1037091.38
MemUsed                 61759.26        12707.21        26138.46        18747.14       119352.07
Dirty                       0.02            0.00            0.00            0.00            0.02
Writeback                   0.00            0.00            0.00            0.00            0.00
FilePages               46996.54         3804.01        25106.89        18728.57        94636.02
AnonPages                4169.78          338.27          250.12           15.50         4773.68
PageTables                 83.21           18.59            0.01            0.00          101.82
WritebackTmp                0.00            0.00            0.00            0.00            0.00
MemTotal                63854.68        64492.78       514048.00       514048.00      1156443.45
MemFree                  2095.27        51785.20       487909.55       495300.86      1037090.89
MemUsed                 61759.40        12707.57        26138.45        18747.14       119352.57
Dirty                       0.02            0.00            0.00            0.00            0.02
Writeback                   0.00            0.00            0.00            0.00            0.00
FilePages               46996.56         3804.01        25106.89        18728.57        94636.03
AnonPages                4169.45          338.26          250.12           15.50         4773.34
PageTables                 83.24           18.59            0.01            0.00          101.85
WritebackTmp                0.00            0.00            0.00            0.00            0.00
MemTotal                63854.68        64492.78       514048.00       514048.00      1156443.45
MemFree                  2091.81        51785.04       487909.55       495300.86      1037087.25
MemUsed                 61762.87        12707.74        26138.45        18747.14       119356.20
Dirty                       0.02            0.01            0.00            0.00            0.03
Writeback                   0.00            0.00            0.00            0.00            0.00
FilePages               46996.57         3804.01        25106.89        18728.57        94636.05
AnonPages                4169.77          338.41          250.12           15.50         4773.80
PageTables                 83.21           18.64            0.01            0.00          101.87
WritebackTmp                0.00            0.00            0.00            0.00            0.00
MemTotal                63854.68        64492.78       514048.00       514048.00      1156443.45
MemFree                  2090.59        51784.44       487909.55       495300.86      1037085.44
MemUsed                 61764.09        12708.34        26138.45        18747.14       119358.02
Dirty                       0.03            0.00            0.00            0.00            0.03
Writeback                   0.00            0.00            0.00            0.00            0.00
FilePages               46996.59         3804.01        25106.89        18728.57        94636.06
AnonPages                4170.22          338.44          250.12           15.50         4774.29
PageTables                 83.29           18.59            0.01            0.00          101.90
WritebackTmp                0.00            0.00            0.00            0.00            0.00
MemTotal                63854.68        64492.78       514048.00       514048.00      1156443.45
MemFree                  2097.71        51783.02       487909.57       495300.86      1037091.16
MemUsed                 61756.96        12709.76        26138.43        18747.14       119352.29
Dirty                       0.02            0.00            0.00            0.00            0.02
Writeback                   0.00            0.00            0.00            0.00            0.00
FilePages               46996.60         3804.02        25106.89        18728.57        94636.07
AnonPages                4163.38          338.52          250.12           15.50         4767.54
PageTables                 83.32           18.59            0.01            0.00          101.93
WritebackTmp                0.00            0.00            0.00            0.00            0.00
MemTotal                63854.68        64492.78       514048.00       514048.00      1156443.45
MemFree                  2098.48        51782.77       487909.57       495300.86      1037091.68
MemUsed                 61756.19        12710.00        26138.43        18747.14       119351.77
Dirty                       0.02            0.00            0.00            0.00            0.02
Writeback                   0.00            0.00            0.00            0.00            0.00
FilePages               46996.61         3804.02        25106.89        18728.57        94636.09
AnonPages                4163.64          338.55          250.12           15.50         4767.82
PageTables                 83.34           18.59            0.01            0.00          101.95
WritebackTmp                0.00            0.00            0.00            0.00            0.00
MemTotal                63854.68        64492.78       514048.00       514048.00      1156443.45
MemFree                  2098.34        51784.35       487909.57       495300.86      1037093.12
MemUsed                 61756.33        12708.43        26138.43        18747.14       119350.34
Dirty                       0.02            0.01            0.00            0.00            0.04
Writeback                   0.00            0.00            0.00            0.00            0.00
FilePages               46996.63         3804.02        25106.89        18728.57        94636.11
AnonPages                4164.91          338.55          250.12           15.50         4769.10
PageTables                 83.38           18.59            0.01            0.00          101.98
WritebackTmp                0.00            0.00            0.00            0.00            0.00
MemTotal                63854.68        64492.78       514048.00       514048.00      1156443.45
MemFree                  2096.18        51785.89       487909.59       495300.86      1037092.50
MemUsed                 61758.50        12706.89        26138.41        18747.14       119350.95
Dirty                       0.02            0.00            0.00            0.00            0.02
Writeback                   0.00            0.00            0.00            0.00            0.00
FilePages               46996.64         3804.02        25106.89        18728.57        94636.11
AnonPages                4165.87          338.55          250.12           15.50         4770.05
PageTables                 83.40           18.59            0.01            0.00          102.01
WritebackTmp                0.00            0.00            0.00            0.00            0.00
MemTotal                63854.68        64492.78       514048.00       514048.00      1156443.45
MemFree                  2093.58        51786.19       487909.59       495300.86      1037090.22
MemUsed                 61761.09        12706.59        26138.41        18747.14       119353.23
Dirty                       0.02            0.00            0.00            0.00            0.03
Writeback                   0.00            0.00            0.00            0.00            0.00
FilePages               46996.65         3804.02        25106.89        18728.57        94636.13
AnonPages                4166.55          338.55          250.12           15.50         4770.74
PageTables                 83.43           18.59            0.01            0.00          102.04
WritebackTmp                0.00            0.00            0.00            0.00            0.00
MemTotal                63854.68        64492.78       514048.00       514048.00      1156443.45
MemFree                  2094.50        51787.32       487909.59       495300.86      1037092.27
MemUsed                 61760.17        12705.45        26138.41        18747.14       119351.18
Dirty                       0.02            0.00            0.00            0.00            0.02
Writeback                   0.00            0.00            0.00            0.00            0.00
FilePages               46996.67         3804.02        25106.89        18728.57        94636.15
AnonPages                4167.18          338.55          250.12           15.50         4771.36
PageTables                 83.46           18.59            0.01            0.00          102.07
WritebackTmp                0.00            0.00            0.00            0.00            0.00
MemTotal                63854.68        64492.78       514048.00       514048.00      1156443.45
MemFree                  2094.92        51786.48       487909.61       495300.86      1037091.86
MemUsed                 61759.76        12706.30        26138.39        18747.14       119351.59
Dirty                       0.03            0.00            0.00            0.00            0.03
Writeback                   0.00            0.00            0.00            0.00            0.00
FilePages               46996.69         3804.02        25106.89        18728.57        94636.16
AnonPages                4167.81          338.55          250.12           15.50         4772.00
PageTables                 83.48           18.59            0.01            0.00          102.09
WritebackTmp                0.00            0.00            0.00            0.00            0.00
MemTotal                63854.68        64492.78       514048.00       514048.00      1156443.45
MemFree                  2095.09        51786.99       487909.61       495300.86      1037092.55
MemUsed                 61759.58        12705.79        26138.39        18747.14       119350.91
Dirty                       0.02            0.00            0.00            0.00            0.02
Writeback                   0.00            0.00            0.00            0.00            0.00
FilePages               46996.70         3804.02        25106.89        18728.57        94636.18
AnonPages                4167.46          338.36          250.12           15.50         4771.45
PageTables                 83.51           18.59            0.01            0.00          102.11
WritebackTmp                0.00            0.00            0.00            0.00            0.00
MemTotal                63854.68        64492.78       514048.00       514048.00      1156443.45
MemFree                  2095.03        51786.42       487909.61       495300.86      1037091.91
MemUsed                 61759.64        12706.36        26138.39        18747.14       119351.54
Dirty                       0.05            0.00            0.00            0.00            0.05
Writeback                   0.00            0.00            0.00            0.00            0.00
FilePages               46996.71         3804.02        25106.89        18728.57        94636.19
AnonPages                4167.55          338.46          250.12           15.50         4771.64
PageTables                 83.49           18.65            0.01            0.00          102.15
WritebackTmp                0.00            0.00            0.00            0.00            0.00
MemTotal                63854.68        64492.78       514048.00       514048.00      1156443.45
MemFree                  2092.05        51785.88       487909.61       495300.86      1037088.39
MemUsed                 61762.63        12706.89        26138.39        18747.14       119355.06
Dirty                       0.02            0.00            0.00            0.00            0.02
Writeback                   0.00            0.00            0.00            0.00            0.00
FilePages               46996.73         3804.02        25106.89        18728.57        94636.20
AnonPages                4168.06          338.40          250.12           15.50         4772.09
PageTables                 83.57           18.59            0.01            0.00          102.17
WritebackTmp                0.00            0.00            0.00            0.00            0.00
MemTotal                63854.68        64492.78       514048.00       514048.00      1156443.45
MemFree                  2094.22        51785.78       487909.62       495300.86      1037090.47
MemUsed                 61760.46        12707.00        26138.38        18747.14       119352.98
Dirty                       0.03            0.00            0.00            0.00            0.03
Writeback                   0.00            0.00            0.00            0.00            0.00
FilePages               46996.75         3804.02        25106.89        18728.57        94636.22
AnonPages                4168.89          338.42          250.12           15.50         4772.95
PageTables                 83.59           18.59            0.01            0.00          102.20
WritebackTmp                0.00            0.00            0.00            0.00            0.00
MemTotal                63854.68        64492.78       514048.00       514048.00      1156443.45
MemFree                  2093.46        51786.88       487909.62       495300.86      1037090.81
MemUsed                 61761.22        12705.90        26138.38        18747.14       119352.64
Dirty                       0.02            0.00            0.00            0.00            0.02
Writeback                   0.00            0.00            0.00            0.00            0.00
FilePages               46996.76         3804.02        25106.89        18728.57        94636.24
AnonPages                4169.57          338.23          250.12           15.50         4773.44
PageTables                 83.62           18.59            0.01            0.00          102.23
WritebackTmp                0.00            0.00            0.00            0.00            0.00
MemTotal                63854.68        64492.78       514048.00       514048.00      1156443.45
MemFree                  2094.58        51787.78       487909.62       495300.86      1037092.84
MemUsed                 61760.09        12705.00        26138.38        18747.14       119350.61
Dirty                       0.03            0.01            0.00            0.00            0.04
Writeback                   0.00            0.00            0.00            0.00            0.00
FilePages               46996.78         3804.02        25106.89        18728.57        94636.25
AnonPages                4171.52          338.27          250.12           15.50         4775.41
PageTables                 83.65           18.59            0.01            0.00          102.25
WritebackTmp                0.00            0.00            0.00            0.00            0.00
MemTotal                63854.68        64492.78       514048.00       514048.00      1156443.45
MemFree                  2094.57        51790.62       487909.62       495300.86      1037095.66
MemUsed                 61760.11        12702.16        26138.38        18747.14       119347.79
Dirty                       0.01            0.00            0.00            0.00            0.01
Writeback                   0.00            0.00            0.00            0.00            0.00
FilePages               46996.79         3804.02        25106.89        18728.57        94636.26
AnonPages                4170.99          338.29          250.12           15.50         4774.91
PageTables                 83.68           18.59            0.01            0.00          102.29
WritebackTmp                0.00            0.00            0.00            0.00            0.00
MemTotal                63854.68        64492.78       514048.00       514048.00      1156443.45
MemFree                  2092.71        51789.57       487909.65       495300.86      1037092.78
MemUsed                 61761.96        12703.21        26138.35        18747.14       119350.67
Dirty                       0.02            0.00            0.00            0.00            0.02
Writeback                   0.00            0.00            0.00            0.00            0.00
FilePages               46996.80         3804.02        25106.89        18728.57        94636.28
AnonPages                4171.94          338.44          250.12           15.50         4776.00
PageTables                 83.70           18.59            0.01            0.00          102.31
WritebackTmp                0.00            0.00            0.00            0.00            0.00
MemTotal                63854.68        64492.78       514048.00       514048.00      1156443.45
MemFree                  2092.79        51789.29       487909.65       495300.86      1037092.59
MemUsed                 61761.88        12703.49        26138.35        18747.14       119350.86
Dirty                       0.01            0.00            0.00            0.00            0.01
Writeback                   0.00            0.00            0.00            0.00            0.00
FilePages               46996.82         3804.02        25106.89        18728.57        94636.30
AnonPages                4172.30          338.52          250.12           15.50         4776.44
PageTables                 83.73           18.59            0.01            0.00          102.34
WritebackTmp                0.00            0.00            0.00            0.00            0.00
MemTotal                63854.68        64492.78       514048.00       514048.00      1156443.45
MemFree                  2094.13        51788.67       487909.65       495300.86      1037093.31
MemUsed                 61760.55        12704.11        26138.35        18747.14       119350.14
Dirty                       0.04            0.00            0.00            0.00            0.04
Writeback                   0.00            0.00            0.00            0.00            0.00
FilePages               46996.84         3804.02        25106.89        18728.57        94636.32
AnonPages                4172.79          338.31          250.12           15.50         4776.73
PageTables                 83.75           18.59            0.01            0.00          102.36
WritebackTmp                0.00            0.00            0.00            0.00            0.00
MemTotal                63854.68        64492.78       514048.00       514048.00      1156443.45
MemFree                  2092.90        51789.86       487909.65       495300.86      1037093.27
MemUsed                 61761.77        12702.92        26138.35        18747.14       119350.18
Dirty                       0.02            0.00            0.00            0.00            0.02
Writeback                   0.00            0.00            0.00            0.00            0.00
FilePages               46996.86         3804.02        25106.89        18728.57        94636.33
AnonPages                4173.44          338.39          250.12           15.50         4777.45
PageTables                 83.78           18.59            0.01            0.00          102.39
WritebackTmp                0.00            0.00            0.00            0.00            0.00
MemTotal                63854.68        64492.78       514048.00       514048.00      1156443.45
MemFree                  2095.42        51788.68       487909.67       495300.86      1037094.63
MemUsed                 61759.25        12704.09        26138.33        18747.14       119348.82
Dirty                       0.03            0.00            0.00            0.00            0.03
Writeback                   0.00            0.00            0.00            0.00            0.00
FilePages               46996.87         3804.02        25106.89        18728.57        94636.35
AnonPages                4173.50          338.14          250.12           15.50         4777.27
PageTables                 83.81           18.59            0.01            0.00          102.42
WritebackTmp                0.00            0.00            0.00            0.00            0.00
MemTotal                63854.68        64492.78       514048.00       514048.00      1156443.45
MemFree                  2091.79        51787.84       487909.68       495300.86      1037090.18
MemUsed                 61762.88        12704.94        26138.32        18747.14       119353.28
Dirty                       0.02            0.00            0.00            0.00            0.02
Writeback                   0.00            0.00            0.00            0.00            0.00
FilePages               46996.89         3804.02        25106.89        18728.57        94636.37
AnonPages                4174.29          338.23          250.12           15.50         4778.14
PageTables                 83.84           18.59            0.01            0.00          102.44
WritebackTmp                0.00            0.00            0.00            0.00            0.00
MemTotal                63854.68        64492.78       514048.00       514048.00      1156443.45
MemFree                  2090.87        51785.73       487909.68       495300.86      1037087.14
MemUsed                 61763.81        12707.05        26138.32        18747.14       119356.32
Dirty                       0.03            0.00            0.00            0.00            0.03
Writeback                   0.00            0.00            0.00            0.00            0.00
FilePages               46996.91         3804.02        25106.89        18728.57        94636.38
AnonPages                4174.55          338.33          250.12           15.50         4778.50
PageTables                 83.87           18.59            0.01            0.00          102.47
WritebackTmp                0.00            0.00            0.00            0.00            0.00
MemTotal                63854.68        64492.78       514048.00       514048.00      1156443.45
MemFree                  2093.12        51787.18       487909.68       495300.86      1037090.84
MemUsed                 61761.56        12705.60        26138.32        18747.14       119352.61
Dirty                       0.02            0.00            0.00            0.00            0.02
Writeback                   0.00            0.00            0.00            0.00            0.00
FilePages               46996.92         3804.02        25106.89        18728.57        94636.40
AnonPages                4175.45          338.35          250.12           15.50         4779.42
PageTables                 83.89           18.59            0.01            0.00          102.50
WritebackTmp                0.00            0.00            0.00            0.00            0.00
MemTotal                63854.68        64492.78       514048.00       514048.00      1156443.45
MemFree                  2088.70        51788.36       487909.68       495300.86      1037087.60
MemUsed                 61765.97        12704.42        26138.32        18747.14       119355.85
Dirty                       0.02            0.00            0.00            0.00            0.02
Writeback                   0.00            0.00            0.00            0.00            0.00
FilePages               46996.93         3804.02        25106.89        18728.57        94636.41
AnonPages                4176.10          338.99          250.12           15.50         4780.71
PageTables                 83.92           18.59            0.01            0.00          102.53
WritebackTmp                0.00            0.00            0.00            0.00            0.00
MemTotal                63854.68        64492.78       514048.00       514048.00      1156443.45
MemFree                  2090.84        51789.42       487909.68       495300.86      1037090.80
MemUsed                 61763.84        12703.36        26138.32        18747.14       119352.65
Dirty                       0.02            0.00            0.00            0.00            0.02
Writeback                   0.00            0.00            0.00            0.00            0.00
FilePages               46996.94         3804.03        25106.89        18728.57        94636.43
AnonPages                4176.55          339.00          250.12           15.50         4781.16
PageTables                 83.95           18.59            0.01            0.00          102.56
WritebackTmp                0.00            0.00            0.00            0.00            0.00
MemTotal                63854.68        64492.78       514048.00       514048.00      1156443.45
MemFree                  2086.46        51787.48       487909.70       495300.86      1037084.50
MemUsed                 61768.22        12705.29        26138.30        18747.14       119358.95
Dirty                       0.03            0.00            0.00            0.00            0.03
Writeback                   0.00            0.00            0.00            0.00            0.00
FilePages               46996.94         3804.04        25106.89        18728.57        94636.44
AnonPages                4176.89          339.08          250.12           15.50         4781.59
PageTables                 83.98           18.59            0.01            0.00          102.59
WritebackTmp                0.00            0.00            0.00            0.00            0.00
MemTotal                63854.68        64492.78       514048.00       514048.00      1156443.45
MemFree                  2088.16        51788.96       487909.70       495300.86      1037087.69
MemUsed                 61766.51        12703.81        26138.30        18747.14       119355.76
Dirty                       0.02            0.00            0.00            0.00            0.02
Writeback                   0.00            0.00            0.00            0.00            0.00
FilePages               46996.95         3804.05        25106.89        18728.57        94636.46
AnonPages                4177.61          339.19          250.12           15.50         4782.41
PageTables                 84.00           18.59            0.01            0.00          102.61
WritebackTmp                0.00            0.00            0.00            0.00            0.00
MemTotal                63854.68        64492.78       514048.00       514048.00      1156443.45
MemFree                  2087.87        51785.18       487909.73       495300.86      1037083.65
MemUsed                 61766.80        12707.59        26138.27        18747.14       119359.80
Dirty                       0.03            0.00            0.00            0.00            0.03
Writeback                   0.00            0.00            0.00            0.00            0.00
FilePages               46996.96         3804.05        25106.89        18728.57        94636.47
AnonPages                4178.13          339.27          250.12           15.50         4783.02
PageTables                 84.02           18.59            0.01            0.00          102.63
WritebackTmp                0.00            0.00            0.00            0.00            0.00
MemTotal                63854.68        64492.78       514048.00       514048.00      1156443.45
MemFree                  2084.97        51786.54       487909.73       495300.86      1037082.10
MemUsed                 61769.71        12706.24        26138.27        18747.14       119361.35
Dirty                       0.02            0.00            0.00            0.00            0.02
Writeback                   0.00            0.00            0.00            0.00            0.00
FilePages               46996.96         3804.06        25106.89        18728.57        94636.49
AnonPages                4178.31          338.87          250.12           15.50         4782.80
PageTables                 84.05           18.59            0.01            0.00          102.66
WritebackTmp                0.00            0.00            0.00            0.00            0.00
MemTotal                63854.68        64492.78       514048.00       514048.00      1156443.45
MemFree                  2084.65        51784.99       487909.73       495300.86      1037080.23
MemUsed                 61770.03        12707.79        26138.27        18747.14       119363.22
Dirty                       0.02            0.00            0.00            0.00            0.02
Writeback                   0.00            0.00            0.00            0.00            0.00
FilePages               46996.97         3804.07        25106.89        18728.57        94636.50
AnonPages                4178.64          338.91          250.12           15.50         4783.17
PageTables                 84.02           18.65            0.01            0.00          102.69
WritebackTmp                0.00            0.00            0.00            0.00            0.00
MemTotal                63854.68        64492.78       514048.00       514048.00      1156443.45
MemFree                  2085.55        51786.44       487909.73       495300.86      1037082.59
MemUsed                 61769.12        12706.34        26138.27        18747.14       119360.87
Dirty                       0.02            0.00            0.00            0.00            0.02
Writeback                   0.00            0.00            0.00            0.00            0.00
FilePages               46996.98         3804.08        25106.89        18728.57        94636.52
AnonPages                4179.30          338.85          250.12           15.50         4783.77
PageTables                 84.10           18.59            0.01            0.00          102.71
WritebackTmp                0.00            0.00            0.00            0.00            0.00
MemTotal                63854.68        64492.78       514048.00       514048.00      1156443.45
MemFree                  2084.86        51785.75       487909.73       495300.86      1037081.21
MemUsed                 61769.82        12707.02        26138.27        18747.14       119362.25
Dirty                       0.03            0.00            0.00            0.00            0.04
Writeback                   0.00            0.00            0.00            0.00            0.00
FilePages               46996.99         3804.09        25106.89        18728.57        94636.54
AnonPages                4179.76          338.38          250.12           15.50         4783.75
PageTables                 84.13           18.59            0.01            0.00          102.73
WritebackTmp                0.00            0.00            0.00            0.00            0.00
