MemTotal                63856.97        64493.11       514048.00       514048.00      1156446.08
MemFree                 53876.57        55802.77       514047.97       514047.97      1137775.28
MemUsed                  9980.40         8690.34            0.03            0.03        18670.80
Dirty                       0.09            0.04            0.00            0.00            0.12
Writeback                   0.00            0.00            0.00            0.00            0.00
FilePages                 321.62           52.66            0.00            0.00          374.29
AnonPages                 586.77            5.11            0.00            0.00          591.88
PageTables                 31.43            0.35            0.00            0.00           31.78
WritebackTmp                0.00            0.00            0.00            0.00            0.00
MemTotal                63856.97        64493.11       514048.00       514048.00      1156446.08
MemFree                 48729.04        55797.91       512943.72       514047.97      1131518.64
MemUsed                 15127.93         8695.20         1104.28            0.03        24927.44
Dirty                       0.04            0.01            0.00            0.00            0.04
Writeback                   0.00            0.00            0.00            0.00            0.00
FilePages                 322.33           52.67            0.00            0.00          375.00
AnonPages                5702.02            5.04         1102.23            0.00         6809.28
PageTables                 43.64            0.35            0.00            0.00           44.00
WritebackTmp                0.00            0.00            0.00            0.00            0.00
MemTotal                63856.97        64493.11       514048.00       514048.00      1156446.08
MemFree                 48714.45        55797.91       509578.98       514047.97      1128139.31
MemUsed                 15142.52         8695.20         4469.02            0.03        28306.77
Dirty                       0.12            0.02            0.00            0.00            0.14
Writeback                   0.00            0.00            0.00            0.00            0.00
FilePages                 322.60           52.67            0.00            0.00          375.27
AnonPages                5702.59            5.04         4464.26            0.00        10171.89
PageTables                 50.18            0.35            0.00            0.00           50.53
WritebackTmp                0.00            0.00            0.00            0.00            0.00
MemTotal                63856.97        64493.11       514048.00       514048.00      1156446.08
MemFree                 48699.15        55798.71       506466.05       514047.97      1125011.88
MemUsed                 15157.82         8694.40         7581.95            0.03        31434.20
Dirty                       0.02            0.01            0.00            0.00            0.03
Writeback                   0.00            0.01            0.00            0.00            0.01
FilePages                 322.61           52.67            0.00            0.00          375.28
AnonPages                5704.42            5.07         7578.24            0.00        13287.73
PageTables                 56.36            0.35            0.00            0.00           56.71
WritebackTmp                0.00            0.00            0.00            0.00            0.00
MemTotal                63856.97        64493.11       514048.00       514048.00      1156446.08
MemFree                 48685.49        55798.81       503209.55       514047.97      1121741.82
MemUsed                 15171.48         8694.30        10838.45            0.03        34704.25
Dirty                       0.02            0.00            0.00            0.00            0.02
Writeback                   0.00            0.00            0.00            0.00            0.00
FilePages                 322.62           52.67            0.00            0.00          375.29
AnonPages                5705.17            5.07        10832.25            0.00        16542.49
PageTables                 62.62            0.35            0.00            0.00           62.98
WritebackTmp                0.00            0.00            0.00            0.00            0.00
MemTotal                63856.97        64493.11       514048.00       514048.00      1156446.08
MemFree                 48672.93        55798.83       500151.49       514047.97      1118671.21
MemUsed                 15184.04         8694.28        13896.51            0.03        37774.87
Dirty                       0.09            0.01            0.00            0.00            0.11
Writeback                   0.00            0.00            0.00            0.00            0.00
FilePages                 322.63           52.68            0.00            0.00          375.30
AnonPages                5704.83            5.07        13894.23            0.00        19604.12
PageTables                 68.66            0.35            0.00            0.00           69.02
WritebackTmp                0.00            0.00            0.00            0.00            0.00
MemTotal                63856.97        64493.11       514048.00       514048.00      1156446.08
MemFree                 48661.11        55798.86       496783.51       514047.97      1115291.44
MemUsed                 15195.86         8694.25        17264.49            0.03        41154.64
Dirty                       0.00            0.00            0.02            0.00            0.02
Writeback                   0.00            0.00            0.00            0.00            0.00
FilePages                 319.63           52.68            3.01            0.00          375.32
AnonPages                5707.57            5.15        17260.23            0.00        22972.95
PageTables                 75.33            0.40            0.00            0.00           75.73
WritebackTmp                0.00            0.00            0.00            0.00            0.00
MemTotal                63856.97        64493.11       514048.00       514048.00      1156446.08
MemFree                 48649.53        55799.91       493958.01       514047.97      1112455.42
MemUsed                 15207.44         8693.20        20089.99            0.03        43990.66
Dirty                       0.07            0.02            0.00            0.00            0.09
Writeback                   0.00            0.00            0.00            0.00            0.00
FilePages                 319.31           52.68            3.48            0.00          375.46
AnonPages                5708.17            5.07        20083.85            0.00        25797.09
PageTables                 80.79            0.35            0.00            0.00           81.14
WritebackTmp                0.00            0.00            0.00            0.00            0.00
MemTotal                63856.97        64493.11       514048.00       514048.00      1156446.08
MemFree                 48630.24        55822.18       491507.36       514047.75      1110007.54
MemUsed                 15226.73         8670.93        22540.64            0.25        46438.54
Dirty                       0.25            0.02            0.02            0.00            0.28
Writeback                   0.00            0.00            0.00            0.00            0.00
FilePages                 326.31           52.68            3.48            0.00          382.47
AnonPages                5719.20            5.07        22534.85            0.00        28259.12
PageTables                 85.84            0.35            0.00            0.00           86.20
WritebackTmp                0.00            0.00            0.00            0.00            0.00
MemTotal                63856.97        64493.11       514048.00       514048.00      1156446.08
MemFree                 48615.88        55822.36       488561.65       514047.94      1107047.82
MemUsed                 15241.09         8670.75        25486.35            0.06        49398.26
Dirty                       0.03            0.01            0.00            0.00            0.04
Writeback                   0.00            0.00            0.00            0.00            0.00
FilePages                 326.32           53.01            3.48            0.00          382.81
AnonPages                5720.41            5.07        25480.00            0.00        31205.48
PageTables                 91.22            0.35            0.00            0.00           91.57
WritebackTmp                0.00            0.00            0.00            0.00            0.00
MemTotal                63856.97        64493.11       514048.00       514048.00      1156446.08
MemFree                 48606.29        55822.56       486385.16       514047.94      1104861.95
MemUsed                 15250.68         8670.55        27662.84            0.06        51584.13
Dirty                       0.02            0.00            0.00            0.00            0.02
Writeback                   0.00            0.00            0.00            0.00            0.00
FilePages                 326.34           53.01            3.48            0.00          382.82
AnonPages                5719.76            5.07        27654.57            0.00        33379.40
PageTables                 95.82            0.35            0.00            0.00           96.17
WritebackTmp                0.00            0.00            0.00            0.00            0.00
MemTotal                63856.97        64493.11       514048.00       514048.00      1156446.08
MemFree                 48590.99        55822.32       486383.66       514047.94      1104844.90
MemUsed                 15265.98         8670.79        27664.34            0.06        51601.18
Dirty                       0.06            0.01            0.02            0.00            0.08
Writeback                   0.00            0.00            0.00            0.00            0.00
FilePages                 339.84           53.01            3.48            0.00          396.33
AnonPages                5727.40            5.07        27658.57            0.00        33391.04
PageTables                 96.57            0.35            0.00            0.00           96.93
WritebackTmp                0.00            0.00            0.00            0.00            0.00
MemTotal                63856.97        64493.11       514048.00       514048.00      1156446.08
MemFree                 48588.77        55821.95       486379.66       514047.94      1104838.30
MemUsed                 15268.20         8671.16        27668.34            0.06        51607.77
Dirty                       0.00            0.00            0.00            0.00            0.00
Writeback                   0.00            0.00            0.00            0.00            0.00
FilePages                 339.93           53.01            3.48            0.00          396.42
AnonPages                5727.75            5.07        27662.57            0.00        33395.39
PageTables                 96.04            0.35            0.00            0.00           96.39
WritebackTmp                0.00            0.00            0.00            0.00            0.00
MemTotal                63856.97        64493.11       514048.00       514048.00      1156446.08
MemFree                 48595.24        55821.95       486371.41       514047.94      1104836.54
MemUsed                 15261.73         8671.16        27676.59            0.06        51609.54
Dirty                       0.05            0.01            0.02            0.00            0.07
Writeback                   0.00            0.00            0.00            0.00            0.00
FilePages                 339.94           53.01            3.48            0.00          396.43
AnonPages                5721.52            5.07        27668.57            0.00        33395.16
PageTables                 96.01            0.35            0.00            0.00           96.36
WritebackTmp                0.00            0.00            0.00            0.00            0.00
MemTotal                63856.97        64493.11       514048.00       514048.00      1156446.08
MemFree                 48608.39        55821.95       486367.41       514047.94      1104845.68
MemUsed                 15248.58         8671.16        27680.59            0.06        51600.39
Dirty                       0.07            0.00            0.00            0.00            0.07
Writeback                   0.00            0.00            0.00            0.00            0.00
FilePages                 340.05           53.01            3.48            0.00          396.54
AnonPages                5712.70            5.07        27672.57            0.00        33390.34
PageTables                 95.91            0.35            0.00            0.00           96.26
WritebackTmp                0.00            0.00            0.00            0.00            0.00
MemTotal                63856.97        64493.11       514048.00       514048.00      1156446.08
MemFree                 48617.28        55821.82       486359.41       514047.94      1104846.45
MemUsed                 15239.69         8671.29        27688.59            0.06        51599.62
Dirty                       0.08            0.02            0.02            0.00            0.12
Writeback                   0.00            0.00            0.00            0.00            0.00
FilePages                 340.06           53.01            3.48            0.00          396.55
AnonPages                5707.85            5.12        27678.57            0.00        33391.54
PageTables                 95.95            0.38            0.00            0.00           96.33
WritebackTmp                0.00            0.00            0.00            0.00            0.00
MemTotal                63856.97        64493.11       514048.00       514048.00      1156446.08
MemFree                 48620.10        55821.82       486355.41       514047.94      1104845.27
MemUsed                 15236.87         8671.29        27692.59            0.06        51600.81
Dirty                       0.02            0.00            0.00            0.00            0.02
Writeback                   0.00            0.00            0.00            0.00            0.00
FilePages                 340.07           53.01            3.48            0.00          396.56
AnonPages                5704.38            5.07        27682.57            0.00        33392.02
PageTables                 95.91            0.35            0.00            0.00           96.27
WritebackTmp                0.00            0.00            0.00            0.00            0.00
MemTotal                63856.97        64493.11       514048.00       514048.00      1156446.08
MemFree                 48623.66        55821.82       486351.41       514047.94      1104844.83
MemUsed                 15233.31         8671.29        27696.59            0.06        51601.25
Dirty                       0.07            0.02            0.02            0.00            0.11
Writeback                   0.00            0.00            0.00            0.00            0.00
FilePages                 340.08           53.01            3.48            0.00          396.57
AnonPages                5697.76            5.07        27688.57            0.00        33391.40
PageTables                 95.71            0.35            0.00            0.00           96.06
WritebackTmp                0.00            0.00            0.00            0.00            0.00
MemTotal                63856.97        64493.11       514048.00       514048.00      1156446.08
MemFree                 48618.72        55821.84       486347.41       514047.94      1104835.91
MemUsed                 15238.25         8671.27        27700.59            0.06        51610.17
Dirty                       0.05            0.00            0.01            0.00            0.06
Writeback                   0.00            0.00            0.00            0.00            0.00
FilePages                 346.43           53.01            3.48            0.00          402.92
AnonPages                5697.61            5.07        27692.57            0.00        33395.25
PageTables                 95.97            0.35            0.00            0.00           96.32
WritebackTmp                0.00            0.00            0.00            0.00            0.00
MemTotal                63856.97        64493.11       514048.00       514048.00      1156446.08
MemFree                 48623.79        55821.84       486339.16       514047.94      1104832.73
MemUsed                 15233.18         8671.27        27708.84            0.06        51613.34
Dirty                       0.06            0.01            0.02            0.00            0.09
Writeback                   0.00            0.00            0.00            0.00            0.00
FilePages                 346.44           53.01            3.49            0.00          402.93
AnonPages                5693.61            4.98        27698.57            0.00        33397.17
PageTables                 96.07            0.35            0.00            0.00           96.42
WritebackTmp                0.00            0.00            0.00            0.00            0.00
MemTotal                63856.97        64493.11       514048.00       514048.00      1156446.08
MemFree                 48629.50        55821.84       486337.41       514047.94      1104836.68
MemUsed                 15227.47         8671.27        27710.59            0.06        51609.39
Dirty                       0.00            0.00            0.01            0.00            0.01
Writeback                   0.00            0.00            0.00            0.00            0.00
FilePages                 347.62           53.01            3.49            0.00          404.11
AnonPages                5685.56            4.98        27702.57            0.00        33393.11
PageTables                 95.80            0.35            0.00            0.00           96.15
WritebackTmp                0.00            0.00            0.00            0.00            0.00
MemTotal                63856.97        64493.11       514048.00       514048.00      1156446.08
MemFree                 48637.26        55821.93       486333.41       514047.94      1104840.54
MemUsed                 15219.71         8671.18        27714.59            0.06        51605.54
Dirty                       0.30            0.01            0.00            0.00            0.32
Writeback                   0.00            0.00            0.00            0.00            0.00
FilePages                 345.31           52.98            1.29            0.00          399.58
AnonPages                5679.96            4.98        27708.57            0.00        33393.52
PageTables                 95.90            0.35            0.00            0.00           96.25
WritebackTmp                0.00            0.00            0.00            0.00            0.00
MemTotal                63856.97        64493.11       514048.00       514048.00      1156446.08
MemFree                 48602.96        55821.26       486329.91       514047.94      1104802.07
MemUsed                 15254.00         8671.85        27718.09            0.06        51644.01
Dirty                       0.10            0.00            0.02            0.00            0.12
Writeback                   0.00            0.00            0.00            0.00            0.00
FilePages                 379.19           52.99            1.41            0.00          433.59
AnonPages                5678.94            4.98        27712.57            0.00        33396.49
PageTables                 95.92            0.35            0.00            0.00           96.27
WritebackTmp                0.00            0.00            0.00            0.00            0.00
MemTotal                63856.97        64493.11       514048.00       514048.00      1156446.08
MemFree                 48614.38        55821.26       486321.91       514047.94      1104805.48
MemUsed                 15242.59         8671.85        27726.09            0.06        51640.59
Dirty                       0.05            0.01            0.01            0.00            0.07
Writeback                   0.00            0.00            0.00            0.00            0.00
FilePages                 379.53           52.99            1.41            0.00          433.93
AnonPages                5668.08            4.98        27718.57            0.00        33391.63
PageTables                 95.93            0.35            0.00            0.00           96.29
WritebackTmp                0.00            0.00            0.00            0.00            0.00
