100.0
84.5049325964568
84.13560779816514
82.87649517221502
83.41445800534412
83.93475605374722
82.99866131191432
84.40557240116712
83.75257970010536
83.31579023257827
83.60235459245786
82.67064280980782
84.12225818051061
83.89818244964113
83.58071832562946
83.42198581560284
83.63926232333678
83.25518992454953
83.92669931496029
83.54690194848696
83.05523050029616
83.97852379660436
84.02520065590748
82.87005811867691
83.56878597854501
83.36004852055625
83.72278202455409
84.34929400151643
83.32731396541512
83.75998036412989
83.88794348553533
83.71954928598326
83.56121146038078
84.075157418481
83.57902350813744
84.25081763190646
83.77467081359184
83.57902003365308
84.43542680549338
82.25964025056031
83.75666806412907
83.35173739083048
83.36572654371643
83.51774022929354
83.55289884510475
84.29269558448298
84.17018344673154
83.30437804030576
83.50594166366582
84.026176199262
83.43608772867064
83.68016899317747
83.80738022192276
83.36773519683669
