MemTotal                63854.68        64492.78       514048.00       514048.00      1156443.45
MemFree                 10746.97        53026.97       487708.48       495126.53      1046608.95
MemUsed                 53107.71        11465.81        26339.52        18921.47       109834.50
Dirty                       0.00            0.00            0.00            0.00            0.00
Writeback                   0.00            0.00            0.00            0.00            0.00
FilePages               43026.99         2806.91        25103.75        18736.12        89673.78
AnonPages                  27.17          166.16          292.28          181.71          667.32
PageTables                 30.83           13.18            0.49            0.02           44.52
WritebackTmp                0.00            0.00            0.00            0.00            0.00
MemTotal                63854.68        64492.78       514048.00       514048.00      1156443.45
MemFree                  3832.96        53028.41       487714.91       495126.53      1039702.81
MemUsed                 60021.72        11464.36        26333.09        18921.47       116740.64
Dirty                       0.03            0.00            0.17            0.00            0.20
Writeback                   0.00            0.01            0.00            0.00            0.01
FilePages               43026.99         2806.93        25103.75        18736.12        89673.80
AnonPages                6932.04          165.13          291.92          181.68         7570.76
PageTables                 43.92           12.76            0.06            0.02           56.76
WritebackTmp                0.00            0.00            0.00            0.00            0.00
MemTotal                63854.68        64492.78       514048.00       514048.00      1156443.45
MemFree                   511.92        53026.29       486440.35       495126.53      1035105.08
MemUsed                 63342.76        11466.49        27607.65        18921.47       121338.38
Dirty                       0.00            0.02            0.00            0.00            0.02
Writeback                   0.00            0.00            0.00            0.00            0.00
FilePages               43027.00         2806.94        25103.75        18736.12        89673.82
AnonPages               10248.61          165.16         1566.64          181.67        12162.08
PageTables                 50.86           12.76            2.34            0.02           65.98
WritebackTmp                0.00            0.00            0.00            0.00            0.00
MemTotal                63854.68        64492.78       514048.00       514048.00      1156443.45
MemFree                   511.40        53025.82       483730.62       495126.53      1032394.37
MemUsed                 63343.28        11466.96        30317.38        18921.47       124049.08
Dirty                       0.00            0.00            0.00            0.00            0.00
Writeback                   0.00            0.00            0.00            0.00            0.00
FilePages               43027.00         2806.95        25103.76        18736.12        89673.83
AnonPages               10250.37          165.27         4273.79          181.67        14871.10
PageTables                 50.86           12.76            7.63            0.02           71.27
WritebackTmp                0.00            0.00            0.00            0.00            0.00
MemTotal                63854.68        64492.78       514048.00       514048.00      1156443.45
MemFree                   494.11        53029.68       480980.94       495126.53      1029631.26
MemUsed                 63360.57        11463.10        33067.06        18921.47       126812.20
Dirty                       0.00            0.00            0.00            0.00            0.00
Writeback                   0.00            0.00            0.00            0.00            0.00
FilePages               43027.00         2806.95        25103.76        18736.12        89673.84
AnonPages               10273.27          165.52         7133.52          181.67        17753.98
PageTables                 50.90           12.85           13.68            0.02           77.45
WritebackTmp                0.00            0.00            0.00            0.00            0.00
MemTotal                63854.68        64492.78       514048.00       514048.00      1156443.45
MemFree                   497.14        53029.54       478266.14       495126.53      1026919.36
MemUsed                 63357.54        11463.23        35781.86        18921.47       129524.10
Dirty                       0.00            0.00            0.00            0.00            0.00
Writeback                   0.00            0.00            0.00            0.00            0.00
FilePages               43027.00         2806.96        25103.77        18736.12        89673.86
AnonPages               10273.27          165.50         9844.16          181.67        20464.59
PageTables                 50.90           12.76           18.98            0.02           82.66
WritebackTmp                0.00            0.00            0.00            0.00            0.00
MemTotal                63854.68        64492.78       514048.00       514048.00      1156443.45
MemFree                   497.38        53029.05       475572.82       495126.53      1024225.78
MemUsed                 63357.30        11463.73        38475.18        18921.47       132217.67
Dirty                       0.01            0.01            0.00            0.00            0.02
Writeback                   0.00            0.00            0.00            0.00            0.00
FilePages               43027.00         2806.97        25103.78        18736.12        89673.88
AnonPages               10273.52          165.62        12532.82          181.67        23153.64
PageTables                 50.90           12.77           24.22            0.02           87.91
WritebackTmp                0.00            0.00            0.00            0.00            0.00
MemTotal                63854.68        64492.78       514048.00       514048.00      1156443.45
MemFree                   497.38        53028.89       472837.55       495126.53      1021490.34
MemUsed                 63357.30        11463.89        41210.45        18921.47       134953.11
Dirty                       0.00            0.00            0.00            0.00            0.00
Writeback                   0.00            0.00            0.00            0.00            0.00
FilePages               43027.00         2806.98        25103.78        18736.12        89673.88
AnonPages               10273.52          165.73        15263.39          181.67        25884.31
PageTables                 50.90           12.76           29.80            0.02           93.48
WritebackTmp                0.00            0.00            0.00            0.00            0.00
MemTotal                63854.68        64492.78       514048.00       514048.00      1156443.45
MemFree                   497.80        53027.84       469999.84       495126.53      1018652.02
MemUsed                 63356.87        11464.94        44048.16        18921.47       137791.44
Dirty                       0.00            0.01            0.00            0.00            0.01
Writeback                   0.00            0.00            0.00            0.00            0.00
FilePages               43027.00         2806.99        25103.79        18736.12        89673.90
AnonPages               10273.52          165.80        18096.37          181.67        28717.37
PageTables                 50.90           12.76           35.19            0.02           98.87
WritebackTmp                0.00            0.00            0.00            0.00            0.00
MemTotal                63854.68        64492.78       514048.00       514048.00      1156443.45
MemFree                   549.10        53026.45       467429.11       495126.57      1016131.22
MemUsed                 63305.58        11466.33        46618.89        18921.43       140312.23
Dirty                       0.00            0.00            0.00            0.00            0.00
Writeback                   0.00            0.00            0.00            0.00            0.00
FilePages               43027.00         2807.00        25103.79        18736.12        89673.91
AnonPages               10219.09          166.11        20658.93          181.67        31225.80
PageTables                 51.09           12.79           40.35            0.02          104.25
WritebackTmp                0.00            0.00            0.00            0.00            0.00
MemTotal                63854.68        64492.78       514048.00       514048.00      1156443.45
MemFree                   521.09        53027.27       467192.37       495126.57      1015867.30
MemUsed                 63333.58        11465.51        46855.63        18921.43       140576.15
Dirty                       0.00            0.00            0.00            0.00            0.00
Writeback                   0.00            0.00            0.00            0.00            0.00
FilePages               43027.01         2807.01        25103.79        18736.12        89673.93
AnonPages               10242.84          166.15        20847.72          181.61        31438.32
PageTables                 51.23           12.77           40.84            0.02          104.86
WritebackTmp                0.00            0.00            0.00            0.00            0.00
MemTotal                63854.68        64492.78       514048.00       514048.00      1156443.45
MemFree                   511.13        53025.16       467173.91       495127.00      1015837.21
MemUsed                 63343.54        11467.62        46874.09        18921.00       140606.25
Dirty                       0.02            0.00            0.00            0.00            0.02
Writeback                   0.00            0.00            0.00            0.00            0.00
FilePages               43027.02         2807.02        25103.79        18736.12        89673.95
AnonPages               10255.95          168.00        20799.30          179.37        31402.62
PageTables                 51.01           12.77           41.01            0.02          104.81
WritebackTmp                0.00            0.00            0.00            0.00            0.00
MemTotal                63854.68        64492.78       514048.00       514048.00      1156443.45
MemFree                   506.70        53024.80       467161.82       495128.14      1015821.45
MemUsed                 63347.98        11467.98        46886.18        18919.86       140622.00
Dirty                       0.00            0.00            0.00            0.00            0.00
Writeback                   0.00            0.00            0.00            0.00            0.00
FilePages               43027.02         2807.02        25103.79        18736.12        89673.96
AnonPages               10265.97          167.53        20808.94          179.37        31421.81
PageTables                 51.01           12.71           41.07            0.02          104.82
WritebackTmp                0.00            0.00            0.00            0.00            0.00
MemTotal                63854.68        64492.78       514048.00       514048.00      1156443.45
MemFree                   508.00        53024.33       467158.14       495128.63      1015819.10
MemUsed                 63346.68        11468.45        46889.86        18919.37       140624.35
Dirty                       0.00            0.00            0.00            0.00            0.00
Writeback                   0.00            0.00            0.00            0.00            0.00
FilePages               43027.02         2807.03        25103.79        18736.12        89673.97
AnonPages               10264.80          167.71        20878.04          179.37        31489.92
PageTables                 51.01           12.77           41.02            0.02          104.82
WritebackTmp                0.00            0.00            0.00            0.00            0.00
MemTotal                63854.68        64492.78       514048.00       514048.00      1156443.45
MemFree                   530.84        53024.10       467164.18       495128.90      1015848.02
MemUsed                 63323.84        11468.68        46883.82        18919.10       140595.43
Dirty                       0.00            0.00            0.00            0.00            0.00
Writeback                   0.00            0.00            0.00            0.00            0.00
FilePages               43027.02         2807.04        25103.80        18736.12        89673.98
AnonPages               10230.50          167.87        20879.82          179.32        31457.51
PageTables                 51.07           12.77           41.02            0.02          104.88
WritebackTmp                0.00            0.00            0.00            0.00            0.00
MemTotal                63854.68        64492.78       514048.00       514048.00      1156443.45
MemFree                   510.43        53024.11       467160.00       495128.92      1015823.45
MemUsed                 63344.25        11468.67        46888.00        18919.08       140620.00
Dirty                       0.01            0.00            0.00            0.00            0.01
Writeback                   0.00            0.00            0.00            0.00            0.00
FilePages               43027.02         2807.05        25103.80        18736.12        89674.00
AnonPages               10261.27          167.98        20890.98          179.32        31499.55
PageTables                 51.01           12.77           41.02            0.02          104.82
WritebackTmp                0.00            0.00            0.00            0.00            0.00
MemTotal                63854.68        64492.78       514048.00       514048.00      1156443.45
MemFree                   508.84        53024.54       467158.02       495128.92      1015820.32
MemUsed                 63345.83        11468.24        46889.98        18919.08       140623.13
Dirty                       0.00            0.00            0.00            0.00            0.00
Writeback                   0.00            0.00            0.00            0.00            0.00
FilePages               43027.02         2807.05        25103.81        18736.12        89674.01
AnonPages               10263.84          168.10        20872.62          179.32        31483.88
PageTables                 51.01           12.77           41.02            0.02          104.82
WritebackTmp                0.00            0.00            0.00            0.00            0.00
MemTotal                63854.68        64492.78       514048.00       514048.00      1156443.45
MemFree                   543.04        53024.54       467155.00       495128.92      1015851.51
MemUsed                 63311.63        11468.24        46893.00        18919.08       140591.95
Dirty                       0.01            0.00            0.00            0.00            0.02
Writeback                   0.00            0.00            0.00            0.00            0.00
FilePages               43027.02         2807.06        25103.82        18736.12        89674.03
AnonPages               10216.80          168.23        20850.88          179.32        31415.24
PageTables                 51.04           12.77           41.02            0.02          104.85
WritebackTmp                0.00            0.00            0.00            0.00            0.00
MemTotal                63854.68        64492.78       514048.00       514048.00      1156443.45
MemFree                   509.14        53024.30       467148.92       495128.92      1015811.27
MemUsed                 63345.54        11468.48        46899.08        18919.08       140632.18
Dirty                       0.00            0.00            0.00            0.00            0.00
Writeback                   0.00            0.00            0.00            0.00            0.00
FilePages               43027.02         2807.07        25103.82        18736.12        89674.04
AnonPages               10256.70          168.40        20858.82          179.32        31463.24
PageTables                 51.01           12.77           41.02            0.02          104.82
WritebackTmp                0.00            0.00            0.00            0.00            0.00
MemTotal                63854.68        64492.78       514048.00       514048.00      1156443.45
MemFree                   509.18        53023.57       467146.37       495128.92      1015808.05
MemUsed                 63345.49        11469.20        46901.63        18919.08       140635.41
Dirty                       0.00            0.00            0.00            0.00            0.00
Writeback                   0.00            0.00            0.00            0.00            0.00
FilePages               43027.02         2807.08        25103.83        18736.12        89674.05
AnonPages               10261.15          168.51        20884.37          179.32        31493.35
PageTables                 51.01           12.71           41.08            0.02          104.82
WritebackTmp                0.00            0.00            0.00            0.00            0.00
MemTotal                63854.68        64492.78       514048.00       514048.00      1156443.45
MemFree                  7918.41        53023.36       467509.02       495128.93      1023579.72
MemUsed                 55936.26        11469.42        46538.98        18919.07       132863.73
Dirty                       0.01            0.00            0.00            0.00            0.01
Writeback                   0.00            0.00            0.00            0.00            0.00
FilePages               43027.02         2807.09        25103.84        18736.12        89674.07
AnonPages                2818.88          168.28        20462.44          179.32        23628.91
PageTables                 51.01           12.77           40.53            0.02          104.33
WritebackTmp                0.00            0.00            0.00            0.00            0.00
