MemTotal                63854.68        64492.78       514048.00       514048.00      1156443.45
MemFree                 55135.68        55917.91       513419.47       513688.49      1138161.55
MemUsed                  8718.99         8574.87          628.53          359.51        18281.90
Dirty                      20.36            0.02            0.16            0.02           20.57
Writeback                   0.00            0.00            0.00            0.00            0.00
FilePages                  25.49           38.26          306.42           42.98          413.16
AnonPages                   9.70          105.23          307.55          237.70          660.17
PageTables                 30.74           12.49            0.01            0.01           43.25
WritebackTmp                0.00            0.00            0.00            0.00            0.00
MemTotal                63854.68        64492.78       514048.00       514048.00      1156443.45
MemFree                 55128.74        54064.75       513419.47       513704.34      1136317.30
MemUsed                  8725.93        10428.03          628.53          343.66        20126.15
Dirty                      20.35            0.03            0.00            0.02           20.40
Writeback                   0.00            0.00            0.00            0.00            0.00
FilePages                  27.57         1863.55          306.42           42.98         2240.53
AnonPages                   9.70          104.74          307.55          237.62          659.61
PageTables                 30.74           13.14            0.01            0.01           43.90
WritebackTmp                0.00            0.00            0.00            0.00            0.00
MemTotal                63854.68        64492.78       514048.00       514048.00      1156443.45
MemFree                 55128.87        52247.29       513419.47       513706.08      1134501.71
MemUsed                  8725.81        12245.48          628.53          341.92        21941.75
Dirty                      20.33            0.04            0.00            0.02           20.39
Writeback                   0.00            0.00            0.00            0.00            0.00
FilePages                  27.59         3678.11          306.42           42.98         4055.11
AnonPages                   9.67          104.08          307.54          237.61          658.90
PageTables                 30.71           12.71            0.01            0.01           43.44
WritebackTmp                0.00            0.00            0.00            0.00            0.00
MemTotal                63854.68        64492.78       514048.00       514048.00      1156443.45
MemFree                 55128.87        50411.40       513419.47       513707.88      1132667.62
MemUsed                  8725.81        14081.38          628.53          340.12        23775.84
Dirty                      20.33            0.04            0.00            0.02           20.40
Writeback                   0.00            0.00            0.00            0.00            0.00
FilePages                  27.60         5496.53          306.42           42.98         5873.53
AnonPages                   9.73          117.95          307.54          237.52          672.74
PageTables                 30.78           13.48            0.01            0.01           44.27
WritebackTmp                0.00            0.00            0.00            0.00            0.00
MemTotal                63854.68        64492.78       514048.00       514048.00      1156443.45
MemFree                 55129.00        48602.16       513419.47       513708.52      1130859.14
MemUsed                  8725.68        15890.62          628.53          339.48        25584.31
Dirty                      20.33            0.04            0.00            0.02           20.39
Writeback                   0.00            0.00            0.00            0.00            0.00
FilePages                  27.61         7314.37          306.42           42.98         7691.39
AnonPages                   9.70          103.71          307.54          237.47          658.42
PageTables                 30.74           12.72            0.01            0.01           43.48
WritebackTmp                0.00            0.00            0.00            0.00            0.00
MemTotal                63854.68        64492.78       514048.00       514048.00      1156443.45
MemFree                 55129.00        46781.55       513419.47       513709.14      1129039.15
MemUsed                  8725.68        17711.23          628.53          338.86        27404.30
Dirty                      20.33            0.05            0.00            0.02           20.40
Writeback                   0.00            0.00            0.00            0.00            0.00
FilePages                  27.62         9132.50          306.42           42.98         9509.52
AnonPages                   9.70          103.88          307.54          237.44          658.55
PageTables                 30.74           12.72            0.01            0.01           43.48
WritebackTmp                0.00            0.00            0.00            0.00            0.00
MemTotal                63854.68        64492.78       514048.00       514048.00      1156443.45
MemFree                 55128.82        44955.35       513419.47       513710.14      1127213.79
MemUsed                  8725.85        19537.43          628.53          337.86        29229.67
Dirty                       0.00            0.02            0.00            0.00            0.02
Writeback                   0.00            0.00            0.00            0.00            0.00
FilePages                  27.68        10954.44          306.42           42.98        11331.52
AnonPages                   9.70          104.14          307.54          237.43          658.80
PageTables                 30.74           12.72            0.01            0.01           43.48
WritebackTmp                0.00            0.00            0.00            0.00            0.00
MemTotal                63854.68        64492.78       514048.00       514048.00      1156443.45
MemFree                 55128.82        43087.67       513419.47       513711.13      1125347.09
MemUsed                  8725.85        21405.11          628.53          336.87        31096.36
Dirty                       0.01            0.00            0.00            0.01            0.02
Writeback                   0.00            0.00            0.00            0.00            0.00
FilePages                  27.72        12816.87          306.42           42.98        13193.99
AnonPages                   9.70          104.27          307.54          237.42          658.92
PageTables                 30.74           12.72            0.01            0.01           43.48
WritebackTmp                0.00            0.00            0.00            0.00            0.00
MemTotal                63854.68        64492.78       514048.00       514048.00      1156443.45
MemFree                 55128.58        41212.55       513419.47       513711.96      1123472.56
MemUsed                  8726.10        23280.23          628.53          336.04        32970.89
Dirty                       0.02            0.01            0.00            0.01            0.04
Writeback                   0.00            0.00            0.00            0.00            0.00
FilePages                  27.73        14688.30          306.42           42.98        15065.44
AnonPages                   9.70          104.41          307.54          237.39          659.04
PageTables                 30.74           12.72            0.01            0.01           43.48
WritebackTmp                0.00            0.00            0.00            0.00            0.00
MemTotal                63854.68        64492.78       514048.00       514048.00      1156443.45
MemFree                 55128.58        39331.50       513419.47       513712.95      1121592.50
MemUsed                  8726.10        25161.28          628.53          335.05        34850.96
Dirty                       0.02            0.01            0.00            0.01            0.04
Writeback                   0.00            0.01            0.00            0.00            0.01
FilePages                  27.74        16564.43          306.42           42.98        16941.57
AnonPages                   9.70          104.58          307.54          237.30          659.12
PageTables                 30.74           12.72            0.01            0.01           43.48
WritebackTmp                0.00            0.00            0.00            0.00            0.00
MemTotal                63854.68        64492.78       514048.00       514048.00      1156443.45
MemFree                 55128.59        37499.20       513419.47       513713.72      1119760.98
MemUsed                  8726.08        26993.57          628.53          334.28        36682.47
Dirty                       0.02            0.02            0.00            0.01            0.05
Writeback                   0.00            0.00            0.00            0.00            0.00
FilePages                  27.76        18394.40          306.42           42.98        18771.56
AnonPages                   9.70          103.95          307.54          237.29          658.48
PageTables                 30.74           12.72            0.01            0.01           43.48
WritebackTmp                0.00            0.00            0.00            0.00            0.00
MemTotal                63854.68        64492.78       514048.00       514048.00      1156443.45
MemFree                 55128.80        35666.04       513419.47       513714.48      1117928.78
MemUsed                  8725.88        28826.74          628.53          333.52        38514.67
Dirty                       0.02            0.02            0.00            0.01            0.05
Writeback                   0.00            0.00            0.00            0.00            0.00
FilePages                  27.77        20221.34          306.42           42.98        20598.51
AnonPages                   9.70          104.12          307.54          237.23          658.59
PageTables                 30.74           12.72            0.01            0.01           43.48
WritebackTmp                0.00            0.00            0.00            0.00            0.00
MemTotal                63854.68        64492.78       514048.00       514048.00      1156443.45
MemFree                 55128.77        34225.64       513419.47       513715.21      1116489.09
MemUsed                  8725.91        30267.14          628.53          332.79        39954.36
Dirty                       0.02            0.01            0.00            0.01            0.04
Writeback                   0.00            0.00            0.00            0.00            0.00
FilePages                  27.78        21493.58          306.42           42.98        21870.76
AnonPages                   9.70          267.11          307.54          237.12          821.48
PageTables                 30.74           12.89            0.01            0.01           43.65
WritebackTmp                0.00            0.00            0.00            0.00            0.00
MemTotal                63854.68        64492.78       514048.00       514048.00      1156443.45
MemFree                 55128.83        33688.40       513419.48       513715.74      1115952.46
MemUsed                  8725.84        30804.38          628.52          332.26        40491.00
Dirty                       0.00            0.01            0.00            0.00            0.01
Writeback                   0.00            0.00            0.00            0.00            0.00
FilePages                  27.80        21493.58          306.42           42.98        21870.78
AnonPages                   9.70          805.22          307.54          237.02         1359.48
PageTables                 30.74           14.09            0.01            0.01           44.85
WritebackTmp                0.00            0.00            0.00            0.00            0.00
MemTotal                63854.68        64492.78       514048.00       514048.00      1156443.45
MemFree                 55128.83        33148.99       513419.48       513716.48      1115413.79
MemUsed                  8725.84        31343.79          628.52          331.52        41029.66
Dirty                       0.00            0.00            0.00            0.00            0.00
Writeback                   0.00            0.00            0.00            0.00            0.00
FilePages                  27.80        21493.58          306.42           42.98        21870.79
AnonPages                   9.70         1344.02          307.54          237.02         1898.28
PageTables                 30.74           15.14            0.01            0.01           45.90
WritebackTmp                0.00            0.00            0.00            0.00            0.00
MemTotal                63854.68        64492.78       514048.00       514048.00      1156443.45
MemFree                 55128.96        32606.74       513419.48       513717.59      1114872.77
MemUsed                  8725.72        31886.04          628.52          330.41        41570.68
Dirty                       0.01            0.01            0.00            0.00            0.02
Writeback                   0.00            0.00            0.00            0.00            0.00
FilePages                  27.82        21493.59          306.42           42.98        21870.81
AnonPages                   9.70         1883.67          307.54          237.00         2437.91
PageTables                 30.74           16.20            0.01            0.01           46.95
WritebackTmp                0.00            0.00            0.00            0.00            0.00
MemTotal                63854.68        64492.78       514048.00       514048.00      1156443.45
MemFree                 55128.96        32069.61       513419.73       513718.34      1114336.64
MemUsed                  8725.72        32423.17          628.27          329.66        42106.82
Dirty                       0.01            0.02            0.00            0.00            0.03
Writeback                   0.00            0.00            0.00            0.00            0.00
FilePages                  27.84        21493.59          306.42           42.98        21870.82
AnonPages                   9.70         2421.72          307.54          236.98         2975.94
PageTables                 30.74           17.25            0.01            0.01           48.01
WritebackTmp                0.00            0.00            0.00            0.00            0.00
MemTotal                63854.68        64492.78       514048.00       514048.00      1156443.45
MemFree                 55129.09        31530.06       513419.73       513718.99      1113797.87
MemUsed                  8725.59        32962.71          628.27          329.01        42645.59
Dirty                       0.01            0.02            0.00            0.00            0.03
Writeback                   0.00            0.00            0.00            0.00            0.00
FilePages                  27.84        21493.59          306.42           42.98        21870.84
AnonPages                   9.70         2961.03          307.54          236.98         3515.25
PageTables                 30.74           18.30            0.01            0.01           49.06
WritebackTmp                0.00            0.00            0.00            0.00            0.00
MemTotal                63854.68        64492.78       514048.00       514048.00      1156443.45
MemFree                 55129.09        30989.07       513419.73       513720.77      1113258.65
MemUsed                  8725.59        33503.71          628.27          327.23        43184.80
Dirty                       0.00            0.00            0.00            0.00            0.00
Writeback                   0.00            0.00            0.00            0.00            0.00
FilePages                  27.86        21493.59          306.42           42.98        21870.85
AnonPages                   9.70         3499.94          307.54          236.98         4054.16
PageTables                 30.74           19.36            0.01            0.01           50.12
WritebackTmp                0.00            0.00            0.00            0.00            0.00
MemTotal                63854.68        64492.78       514048.00       514048.00      1156443.45
MemFree                 55128.84        30451.15       513419.73       513721.50      1112721.23
MemUsed                  8725.84        34041.62          628.27          326.50        43722.23
Dirty                       0.01            0.02            0.00            0.00            0.02
Writeback                   0.00            0.00            0.00            0.00            0.00
FilePages                  27.88        21493.59          306.42           42.98        21870.87
AnonPages                   9.70         4037.46          307.54          236.98         4591.69
PageTables                 30.74           20.41            0.01            0.01           51.16
WritebackTmp                0.00            0.00            0.00            0.00            0.00
MemTotal                63854.68        64492.78       514048.00       514048.00      1156443.45
MemFree                 55128.84        29912.73       513419.73       513721.75      1112183.05
MemUsed                  8725.84        34580.05          628.27          326.25        44260.40
Dirty                       0.00            0.00            0.00            0.00            0.00
Writeback                   0.00            0.00            0.00            0.00            0.00
FilePages                  27.88        21493.59          306.42           42.98        21870.88
AnonPages                   9.70         4573.90          307.54          236.98         5128.12
PageTables                 30.74           21.45            0.01            0.01           52.21
WritebackTmp                0.00            0.00            0.00            0.00            0.00
MemTotal                63854.68        64492.78       514048.00       514048.00      1156443.45
MemFree                 55128.40        29371.37       513419.73       513722.41      1111641.91
MemUsed                  8726.28        35121.41          628.27          325.59        44801.55
Dirty                       0.01            0.01            0.00            0.00            0.02
Writeback                   0.00            0.00            0.00            0.00            0.00
FilePages                  28.07        21493.59          306.42           42.98        21871.06
AnonPages                   9.70         5111.01          307.54          236.98         5665.23
PageTables                 30.74           22.51            0.01            0.01           53.27
WritebackTmp                0.00            0.00            0.00            0.00            0.00
MemTotal                63854.68        64492.78       514048.00       514048.00      1156443.45
MemFree                 55129.25        28834.45       513419.73       513723.41      1111106.84
MemUsed                  8725.43        35658.32          628.27          324.59        45336.61
Dirty                       0.00            0.00            0.00            0.00            0.00
Writeback                   0.00            0.00            0.00            0.00            0.00
FilePages                  28.07        21493.60          306.42           42.98        21871.07
AnonPages                   9.70         5647.35          307.54          236.46         6201.05
PageTables                 30.74           23.56            0.01            0.01           54.32
WritebackTmp                0.00            0.00            0.00            0.00            0.00
MemTotal                63854.68        64492.78       514048.00       514048.00      1156443.45
MemFree                 55129.44        28298.32       513419.73       513724.89      1110572.38
MemUsed                  8725.24        36194.46          628.27          323.11        45871.08
Dirty                       0.00            0.01            0.00            0.00            0.01
Writeback                   0.00            0.00            0.00            0.00            0.00
FilePages                  28.09        21493.60          306.42           42.98        21871.09
AnonPages                   9.70         6183.50          307.54          236.45         6737.19
PageTables                 30.74           24.60            0.01            0.01           55.36
WritebackTmp                0.00            0.00            0.00            0.00            0.00
MemTotal                63854.68        64492.78       514048.00       514048.00      1156443.45
MemFree                 55128.00        27761.64       513419.73       513726.13      1110035.51
MemUsed                  8726.67        36731.13          628.27          321.87        46407.95
Dirty                       0.01            0.01            0.13            0.00            0.15
Writeback                   0.00            0.00            0.00            0.00            0.00
FilePages                  29.49        21494.07          306.42           42.98        21872.96
AnonPages                   9.70         6720.39          307.54          236.45         7274.08
PageTables                 30.74           25.65            0.01            0.01           56.41
WritebackTmp                0.00            0.00            0.00            0.00            0.00
