MemTotal                63888.29        64466.73       514048.00       514048.00      1156451.01
MemFree                 53743.62        54507.05       514037.23       514047.94      1136335.84
MemUsed                 10144.66         9959.68           10.77            0.06        20115.17
Dirty                       0.04            0.04            0.00            0.00            0.08
Writeback                   0.00            0.00            0.00            0.00            0.00
FilePages                 216.53          273.39            0.03            0.00          489.95
AnonPages                 967.87          787.36            0.00            0.00         1755.23
PageTables                 30.85           32.20            0.00            0.00           63.05
WritebackTmp                0.00            0.00            0.00            0.00            0.00
MemTotal                63888.29        64466.73       514048.00       514048.00      1156451.01
MemFree                 49494.71        54505.44       514037.23       514047.94      1132085.32
MemUsed                 14393.57         9961.29           10.77            0.06        24365.70
Dirty                       0.04            0.21            0.00            0.00            0.25
Writeback                   0.00            0.00            0.00            0.00            0.00
FilePages                 217.48          275.50            0.03            0.00          493.02
AnonPages                5198.19          787.45            0.00            0.00         5985.64
PageTables                 38.86           32.20            0.00            0.00           71.05
WritebackTmp                0.00            0.00            0.00            0.00            0.00
MemTotal                63888.29        64466.73       514048.00       514048.00      1156451.01
MemFree                 44884.51        54502.07       514037.23       514047.94      1127471.75
MemUsed                 19003.78         9964.65           10.77            0.06        28979.27
Dirty                       0.05            0.11            0.00            0.00            0.17
Writeback                   0.00            0.00            0.00            0.00            0.00
FilePages                 217.49          277.91            0.03            0.00          495.43
AnonPages                9786.44          787.83            0.00            0.00        10574.27
PageTables                 47.66           32.21            0.00            0.00           79.87
WritebackTmp                0.00            0.00            0.00            0.00            0.00
MemTotal                63888.29        64466.73       514048.00       514048.00      1156451.01
MemFree                 41399.14        54502.32       514037.23       514047.94      1123986.62
MemUsed                 22489.15         9964.41           10.77            0.06        32464.39
Dirty                       0.04            0.22            0.00            0.00            0.26
Writeback                   0.00            0.00            0.00            0.00            0.00
FilePages                 217.50          277.91            0.03            0.00          495.44
AnonPages               13261.60          787.93            0.00            0.00        14049.54
PageTables                 54.65           32.21            0.00            0.00           86.87
WritebackTmp                0.00            0.00            0.00            0.00            0.00
MemTotal                63888.29        64466.73       514048.00       514048.00      1156451.01
MemFree                 37929.47        54503.32       514037.23       514047.94      1120517.95
MemUsed                 25958.82         9963.41           10.77            0.06        35933.06
Dirty                       0.05            0.04            0.00            0.00            0.09
Writeback                   0.00            0.00            0.00            0.00            0.00
FilePages                 217.51          277.91            0.03            0.00          495.45
AnonPages               16717.84          786.79            0.00            0.00        17504.62
PageTables                 61.23           32.20            0.00            0.00           93.43
WritebackTmp                0.00            0.00            0.00            0.00            0.00
MemTotal                63888.29        64466.73       514048.00       514048.00      1156451.01
MemFree                 34202.41        54503.32       514037.23       514047.94      1116790.89
MemUsed                 29685.88         9963.41           10.77            0.06        39660.12
Dirty                       0.00            0.16            0.00            0.00            0.16
Writeback                   0.00            0.00            0.00            0.00            0.00
FilePages                 217.52          277.91            0.03            0.00          495.46
AnonPages               20429.78          786.86            0.00            0.00        21216.64
PageTables                 68.84           32.20            0.00            0.00          101.04
WritebackTmp                0.00            0.00            0.00            0.00            0.00
MemTotal                63888.29        64466.73       514048.00       514048.00      1156451.01
MemFree                 29483.63        54503.32       514037.23       514047.94      1112072.11
MemUsed                 34404.66         9963.41           10.77            0.06        44378.90
Dirty                       0.04            0.07            0.00            0.00            0.11
Writeback                   0.00            0.00            0.00            0.00            0.00
FilePages                 217.53          277.91            0.03            0.00          495.47
AnonPages               25128.04          786.95            0.00            0.00        25914.98
PageTables                 77.66           32.20            0.00            0.00          109.86
WritebackTmp                0.00            0.00            0.00            0.00            0.00
MemTotal                63888.29        64466.73       514048.00       514048.00      1156451.01
MemFree                 24693.37        54503.32       514039.23       514047.94      1107283.86
MemUsed                 39194.91         9963.41            8.77            0.06        49167.16
Dirty                       0.03            0.02            0.00            0.00            0.05
Writeback                   0.00            0.00            0.00            0.00            0.00
FilePages                 217.54          277.93            0.03            0.00          495.50
AnonPages               29902.33          787.03            0.00            0.00        30689.36
PageTables                 87.27           32.20            0.00            0.00          119.47
WritebackTmp                0.00            0.00            0.00            0.00            0.00
MemTotal                63888.29        64466.73       514048.00       514048.00      1156451.01
MemFree                 24189.47        54503.33       510819.26       514047.94      1103560.00
MemUsed                 39698.82         9963.40         3228.74            0.06        52891.02
Dirty                       0.02            0.02            0.00            0.00            0.04
Writeback                   0.00            0.00            0.00            0.00            0.00
FilePages                 215.82          277.93            1.75            0.00          495.50
AnonPages               30389.69          787.09         3220.00            0.00        34396.78
PageTables                 94.78           32.20            0.00            0.00          126.98
WritebackTmp                0.00            0.00            0.00            0.00            0.00
MemTotal                63888.29        64466.73       514048.00       514048.00      1156451.01
MemFree                 23815.54        54503.08       511059.26       514047.94      1103425.82
MemUsed                 40072.75         9963.64         2988.74            0.06        53025.19
Dirty                       0.02            0.15            0.02            0.00            0.19
Writeback                   0.00            0.00            0.00            0.00            0.00
FilePages                 215.82          277.93            1.77            0.00          495.52
AnonPages               30762.64          787.19         2976.00            0.00        34525.83
PageTables                 94.98           32.20            0.00            0.00          127.18
WritebackTmp                0.00            0.00            0.00            0.00            0.00
MemTotal                63888.29        64466.73       514048.00       514048.00      1156451.01
MemFree                 23815.54        54503.08       511059.26       514047.94      1103425.82
MemUsed                 40072.74         9963.64         2988.74            0.06        53025.19
Dirty                       0.03            0.02            0.00            0.00            0.05
Writeback                   0.00            0.00            0.00            0.00            0.00
FilePages                 215.83          277.93            1.77            0.00          495.52
AnonPages               30761.95          787.26         2976.00            0.00        34525.21
PageTables                 95.02           32.20            0.00            0.00          127.22
WritebackTmp                0.00            0.00            0.00            0.00            0.00
MemTotal                63888.29        64466.73       514048.00       514048.00      1156451.01
MemFree                 23816.04        54503.08       511067.27       514047.94      1103434.32
MemUsed                 40072.25         9963.64         2980.73            0.06        53016.69
Dirty                       0.04            0.18            0.01            0.00            0.23
Writeback                   0.00            0.00            0.00            0.00            0.00
FilePages                 216.04          277.93            1.77            0.00          495.74
AnonPages               30764.04          787.34         2974.00            0.00        34525.38
PageTables                 95.02           32.20            0.00            0.00          127.22
WritebackTmp                0.00            0.00            0.00            0.00            0.00
MemTotal                63888.29        64466.73       514048.00       514048.00      1156451.01
MemFree                 23816.81        54502.84       511061.02       514047.94      1103428.61
MemUsed                 40071.47         9963.89         2986.98            0.06        53022.41
Dirty                       0.00            0.00            0.00            0.00            0.00
Writeback                   0.00            0.00            0.00            0.00            0.00
FilePages                 216.04          277.93            1.77            0.00          495.74
AnonPages               30762.19          787.41         2976.00            0.00        34525.60
PageTables                 95.00           32.20            0.00            0.00          127.20
WritebackTmp                0.00            0.00            0.00            0.00            0.00
MemTotal                63888.29        64466.73       514048.00       514048.00      1156451.01
MemFree                 23824.41        54502.84       511055.02       514047.94      1103430.21
MemUsed                 40063.87         9963.89         2992.98            0.06        53020.80
Dirty                       0.01            0.14            0.02            0.00            0.16
Writeback                   0.00            0.00            0.00            0.00            0.00
FilePages                 216.05          277.93            1.77            0.00          495.75
AnonPages               30754.23          787.50         2984.00            0.00        34525.73
PageTables                 94.96           32.20            0.00            0.00          127.16
WritebackTmp                0.00            0.00            0.00            0.00            0.00
MemTotal                63888.29        64466.73       514048.00       514048.00      1156451.01
MemFree                 23816.41        54502.84       511061.02       514047.94      1103428.21
MemUsed                 40071.87         9963.89         2986.98            0.06        53022.80
Dirty                       0.02            0.01            0.00            0.00            0.03
Writeback                   0.00            0.00            0.00            0.00            0.00
FilePages                 216.06          277.93            1.77            0.00          495.76
AnonPages               30762.48          787.57         2976.00            0.00        34526.05
PageTables                 95.02           32.20            0.00            0.00          127.22
WritebackTmp                0.00            0.00            0.00            0.00            0.00
MemTotal                63888.29        64466.73       514048.00       514048.00      1156451.01
MemFree                 23815.44        54503.33       511061.02       514047.94      1103427.72
MemUsed                 40072.85         9963.40         2986.98            0.06        53023.29
Dirty                       0.02            0.14            0.02            0.00            0.18
Writeback                   0.00            0.00            0.00            0.00            0.00
FilePages                 216.07          277.93            1.77            0.00          495.77
AnonPages               30762.56          786.86         2976.00            0.00        34525.42
PageTables                 95.03           32.21            0.00            0.00          127.23
WritebackTmp                0.00            0.00            0.00            0.00            0.00
MemTotal                63888.29        64466.73       514048.00       514048.00      1156451.01
MemFree                 23815.44        54503.57       511061.02       514047.94      1103427.97
MemUsed                 40072.84         9963.15         2986.98            0.06        53023.04
Dirty                       0.02            0.01            0.00            0.00            0.03
Writeback                   0.00            0.00            0.00            0.00            0.00
FilePages                 216.08          277.93            1.77            0.00          495.78
AnonPages               30762.62          786.96         2976.00            0.00        34525.58
PageTables                 94.98           32.21            0.00            0.00          127.19
WritebackTmp                0.00            0.00            0.00            0.00            0.00
MemTotal                63888.29        64466.73       514048.00       514048.00      1156451.01
MemFree                 23815.44        54503.33       511061.02       514047.94      1103427.73
MemUsed                 40072.84         9963.40         2986.98            0.06        53023.29
Dirty                       0.03            0.17            0.01            0.00            0.21
Writeback                   0.00            0.00            0.00            0.00            0.00
FilePages                 216.09          277.93            1.77            0.00          495.79
AnonPages               30762.93          787.04         2976.00            0.00        34525.96
PageTables                 95.06           32.21            0.00            0.00          127.27
WritebackTmp                0.00            0.00            0.00            0.00            0.00
MemTotal                63888.29        64466.73       514048.00       514048.00      1156451.01
MemFree                 23818.07        54503.33       511062.77       514047.94      1103432.11
MemUsed                 40070.21         9963.40         2985.23            0.06        53018.90
Dirty                       0.02            0.02            0.00            0.00            0.04
Writeback                   0.00            0.00            0.00            0.00            0.00
FilePages                 216.09          277.93            1.77            0.00          495.79
AnonPages               30762.93          787.21         2976.00            0.00        34526.14
PageTables                 94.99           32.21            0.00            0.00          127.20
WritebackTmp                0.00            0.00            0.00            0.00            0.00
MemTotal                63888.29        64466.73       514048.00       514048.00      1156451.01
MemFree                 23815.23        54503.34       511064.77       514047.94      1103431.28
MemUsed                 40073.05         9963.39         2983.23            0.06        53019.73
Dirty                       0.00            0.13            0.02            0.00            0.15
Writeback                   0.00            0.00            0.00            0.00            0.00
FilePages                 216.10          277.93            1.78            0.00          495.81
AnonPages               30765.11          787.28         2974.00            0.00        34526.39
PageTables                 95.03           32.21            0.00            0.00          127.24
WritebackTmp                0.00            0.00            0.00            0.00            0.00
MemTotal                63888.29        64466.73       514048.00       514048.00      1156451.01
MemFree                 23817.80        54500.98       511060.77       514047.94      1103427.50
MemUsed                 40070.48         9965.74         2987.23            0.06        53023.51
Dirty                       0.02            0.01            0.00            0.00            0.04
Writeback                   0.00            0.00            0.00            0.00            0.00
FilePages                 216.11          277.93            1.78            0.00          495.82
AnonPages               30762.81          787.36         2976.00            0.00        34526.18
PageTables                 95.00           32.21            0.00            0.00          127.21
WritebackTmp                0.00            0.00            0.00            0.00            0.00
MemTotal                63888.29        64466.73       514048.00       514048.00      1156451.01
MemFree                 23818.05        54500.74       511060.77       514047.94      1103427.50
MemUsed                 40070.23         9965.98         2987.23            0.06        53023.51
Dirty                       0.03            0.14            0.02            0.00            0.18
Writeback                   0.00            0.00            0.00            0.00            0.00
FilePages                 216.11          277.93            1.78            0.00          495.82
AnonPages               30762.64          787.43         2976.00            0.00        34526.07
PageTables                 95.00           32.21            0.00            0.00          127.20
WritebackTmp                0.00            0.00            0.00            0.00            0.00
MemTotal                63888.29        64466.73       514048.00       514048.00      1156451.01
MemFree                 23816.79        54500.77       511060.77       514047.94      1103426.27
MemUsed                 40071.49         9965.96         2987.23            0.06        53024.74
Dirty                       0.02            0.01            0.00            0.00            0.03
Writeback                   0.00            0.00            0.00            0.00            0.00
FilePages                 216.12          277.93            1.78            0.00          495.83
AnonPages               30762.00          787.52         2976.00            0.00        34525.51
PageTables                 95.04           32.21            0.00            0.00          127.24
WritebackTmp                0.00            0.00            0.00            0.00            0.00
MemTotal                63888.29        64466.73       514048.00       514048.00      1156451.01
MemFree                 23816.82        54500.77       511062.77       514047.94      1103428.30
MemUsed                 40071.47         9965.96         2985.23            0.06        53022.71
Dirty                       0.03            0.14            0.02            0.00            0.18
Writeback                   0.00            0.00            0.00            0.00            0.00
FilePages                 216.13          277.93            1.78            0.00          495.84
AnonPages               30762.05          787.59         2976.00            0.00        34525.65
PageTables                 94.95           32.21            0.00            0.00          127.15
WritebackTmp                0.00            0.00            0.00            0.00            0.00
MemTotal                63888.29        64466.73       514048.00       514048.00      1156451.01
MemFree                 23816.84        54500.77       511062.77       514047.94      1103428.32
MemUsed                 40071.44         9965.96         2985.23            0.06        53022.69
Dirty                       0.02            0.01            0.00            0.00            0.04
Writeback                   0.00            0.00            0.00            0.00            0.00
FilePages                 216.14          277.93            1.78            0.00          495.85
AnonPages               30762.25          787.68         2976.00            0.00        34525.93
PageTables                 94.99           32.21            0.00            0.00          127.20
WritebackTmp                0.00            0.00            0.00            0.00            0.00
MemTotal                63888.29        64466.73       514048.00       514048.00      1156451.01
MemFree                 23816.45        54500.77       511062.80       514047.94      1103427.95
MemUsed                 40071.84         9965.96         2985.20            0.06        53023.06
Dirty                       0.03            0.14            0.02            0.00            0.19
Writeback                   0.00            0.00            0.00            0.00            0.00
FilePages                 216.14          277.93            1.79            0.00          495.86
AnonPages               30762.40          787.75         2976.00            0.00        34526.15
PageTables                 95.00           32.21            0.00            0.00          127.20
WritebackTmp                0.00            0.00            0.00            0.00            0.00
MemTotal                63888.29        64466.73       514048.00       514048.00      1156451.01
MemFree                 23814.87        54500.77       511060.83       514047.94      1103424.40
MemUsed                 40073.42         9965.96         2987.17            0.06        53026.61
Dirty                       0.00            0.00            0.01            0.00            0.01
Writeback                   0.00            0.01            0.00            0.00            0.01
FilePages                 216.15          277.93            1.79            0.00          495.87
AnonPages               30764.63          787.84         2974.00            0.00        34526.47
PageTables                 95.02           32.21            0.00            0.00          127.23
WritebackTmp                0.00            0.00            0.00            0.00            0.00
MemTotal                63888.29        64466.73       514048.00       514048.00      1156451.01
MemFree                 23820.69        54500.78       511054.84       514047.94      1103424.25
MemUsed                 40067.59         9965.95         2993.16            0.06        53026.77
Dirty                       0.02            0.14            0.00            0.00            0.16
Writeback                   0.00            0.00            0.00            0.00            0.00
FilePages                 216.16          278.05            1.79            0.00          496.00
AnonPages               30756.60          787.92         2982.00            0.00        34526.52
PageTables                 95.00           32.21            0.00            0.00          127.21
WritebackTmp                0.00            0.00            0.00            0.00            0.00
MemTotal                63888.29        64466.73       514048.00       514048.00      1156451.01
MemFree                 23816.23        54501.03       511061.10       514047.94      1103426.29
MemUsed                 40072.06         9965.70         2986.90            0.06        53024.72
Dirty                       0.02            0.01            0.02            0.00            0.04
Writeback                   0.00            0.00            0.00            0.00            0.00
FilePages                 216.17          278.05            1.79            0.00          496.00
AnonPages               30762.75          788.00         2976.00            0.00        34526.75
PageTables                 94.99           32.21            0.00            0.00          127.20
WritebackTmp                0.00            0.00            0.00            0.00            0.00
MemTotal                63888.29        64466.73       514048.00       514048.00      1156451.01
MemFree                 23816.72        54501.03       511061.10       514047.94      1103426.79
MemUsed                 40071.57         9965.70         2986.90            0.06        53024.23
Dirty                       0.03            0.14            0.00            0.00            0.17
Writeback                   0.00            0.00            0.00            0.00            0.00
FilePages                 216.18          278.05            1.79            0.00          496.02
AnonPages               30762.91          788.08         2976.00            0.00        34526.99
PageTables                 95.00           32.21            0.00            0.00          127.20
WritebackTmp                0.00            0.00            0.00            0.00            0.00
MemTotal                63888.29        64466.73       514048.00       514048.00      1156451.01
MemFree                 45226.14        54502.02       513119.10       514047.94      1126895.19
MemUsed                 18662.14         9964.71          928.90            0.06        29555.82
Dirty                       0.03            0.01            0.01            0.00            0.05
Writeback                   0.00            0.00            0.00            0.00            0.00
FilePages                 216.19          278.05            1.79            0.00          496.02
AnonPages                 971.11          787.22            0.00            0.00         1758.34
PageTables                 30.94           32.21            0.00            0.00           63.15
WritebackTmp                0.00            0.00            0.00            0.00            0.00
