100.0
100.0
100.0
100.0
100.0
99.99803821556087
100.0
99.99802355917464
99.99803621224618
99.99803285138192
100.0
100.0
99.99802679610885
100.0
100.0
98.8041587602783
98.32531623017994
98.3097359210945
98.25783972125436
98.23105049906117
98.26497804265998
98.25320607821052
98.17230829961512
98.28339760704044
98.23193237290154
98.21658065919291
98.17676817776014
98.15310757999563
98.23481524134782
98.18102646319498
98.26055947380934
98.24839502258857
98.22739480752014
98.21200510855684
88.57049382240868
1.1790698198705953
9.19801672366677
2.4878200476832175
19.769973995221886
21.396751557202556
21.538131711785457
21.639560610177387
12.129679246727399
0.7339938009849969
0.3633131063270591
0.3271046343087711
0.34232587088868577
0.5337334751557514
0.57123401679655
10.324019182785044
0.03166138976837194
0.40141799603795225
1.17333138387309
1.7509944607606232
1.6630920150486974
1.0328670611170012
4.236646280271903
17.403836596759767
35.716582545233216
40.1907717060277
14.745283456172068
16.238173844486056
15.616808369993846
17.09932204744336
16.78287536426468
19.187969676722183
19.09710490098316
18.697682149224864
18.097161782834057
19.253500258045182
18.381908550501088
17.473537706479142
6.737386500543622
34.53888807821392
34.36375683050377
33.603176035369486
34.77096531806317
34.95849425910068
34.94258317374682
31.844489430192812
33.62896785461534
30.925727698319555
27.053929863294158
15.828726476008068
17.882449760070678
15.238374453114428
16.869861834459606
15.882381582616624
14.772367504590642
6.876987439128676
47.62818276944542
38.624402455023905
48.89190571060844
48.04544344001955
29.53036426901307
24.685619838190938
28.392363093677325
28.74684830834783
27.95601105481345
16.465039088090144
17.405188950968384
15.265454807761667
15.007245068492516
18.759935449684473
16.04614501328299
40.82785022131834
43.92355734489522
43.89184608458462
43.66813417476522
37.07432632514066
27.105180143579545
23.951774249502204
25.64676231358622
23.862702926404104
16.33441624545221
17.680365683776756
16.10722212736896
15.315517125512422
17.070569572766832
6.797864797249388
42.25426907183989
41.350069467733434
43.46038114343029
41.80005335467521
28.23653416355172
27.941354441670438
24.250877823550553
24.163087667949007
24.076971171303995
15.21272584226771
14.474043557756845
16.948799120429168
18.16183870901485
16.238310658911516
17.556832032202212
15.769091510161674
14.522143678212938
14.836505372913056
14.645462214062423
16.046947683354166
16.16834794112783
17.28102360428849
16.205856478572326
17.707691340167283
14.276306551034539
6.857259651005339
43.76053962900506
43.95620491413087
43.64941680200797
44.81592442148988
32.18068834798882
29.92825848125058
24.237985863763967
22.391030883231924
16.323214641628464
13.523234930687918
16.315849493730905
16.104098709402923
14.533219573952772
15.15940773500815
31.383337882684213
42.17287136011795
41.33550888643262
44.84277353437159
42.59720324229207
31.848356684206237
25.992096872807252
27.789941894986853
19.925918098342056
21.605557322114326
12.932009321191977
14.818208964444947
16.837728194726168
15.581637019377713
16.705654746851447
13.449656884558634
13.671242520239351
14.483478552806206
17.294499392000414
17.184980866727532
14.892994844690898
14.662335979864157
16.607171926234273
15.706099296272276
16.544359288225326
15.703575334576714
15.666514233451469
13.402383505299609
15.15940213400147
8.054209445585215
45.68217665615142
45.55211214875517
45.124260355029584
46.67833260421224
44.85537431385526
32.05550525579036
28.444281148743027
24.015843404034275
22.218021982605794
13.599013247416798
16.614752847843775
15.967956222622696
15.21051258073636
14.560187204606219
42.55163164953062
39.90693196405648
40.03046408053113
42.75243081525804
41.265410560595484
28.939752429501304
27.07748398059809
28.179761623391972
24.179914695618457
20.300930459312717
13.607772755101186
15.225292378871611
15.249360778945737
16.502361616967608
14.776489395600539
17.243293246993524
16.570285664594113
13.687516356974614
15.775908319091155
15.259204559877235
15.745252715075498
15.569555971688832
13.799169955615094
17.13379092444299
15.394966918223844
14.906056753295875
16.726512046190642
16.15142789501792
16.20926887906238
14.767579035024239
14.257534963727469
14.333466055163125
16.824411750611013
14.060917988525144
15.383666311216082
16.64641555285541
15.6938846594019
14.542313829397902
13.943423295044242
15.733481306459504
15.107993765308395
15.983229044246102
16.33933895169073
15.129685288551755
14.842932060075963
14.407944277108435
16.11784314608766
15.05211692704615
14.044619008710693
16.357873245235556
13.983231607271772
14.50322886426921
15.308929273134611
13.58806376444542
15.097813456712172
14.542857964402442
15.371771916912904
16.20665370855517
13.037971466332305
14.444972983521778
15.347462411811872
16.79756220155818
15.756789630727711
14.969750553828119
16.054966178539203
14.900241837968561
15.284580471347782
14.574998076479188
15.864135648761978
15.8073946860311
15.017295937872808
14.839868331419915
13.606036389317374
16.47193266068343
16.30221111500541
14.793435304449648
14.068433544303797
15.795613755993548
14.506215058223425
15.310382747919443
14.196664483387025
16.13258681279409
15.3838487858353
14.858296403986618
13.708779513377214
15.669035871664775
15.913959642557762
15.643663629626401
16.079754848131177
12.866929146358888
15.194941594826437
13.721371066657746
16.587373808316894
14.40218247626422
16.063297289357422
12.677603539084487
15.884006972966263
14.8147041392122
15.649942095214248
14.54394199266692
15.242832746241293
13.727747278231757
15.328481500955789
14.390947514368138
16.347102398077233
14.530751050893937
15.84235095552968
16.618868867447713
14.845755097339016
16.685818674681045
16.31114069127335
15.16447779862414
14.339876116886513
15.486037102356859
14.486034356708549
14.340209371499208
15.042912334379132
15.525323623435641
15.49687898992765
14.84669578385971
15.342100915639971
13.06621288406653
15.496108250508922
16.955659922498615
14.823225554932872
15.186152394755192
6.716424316297275
44.69465576445144
44.11764705882353
36.39742649509967
44.97224973370957
30.5660836255295
26.72520599474564
28.7446003334104
18.888225081269685
30.692673764183937
98.59298982750995
98.6148154521208
100.0
100.0
100.0
100.0
100.0
100.0
100.0
100.0
100.0
99.99429614419347
99.99714399954304
100.0
99.99713055954089
100.0
100.0
100.0
99.99712676703827
99.19303888346448
98.43889256245868
98.34739396741014
98.37278958585335
98.48754960032204
98.38135690506256
98.35531061546008
98.41046277665995
98.46697097579882
98.36206896551724
98.42056985610273
98.36258316127552
98.48083021043529
98.33160143170535
98.53942962706385
98.36094007458156
98.34903621747775
98.47814850973411
98.41668833607812
93.74982130092924
2.20369462154651
10.377235347865813
3.220025914592121
24.11490449691683
26.166456494325345
25.762924163060806
25.414507030153775
16.80612274038324
1.7723014600388218
6.720862618906484
1.0692390388470814
0.9599393108277653
1.138627953316254
0.7164906119905978
0.6077379593700069
12.73336395320563
0.5300913255164069
0.3680717874318261
1.1215941665970888
1.2632541655949012
1.7646699639738659
2.1914477195895854
1.862540080858776
1.1601736241358984
1.6604265017092625
5.234646361354551
24.646602074824667
32.48734340319054
18.34468437076536
9.0114856836661
9.230633051959025
5.85940270979641
8.059262538738853
9.391826528190995
6.647884849473566
9.50798555040091
8.123783020365867
9.36862415642685
5.226316553024808
10.127212389380531
9.424723510524439
8.315772669220944
9.134928595020286
28.450310625765816
28.64133838184857
26.36887895200405
29.95446478047527
29.041868825991795
29.37978172371735
26.855838989000702
28.711133025535286
25.621233690080174
20.278153217604924
5.8509311606252075
8.154106030942772
4.619653549539024
7.075988585859148
6.460830085486067
6.543033176415337
5.384414470798693
3.195636629098514
13.95
10.093702024034304
13.478745980003938
13.518895285918358
23.810132753618554
24.224349388463175
25.263908909564787
24.159404423034815
23.5980849978417
6.095600377126103
4.212591850367401
8.453837597330367
6.42875379717485
5.819998168852176
8.499755660531031
7.828409077052519
10.435758936699642
17.20380679980251
17.804223935635267
17.166950064198215
16.535062490195052
19.141309218298098
22.585372011866866
22.824179090070846
24.214104282529973
11.53557509444904
5.119580575946868
8.19958921449213
5.9670727795685075
5.8320610687022905
8.996309239964726
6.676569290862078
4.2215173729330475
15.03775896432555
16.615049224008168
16.194495412844038
15.071766004814567
16.71371921865566
23.39986050753796
25.0697929357905
24.480704307415245
21.568328955489925
5.212156878391318
4.511040335164483
6.058440825843331
8.219877467665079
9.243481170686504
8.661954251828039
7.845143384666043
6.036894097652516
6.06445475832079
6.527486076716508
6.0942847494191
6.873862602365787
8.358326027776496
5.689813398592841
6.538431009392776
5.238358146441763
8.589882357116242
6.506122104017663
2.1224614444953427
16.201761348603394
16.557119916346117
16.61870234713709
16.003997819371254
21.79418647470392
24.30232924922381
22.832083065132256
22.223331899289125
19.907592368717346
6.774305227709061
6.941764916041444
8.969093167375318
4.315453441841644
6.403232589595245
4.559407620302178
11.95996775926921
16.90698037582635
17.17695473251029
16.705063046269103
16.359814081823707
22.577772715741954
22.569052301142
26.95075668489576
20.63660505049717
5.916383082158483
6.319130251119979
5.278310940499041
6.605266682087681
4.345440247496089
6.558249339465701
4.220970930282311
4.094759067082963
4.2184487649500815
7.701253646613577
7.086858169873881
7.323487408129854
3.497725507600133
5.225153455689351
6.724708898621942
4.7743575105201606
6.346448412244805
6.023194316118138
6.00551759357428
3.3029130907772273
7.706026321281534
4.6142584868657295
2.871168399902142
15.236072409828719
16.194486983154672
15.743509989233162
16.200937150228597
23.470953062497706
26.18841220698806
26.369793276268098
23.370592899841405
5.845970087245534
7.765881696356977
5.203649731249725
5.688116953382064
4.224750332186137
5.331462811489443
17.09127486516016
15.069896559701245
17.004520927519323
16.172826935478398
16.53869245110121
18.759248778512198
25.659603693780685
26.065522930544702
20.71529083942877
5.189356089845285
5.526084842115854
6.249611166726052
5.008396460326067
6.46799926645883
6.446338410306475
7.349245404665728
4.893590154539538
3.080274682413616
7.9451751674227
6.149075826521162
4.901543560653472
6.512182615358911
5.761966392036785
3.600302615167563
7.121858198479752
3.339924262810388
4.059830894029787
6.8981211026125235
3.9138866493800797
6.892070105693699
6.159619744404785
5.345188232298775
3.4333185681690916
4.661178727406483
6.102861383967478
5.53765439748833
4.6265835394506025
4.871844650528401
6.961118871227257
7.746567913064888
4.976093935615618
4.5434664539044585
5.515219373679775
4.448809007239592
5.106086667324891
7.226906619682859
4.664565333910298
6.104196460493386
3.621492355051263
4.434512171833368
5.588002810468997
6.184705390722942
4.275421545459391
5.227574550283713
7.187967172102389
4.025169316489745
4.636229862212624
4.446531127140628
5.1465288021347995
6.379926163820272
4.698615105191464
3.9376769271362067
5.779609765744948
6.169377140399001
3.740352427955247
4.736649336688341
4.974333598244588
7.347666920632561
4.212480622949638
6.544496514420275
5.036264938180755
5.952991548290703
5.68477659948736
5.8690972689358265
5.251607981649938
5.267248418546538
6.688814366753377
3.8459246073215216
5.328878520973228
4.533237858887461
4.256830198810859
6.479579304646853
4.439357617923253
7.3362584550843355
2.9834510790670667
5.516284920255226
5.224903319591862
4.3887973925710755
4.153710120279057
3.908975915376975
6.6429320364194275
4.346611932587721
5.321391464194374
5.246767853069279
3.2442623266193418
5.623834805868525
5.203495277130598
6.596048869248765
6.835606443284504
3.2333012067619715
3.9149160038520527
4.834368228240485
4.392119351977824
5.8119314019872625
5.253588184876365
7.091143225067964
4.855140347349267
3.828983888217745
5.6761260006412515
5.023305041623415
5.304382163440151
5.556903664159185
4.468602938120286
4.872291003363626
4.722054209352437
2.596039285139269
5.6581304839696225
6.755944555050524
5.374681607111037
4.489820545087831
4.879737737105992
4.253317425087987
7.053897600179846
6.3809339733058446
5.469054575032849
4.288640472359975
4.88016950626267
5.334589481931982
5.090571802706242
4.626038110457374
5.709550296586688
4.92239257589407
5.2528317551940225
4.823562100583495
4.885458766080627
4.7894526857930435
4.104303342194054
6.893575611536211
6.982669251538916
4.438189149750028
4.794910828946361
14.729526374148582
15.16625129171479
15.289030850732315
12.930858657964512
15.136972993977073
19.846697967885444
24.084627377062176
27.470663592108636
22.17983517293734
24.22086123839737
99.72959052279165
99.69771762944063
100.0
