MemTotal                63888.29        64466.73       514048.00       514048.00      1156451.01
MemFree                 53735.24        54506.91       514044.96       514047.69      1136334.80
MemUsed                 10153.04         9959.82            3.04            0.31        20116.21
Dirty                       0.09            0.12            0.02            0.00            0.24
Writeback                   0.00            0.00            0.00            0.00            0.00
FilePages                 217.55          273.41            0.05            0.00          491.01
AnonPages                 969.84          788.26            0.00            0.00         1758.10
PageTables                 30.96           32.23            0.00            0.00           63.18
WritebackTmp                0.00            0.00            0.00            0.00            0.00
MemTotal                63888.29        64466.73       514048.00       514048.00      1156451.01
MemFree                 46790.36        54506.68       514044.96       514047.69      1129389.70
MemUsed                 17097.92         9960.05            3.04            0.31        27061.32
Dirty                       0.03            0.02            0.00            0.00            0.05
Writeback                   0.00            0.00            0.00            0.00            0.00
FilePages                 218.70          273.71            0.05            0.00          492.47
AnonPages                7885.91          788.35            0.00            0.00         8674.26
PageTables                 44.58           32.23            0.00            0.00           76.81
WritebackTmp                0.00            0.00            0.00            0.00            0.00
MemTotal                63888.29        64466.73       514048.00       514048.00      1156451.01
MemFree                 40751.04        54507.08       514045.46       514047.69      1123351.27
MemUsed                 23137.24         9959.64            2.54            0.31        33099.74
Dirty                       0.04            0.08            0.00            0.00            0.13
Writeback                   0.00            0.00            0.00            0.00            0.00
FilePages                 218.71          273.71            0.05            0.00          492.48
AnonPages               13901.00          788.42            0.00            0.00        14689.42
PageTables                 56.26           32.23            0.00            0.00           88.48
WritebackTmp                0.00            0.00            0.00            0.00            0.00
MemTotal                63888.29        64466.73       514048.00       514048.00      1156451.01
MemFree                 34968.59        54507.16       514045.46       514047.69      1117568.90
MemUsed                 28919.69         9959.56            2.54            0.31        38882.11
Dirty                       0.03            0.02            0.00            0.00            0.05
Writeback                   0.00            0.00            0.00            0.00            0.00
FilePages                 218.72          273.71            0.05            0.00          492.48
AnonPages               19661.06          787.73            0.00            0.00        20448.79
PageTables                 67.41           32.23            0.00            0.00           99.64
WritebackTmp                0.00            0.00            0.00            0.00            0.00
MemTotal                63888.29        64466.73       514048.00       514048.00      1156451.01
MemFree                 29619.00        54505.95       514045.70       514047.69      1112218.35
MemUsed                 34269.28         9960.77            2.30            0.31        44232.66
Dirty                       0.04            0.09            0.00            0.00            0.13
Writeback                   0.00            0.00            0.00            0.00            0.00
FilePages                 218.73          275.11            0.05            0.00          493.89
AnonPages               24987.14          787.82            0.00            0.00        25774.96
PageTables                 77.50           32.23            0.00            0.00          109.72
WritebackTmp                0.00            0.00            0.00            0.00            0.00
MemTotal                63888.29        64466.73       514048.00       514048.00      1156451.01
MemFree                 24944.77        54505.47       514045.70       514047.69      1107543.63
MemUsed                 38943.52         9961.25            2.30            0.31        48907.38
Dirty                       0.03            0.02            0.00            0.00            0.05
Writeback                   0.00            0.00            0.00            0.00            0.00
FilePages                 218.74          275.36            0.05            0.00          494.15
AnonPages               29645.24          787.91            0.00            0.00        30433.14
PageTables                 86.57           32.23            0.00            0.00          118.79
WritebackTmp                0.00            0.00            0.00            0.00            0.00
MemTotal                63888.29        64466.73       514048.00       514048.00      1156451.01
MemFree                 24127.51        54505.47       510742.90       514047.69      1103423.57
MemUsed                 39760.77         9961.25         3305.10            0.31        53027.44
Dirty                       0.03            0.09            0.02            0.00            0.13
Writeback                   0.00            0.00            0.00            0.00            0.00
FilePages                 215.95          275.36            2.85            0.00          494.16
AnonPages               30444.30          787.99         3294.00            0.00        34526.29
PageTables                 94.85           32.23            0.00            0.00          127.08
WritebackTmp                0.00            0.00            0.00            0.00            0.00
MemTotal                63888.29        64466.73       514048.00       514048.00      1156451.01
MemFree                 23810.77        54505.47       511062.90       514047.69      1103426.84
MemUsed                 40077.51         9961.25         2985.10            0.31        53024.18
Dirty                       0.03            0.02            0.00            0.00            0.05
Writeback                   0.00            0.00            0.00            0.00            0.00
FilePages                 215.95          275.36            2.85            0.00          494.17
AnonPages               30764.55          788.06         2976.00            0.00        34528.61
PageTables                 95.11           32.23            0.00            0.00          127.34
WritebackTmp                0.00            0.00            0.00            0.00            0.00
MemTotal                63888.29        64466.73       514048.00       514048.00      1156451.01
MemFree                 23808.79        54505.64       511060.90       514047.69      1103423.02
MemUsed                 40079.50         9961.08         2987.10            0.31        53027.99
Dirty                       0.00            0.01            0.02            0.00            0.03
Writeback                   0.00            0.00            0.00            0.00            0.00
FilePages                 215.96          275.36            2.85            0.00          494.18
AnonPages               30764.81          788.14         2976.00            0.00        34528.95
PageTables                 95.14           32.23            0.00            0.00          127.36
WritebackTmp                0.00            0.00            0.00            0.00            0.00
MemTotal                63888.29        64466.73       514048.00       514048.00      1156451.01
MemFree                 23808.92        54505.40       511064.90       514047.69      1103426.91
MemUsed                 40079.36         9961.33         2983.10            0.31        53024.10
Dirty                       0.02            0.14            0.00            0.00            0.16
Writeback                   0.00            0.00            0.00            0.00            0.00
FilePages                 215.97          275.37            2.85            0.00          494.19
AnonPages               30764.67          788.22         2976.00            0.00        34528.89
PageTables                 94.98           32.23            0.00            0.00          127.20
WritebackTmp                0.00            0.00            0.00            0.00            0.00
MemTotal                63888.29        64466.73       514048.00       514048.00      1156451.01
MemFree                 23809.23        54505.40       511066.66       514047.69      1103428.97
MemUsed                 40079.05         9961.33         2981.34            0.31        53022.04
Dirty                       0.02            0.01            0.02            0.00            0.05
Writeback                   0.00            0.00            0.00            0.00            0.00
FilePages                 215.98          275.38            2.86            0.00          494.21
AnonPages               30767.09          788.30         2974.00            0.00        34529.39
PageTables                 95.16           32.23            0.00            0.00          127.38
WritebackTmp                0.00            0.00            0.00            0.00            0.00
MemTotal                63888.29        64466.73       514048.00       514048.00      1156451.01
MemFree                 23808.55        54505.40       511066.91       514047.69      1103428.54
MemUsed                 40079.73         9961.33         2981.09            0.31        53022.47
Dirty                       0.03            0.14            0.00            0.00            0.17
Writeback                   0.00            0.00            0.00            0.00            0.00
FilePages                 215.99          275.38            2.86            0.00          494.22
AnonPages               30765.11          788.38         2976.00            0.00        34529.49
PageTables                 95.06           32.23            0.00            0.00          127.29
WritebackTmp                0.00            0.00            0.00            0.00            0.00
MemTotal                63888.29        64466.73       514048.00       514048.00      1156451.01
MemFree                 23807.59        54505.40       511062.91       514047.69      1103423.58
MemUsed                 40080.70         9961.33         2985.09            0.31        53027.43
Dirty                       0.03            0.01            0.02            0.00            0.05
Writeback                   0.00            0.00            0.00            0.00            0.00
FilePages                 216.00          275.38            2.86            0.00          494.23
AnonPages               30767.37          788.47         2974.00            0.00        34529.84
PageTables                 95.14           32.23            0.00            0.00          127.37
WritebackTmp                0.00            0.00            0.00            0.00            0.00
MemTotal                63888.29        64466.73       514048.00       514048.00      1156451.01
MemFree                 23811.25        54505.15       511061.15       514047.69      1103425.25
MemUsed                 40077.03         9961.57         2986.85            0.31        53025.77
Dirty                       0.03            0.09            0.00            0.00            0.12
Writeback                   0.00            0.00            0.00            0.00            0.00
FilePages                 216.00          275.38            2.86            0.00          494.24
AnonPages               30765.43          788.55         2976.00            0.00        34529.98
PageTables                 95.05           32.23            0.00            0.00          127.28
WritebackTmp                0.00            0.00            0.00            0.00            0.00
MemTotal                63888.29        64466.73       514048.00       514048.00      1156451.01
MemFree                 23807.56        54504.93       511063.40       514047.69      1103423.58
MemUsed                 40080.73         9961.79         2984.60            0.31        53027.43
Dirty                       0.03            0.01            0.02            0.00            0.05
Writeback                   0.00            0.00            0.00            0.00            0.00
FilePages                 216.01          275.38            2.86            0.00          494.25
AnonPages               30766.53          788.62         2974.00            0.00        34529.15
PageTables                 95.00           32.23            0.00            0.00          127.22
WritebackTmp                0.00            0.00            0.00            0.00            0.00
MemTotal                63888.29        64466.73       514048.00       514048.00      1156451.01
MemFree                 23810.59        54504.93       511063.18       514047.69      1103426.39
MemUsed                 40077.69         9961.79         2984.82            0.31        53024.62
Dirty                       0.02            0.05            0.00            0.00            0.08
Writeback                   0.00            0.02            0.00            0.00            0.02
FilePages                 216.02          275.38            2.86            0.00          494.26
AnonPages               30763.70          788.79         2976.00            0.00        34528.48
PageTables                 95.00           32.23            0.00            0.00          127.23
WritebackTmp                0.00            0.00            0.00            0.00            0.00
MemTotal                63888.29        64466.73       514048.00       514048.00      1156451.01
MemFree                 23808.87        54504.69       511069.36       514047.69      1103430.60
MemUsed                 40079.42         9962.04         2978.64            0.31        53020.41
Dirty                       0.02            0.01            0.02            0.00            0.05
Writeback                   0.00            0.00            0.00            0.00            0.00
FilePages                 216.03          275.38            2.86            0.00          494.27
AnonPages               30765.58          788.86         2974.31            0.00        34528.75
PageTables                 95.05           32.23            0.00            0.00          127.28
WritebackTmp                0.00            0.00            0.00            0.00            0.00
MemTotal                63888.29        64466.73       514048.00       514048.00      1156451.01
MemFree                 23808.38        54500.09       511069.36       514047.69      1103425.52
MemUsed                 40079.91         9966.63         2978.64            0.31        53025.49
Dirty                       0.02            0.10            0.00            0.00            0.12
Writeback                   0.00            0.00            0.00            0.00            0.00
FilePages                 216.04          277.77            2.86            0.00          496.67
AnonPages               30765.84          789.94         2974.27            0.00        34530.05
PageTables                 95.07           32.25            0.00            0.00          127.33
WritebackTmp                0.00            0.00            0.00            0.00            0.00
MemTotal                63888.29        64466.73       514048.00       514048.00      1156451.01
MemFree                 23806.17        54501.11       511067.40       514047.69      1103422.37
MemUsed                 40082.11         9965.61         2980.60            0.31        53028.64
Dirty                       0.02            0.02            0.02            0.00            0.05
Writeback                   0.00            0.00            0.00            0.00            0.00
FilePages                 216.04          277.77            2.86            0.00          496.68
AnonPages               30767.89          789.05         2972.27            0.00        34529.20
PageTables                 94.99           32.25            0.00            0.00          127.25
WritebackTmp                0.00            0.00            0.00            0.00            0.00
MemTotal                63888.29        64466.73       514048.00       514048.00      1156451.01
MemFree                 23811.21        54501.11       511061.40       514047.69      1103421.41
MemUsed                 40077.07         9965.61         2986.60            0.31        53029.60
Dirty                       0.02            0.02            0.00            0.00            0.04
Writeback                   0.00            0.00            0.00            0.00            0.00
FilePages                 216.06          277.77            2.86            0.00          496.70
AnonPages               30765.00          789.13         2974.27            0.00        34528.39
PageTables                 94.98           32.25            0.00            0.00          127.24
WritebackTmp                0.00            0.00            0.00            0.00            0.00
MemTotal                63888.29        64466.73       514048.00       514048.00      1156451.01
MemFree                 23810.93        54500.93       511063.48       514047.69      1103423.04
MemUsed                 40077.36         9965.79         2984.52            0.31        53027.98
Dirty                       0.02            0.00            0.02            0.00            0.04
Writeback                   0.00            0.02            0.00            0.00            0.02
FilePages                 216.07          277.77            2.86            0.00          496.70
AnonPages               30765.32          789.21         2974.27            0.00        34528.79
PageTables                 95.04           32.25            0.00            0.00          127.30
WritebackTmp                0.00            0.00            0.00            0.00            0.00
MemTotal                63888.29        64466.73       514048.00       514048.00      1156451.01
MemFree                 23810.76        54500.45       511061.52       514047.69      1103420.42
MemUsed                 40077.52         9966.28         2986.48            0.31        53030.59
Dirty                       0.02            0.02            0.00            0.00            0.04
Writeback                   0.00            0.00            0.00            0.00            0.00
FilePages                 216.07          277.77            2.86            0.00          496.71
AnonPages               30765.55          789.29         2974.27            0.00        34529.11
PageTables                 95.12           32.25            0.00            0.00          127.38
WritebackTmp                0.00            0.00            0.00            0.00            0.00
MemTotal                63888.29        64466.73       514048.00       514048.00      1156451.01
MemFree                 23810.28        54500.27       511061.52       514047.69      1103419.75
MemUsed                 40078.01         9966.46         2986.48            0.31        53031.26
Dirty                       0.00            0.00            0.02            0.00            0.02
Writeback                   0.00            0.00            0.00            0.00            0.00
FilePages                 216.08          277.77            2.86            0.00          496.72
AnonPages               30765.53          789.44         2974.27            0.00        34529.23
PageTables                 95.01           32.25            0.00            0.00          127.26
WritebackTmp                0.00            0.00            0.00            0.00            0.00
MemTotal                63888.29        64466.73       514048.00       514048.00      1156451.01
MemFree                 23808.81        54500.27       511063.54       514047.69      1103420.30
MemUsed                 40079.48         9966.46         2984.46            0.31        53030.71
Dirty                       0.01            0.01            0.00            0.00            0.02
Writeback                   0.00            0.00            0.00            0.00            0.00
FilePages                 216.09          277.77            2.86            0.00          496.73
AnonPages               30767.69          789.51         2972.27            0.00        34529.46
PageTables                 95.04           32.25            0.00            0.00          127.30
WritebackTmp                0.00            0.00            0.00            0.00            0.00
MemTotal                63888.29        64466.73       514048.00       514048.00      1156451.01
MemFree                 23811.23        54500.07       511063.59       514047.69      1103422.57
MemUsed                 40077.06         9966.66         2984.41            0.31        53028.44
Dirty                       0.03            0.01            0.02            0.00            0.05
Writeback                   0.00            0.00            0.00            0.00            0.00
FilePages                 216.10          277.77            2.87            0.00          496.74
AnonPages               30765.83          789.59         2974.27            0.00        34529.69
PageTables                 95.04           32.25            0.00            0.00          127.30
WritebackTmp                0.00            0.00            0.00            0.00            0.00
MemTotal                63888.29        64466.73       514048.00       514048.00      1156451.01
MemFree                 23810.52        54500.07       511063.59       514047.69      1103421.86
MemUsed                 40077.77         9966.66         2984.41            0.31        53029.15
Dirty                       0.03            0.14            0.00            0.00            0.16
Writeback                   0.00            0.00            0.00            0.00            0.00
FilePages                 216.11          277.77            2.87            0.00          496.75
AnonPages               30766.21          789.66         2974.27            0.00        34530.14
PageTables                 95.13           32.25            0.00            0.00          127.39
WritebackTmp                0.00            0.00            0.00            0.00            0.00
MemTotal                63888.29        64466.73       514048.00       514048.00      1156451.01
MemFree                 23812.11        54500.19       511063.61       514047.69      1103423.60
MemUsed                 40076.18         9966.54         2984.39            0.31        53027.41
Dirty                       0.03            0.01            0.02            0.00            0.05
Writeback                   0.00            0.00            0.00            0.00            0.00
FilePages                 216.32          277.77            2.87            0.00          496.96
AnonPages               30765.13          789.76         2974.27            0.00        34529.16
PageTables                 95.02           32.25            0.00            0.00          127.27
WritebackTmp                0.00            0.00            0.00            0.00            0.00
MemTotal                63888.29        64466.73       514048.00       514048.00      1156451.01
MemFree                 23811.68        54500.19       511063.63       514047.69      1103423.19
MemUsed                 40076.60         9966.54         2984.37            0.31        53027.82
Dirty                       0.03            0.14            0.00            0.00            0.17
Writeback                   0.00            0.00            0.00            0.00            0.00
FilePages                 216.32          277.77            2.87            0.00          496.97
AnonPages               30765.05          789.85         2974.27            0.00        34529.17
PageTables                 94.88           32.25            0.00            0.00          127.14
WritebackTmp                0.00            0.00            0.00            0.00            0.00
MemTotal                63888.29        64466.73       514048.00       514048.00      1156451.01
MemFree                 23811.52        54500.19       511061.65       514047.69      1103421.05
MemUsed                 40076.77         9966.54         2986.35            0.31        53029.96
Dirty                       0.03            0.01            0.02            0.00            0.05
Writeback                   0.00            0.00            0.00            0.00            0.00
FilePages                 216.33          277.77            2.87            0.00          496.98
AnonPages               30765.37          789.93         2974.27            0.00        34529.56
PageTables                 94.98           32.25            0.00            0.00          127.23
WritebackTmp                0.00            0.00            0.00            0.00            0.00
MemTotal                63888.29        64466.73       514048.00       514048.00      1156451.01
MemFree                 23811.03        54500.20       511061.65       514047.69      1103420.56
MemUsed                 40077.25         9966.53         2986.35            0.31        53030.45
Dirty                       0.00            0.13            0.00            0.00            0.13
Writeback                   0.00            0.00            0.00            0.00            0.00
FilePages                 216.34          277.77            2.87            0.00          496.99
AnonPages               30765.55          790.00         2974.27            0.00        34529.82
PageTables                 94.99           32.25            0.00            0.00          127.24
WritebackTmp                0.00            0.00            0.00            0.00            0.00
MemTotal                63888.29        64466.73       514048.00       514048.00      1156451.01
MemFree                 51875.03        54500.20       514003.42       514047.69      1134426.33
MemUsed                 12013.26         9966.53           44.58            0.31        22024.68
Dirty                       0.02            0.01            0.02            0.00            0.05
Writeback                   0.00            0.00            0.00            0.00            0.00
FilePages                 216.35          277.77            2.88            0.00          497.00
AnonPages                 971.79          790.09            0.27            0.00         1762.14
PageTables                 30.99           32.25            0.00            0.00           63.25
WritebackTmp                0.00            0.00            0.00            0.00            0.00
