MemTotal                63861.90        64493.11       514048.00       514048.00      1156451.01
MemFree                 53686.53        55740.80       513937.43       514047.78      1137412.55
MemUsed                 10175.37         8752.31          110.57            0.22        19038.46
Dirty                       0.04            0.00            0.01            0.00            0.05
Writeback                   0.00            0.00            0.00            0.00            0.00
FilePages                  29.15           31.47           89.72            0.00          150.34
AnonPages                 768.73           20.80            7.11            0.00          796.63
PageTables                 31.66            0.13            0.03            0.00           31.82
WritebackTmp                0.00            0.00            0.00            0.00            0.00
MemTotal                63861.90        64493.11       514048.00       514048.00      1156451.01
MemFree                 53680.89        55740.39       509828.99       514047.78      1133298.05
MemUsed                 10181.00         8752.72         4219.01            0.22        23152.96
Dirty                       0.02            0.01            0.05            0.00            0.08
Writeback                   0.00            0.00            0.00            0.00            0.00
FilePages                  31.65           31.47         2139.93            0.00         2203.05
AnonPages                 768.01           20.83         2059.30            0.00         2848.14
PageTables                 30.96            0.13            4.11            0.00           35.20
WritebackTmp                0.00            0.00            0.00            0.00            0.00
MemTotal                63861.90        64493.11       514048.00       514048.00      1156451.01
MemFree                 53680.71        55740.66       505629.56       514047.78      1129098.71
MemUsed                 10181.19         8752.45         8418.44            0.22        27352.30
Dirty                       0.05            0.00            0.00            0.00            0.05
Writeback                   0.00            0.00            0.00            0.00            0.00
FilePages                  31.65           31.50         4235.95            0.00         4299.10
AnonPages                 768.00           20.85         4154.05            0.00         4942.90
PageTables                 30.85            0.13            8.20            0.00           39.18
WritebackTmp                0.00            0.00            0.00            0.00            0.00
MemTotal                63861.90        64493.11       514048.00       514048.00      1156451.01
MemFree                 53680.23        55740.91       501445.17       514047.78      1124914.09
MemUsed                 10181.67         8752.20        12602.83            0.22        31536.92
Dirty                       0.00            0.00            0.00            0.00            0.00
Writeback                   0.00            0.00            0.00            0.00            0.00
FilePages                  31.65           31.50         6323.94            0.00         6387.08
AnonPages                 767.95           20.86         6242.05            0.00         7030.86
PageTables                 30.76            0.13           12.29            0.00           43.18
WritebackTmp                0.00            0.00            0.00            0.00            0.00
MemTotal                63861.90        64493.11       514048.00       514048.00      1156451.01
MemFree                 53678.75        55741.19       497259.83       514047.78      1120727.56
MemUsed                 10183.14         8751.92        16788.17            0.22        35723.45
Dirty                       0.01            0.00            0.00            0.00            0.01
Writeback                   0.00            0.00            0.00            0.00            0.00
FilePages                  32.14           31.51         8412.95            0.00         8476.61
AnonPages                 768.71           20.88         8332.05            0.00         9121.64
PageTables                 30.92            0.13           16.38            0.00           47.43
WritebackTmp                0.00            0.00            0.00            0.00            0.00
MemTotal                63861.90        64493.11       514048.00       514048.00      1156451.01
MemFree                 53679.81        55741.44       493093.30       514047.78      1116562.32
MemUsed                 10182.09         8751.68        20954.70            0.22        39888.69
Dirty                       0.01            0.00            0.00            0.00            0.01
Writeback                   0.00            0.00            0.00            0.00            0.00
FilePages                  32.45           31.51        10490.93            0.00        10554.89
AnonPages                 767.28           20.71        10410.05            0.00        11198.05
PageTables                 30.84            0.13           20.44            0.00           51.41
WritebackTmp                0.00            0.00            0.00            0.00            0.00
MemTotal                63861.90        64493.11       514048.00       514048.00      1156451.01
MemFree                 53676.41        55741.23       488938.96       514047.78      1112404.39
MemUsed                 10185.49         8751.88        25109.04            0.22        44046.62
Dirty                       0.10            0.01            0.07            0.00            0.18
Writeback                   0.00            0.00            0.00            0.00            0.00
FilePages                  35.13           31.53        12564.45            0.00        12631.11
AnonPages                 768.18           20.74        12484.05            0.00        13272.98
PageTables                 30.82            0.13           24.50            0.00           55.45
WritebackTmp                0.00            0.00            0.00            0.00            0.00
MemTotal                63861.90        64493.11       514048.00       514048.00      1156451.01
MemFree                 53676.70        55741.23       484748.88       514047.78      1108214.59
MemUsed                 10185.20         8751.88        29299.12            0.22        48236.42
Dirty                       0.01            0.00            0.00            0.00            0.01
Writeback                   0.00            0.00            0.00            0.00            0.00
FilePages                  35.14           31.54        14653.94            0.00        14720.61
AnonPages                 768.74           20.75        14572.05            0.00        15361.55
PageTables                 30.99            0.13           28.59            0.00           59.71
WritebackTmp                0.00            0.00            0.00            0.00            0.00
MemTotal                63861.90        64493.11       514048.00       514048.00      1156451.01
MemFree                 53675.47        55741.23       480609.35       514047.78      1104073.84
MemUsed                 10186.43         8751.88        33438.65            0.22        52377.18
Dirty                       0.01            0.00            0.00            0.00            0.01
Writeback                   0.00            0.00            0.00            0.00            0.00
FilePages                  35.14           31.54        16720.95            0.00        16787.64
AnonPages                 768.42           20.78        16640.05            0.00        17429.25
PageTables                 30.84            0.13           32.64            0.00           63.61
WritebackTmp                0.00            0.00            0.00            0.00            0.00
MemTotal                63861.90        64493.11       514048.00       514048.00      1156451.01
MemFree                 53676.01        55741.23       476483.23       514047.78      1099948.26
MemUsed                 10185.89         8751.88        37564.77            0.22        56502.75
Dirty                       0.02            0.00            0.00            0.00            0.02
Writeback                   0.00            0.00            0.00            0.00            0.00
FilePages                  35.14           31.54        18778.80            0.00        18845.48
AnonPages                 767.93           20.79        18698.05            0.00        19486.78
PageTables                 30.86            0.13           36.64            0.00           67.64
WritebackTmp                0.00            0.00            0.00            0.00            0.00
MemTotal                63861.90        64493.11       514048.00       514048.00      1156451.01
MemFree                 53676.01        55741.23       472306.21       514047.78      1095771.24
MemUsed                 10185.89         8751.88        41741.79            0.22        60679.77
Dirty                       0.02            0.00            0.00            0.00            0.02
Writeback                   0.00            0.00            0.00            0.00            0.00
FilePages                  35.14           31.56        20862.92            0.00        20929.62
AnonPages                 767.96           20.81        20782.05            0.00        21570.82
PageTables                 30.80            0.13           40.74            0.00           71.67
WritebackTmp                0.00            0.00            0.00            0.00            0.00
MemTotal                63861.90        64493.11       514048.00       514048.00      1156451.01
MemFree                 53675.52        55741.23       468127.08       514047.78      1091591.62
MemUsed                 10186.38         8751.88        45920.92            0.22        64859.39
Dirty                       0.00            0.00            0.00            0.00            0.00
Writeback                   0.00            0.00            0.00            0.00            0.00
FilePages                  35.14           31.56        22949.37            0.00        23016.07
AnonPages                 768.45           20.62        22868.05            0.00        23657.11
PageTables                 30.88            0.13           44.81            0.00           75.82
WritebackTmp                0.00            0.00            0.00            0.00            0.00
MemTotal                63861.90        64493.11       514048.00       514048.00      1156451.01
MemFree                 53675.52        55740.99       463959.56       514047.78      1087423.85
MemUsed                 10186.38         8752.12        50088.44            0.22        69027.16
Dirty                       0.01            0.00            0.00            0.00            0.01
Writeback                   0.00            0.00            0.00            0.00            0.00
FilePages                  35.28           31.57        25027.92            0.00        25094.78
AnonPages                 768.53           20.63        24946.05            0.00        25735.21
PageTables                 30.87            0.13           48.89            0.00           79.88
WritebackTmp                0.00            0.00            0.00            0.00            0.00
MemTotal                63861.90        64493.11       514048.00       514048.00      1156451.01
MemFree                 53675.77        55740.99       459774.71       514047.78      1083239.24
MemUsed                 10186.13         8752.12        54273.29            0.22        73211.77
Dirty                       0.00            0.00            0.00            0.00            0.00
Writeback                   0.00            0.00            0.00            0.00            0.00
FilePages                  35.28           31.57        27115.80            0.00        27182.65
AnonPages                 768.50           20.64        27034.05            0.00        27823.20
PageTables                 30.82            0.13           52.96            0.00           83.90
WritebackTmp                0.00            0.00            0.00            0.00            0.00
MemTotal                63861.90        64493.11       514048.00       514048.00      1156451.01
MemFree                 53675.03        55740.99       455590.32       514047.78      1079054.12
MemUsed                 10186.87         8752.12        58457.68            0.22        77396.89
Dirty                       0.01            0.00            0.00            0.00            0.01
Writeback                   0.00            0.00            0.00            0.00            0.00
FilePages                  35.28           31.59        29203.93            0.00        29270.80
AnonPages                 768.71           20.66        29122.05            0.00        29911.41
PageTables                 30.85            0.13           57.06            0.00           88.04
WritebackTmp                0.00            0.00            0.00            0.00            0.00
MemTotal                63861.90        64493.11       514048.00       514048.00      1156451.01
MemFree                 53675.28        55740.99       451403.02       514047.78      1074867.07
MemUsed                 10186.62         8752.12        62644.98            0.22        81583.95
Dirty                       0.00            0.00            0.00            0.00            0.00
Writeback                   0.00            0.00            0.00            0.00            0.00
FilePages                  35.29           31.59        31293.77            0.00        31360.64
AnonPages                 768.77           20.67        31212.05            0.00        32001.49
PageTables                 30.82            0.13           61.13            0.00           92.07
WritebackTmp                0.00            0.00            0.00            0.00            0.00
MemTotal                63861.90        64493.11       514048.00       514048.00      1156451.01
MemFree                 53675.28        55740.99       447213.67       514047.78      1070677.72
MemUsed                 10186.62         8752.12        66834.33            0.22        85773.29
Dirty                       0.03            0.00            0.00            0.00            0.04
Writeback                   0.00            0.00            0.00            0.00            0.00
FilePages                  35.29           31.61        33382.23            0.00        33449.12
AnonPages                 769.01           20.68        33302.05            0.00        34091.74
PageTables                 30.83            0.13           65.21            0.00           96.17
WritebackTmp                0.00            0.00            0.00            0.00            0.00
MemTotal                63861.90        64493.11       514048.00       514048.00      1156451.01
MemFree                 53675.04        55740.99       443035.50       514047.78      1066499.30
MemUsed                 10186.86         8752.12        71012.50            0.22        89951.71
Dirty                       0.02            0.00            0.00            0.00            0.02
Writeback                   0.00            0.00            0.00            0.00            0.00
FilePages                  35.29           31.61        35467.85            0.00        35534.75
AnonPages                 769.03           20.69        35386.05            0.00        36175.77
PageTables                 30.76            0.13           69.31            0.00          100.20
WritebackTmp                0.00            0.00            0.00            0.00            0.00
MemTotal                63861.90        64493.11       514048.00       514048.00      1156451.01
MemFree                 53675.29        55740.99       438857.85       514047.78      1062321.91
MemUsed                 10186.61         8752.12        75190.15            0.22        94129.11
Dirty                       0.00            0.00            0.00            0.00            0.00
Writeback                   0.00            0.00            0.00            0.00            0.00
FilePages                  35.29           31.61        37552.45            0.00        37619.35
AnonPages                 769.20           20.70        37472.05            0.00        38261.95
PageTables                 30.80            0.13           73.40            0.00          104.33
WritebackTmp                0.00            0.00            0.00            0.00            0.00
MemTotal                63861.90        64493.11       514048.00       514048.00      1156451.01
MemFree                 53674.34        55740.99       434665.80       514047.78      1058128.91
MemUsed                 10187.56         8752.12        79382.20            0.22        98322.11
Dirty                       0.01            0.00            0.00            0.00            0.01
Writeback                   0.00            0.00            0.00            0.00            0.00
FilePages                  35.29           31.62        39643.96            0.00        39710.87
AnonPages                 769.44           20.71        39562.05            0.00        40352.20
PageTables                 30.89            0.13           77.50            0.00          108.52
WritebackTmp                0.00            0.00            0.00            0.00            0.00
MemTotal                63861.90        64493.11       514048.00       514048.00      1156451.01
MemFree                 53674.09        55740.75       430486.88       514047.78      1053949.50
MemUsed                 10187.80         8752.37        83561.12            0.22       102501.51
Dirty                       0.00            0.00            0.00            0.00            0.00
Writeback                   0.00            0.00            0.00            0.00            0.00
FilePages                  35.29           31.63        41729.96            0.00        41796.88
AnonPages                 769.47           20.73        41648.05            0.00        42438.25
PageTables                 30.84            0.13           81.58            0.00          112.55
WritebackTmp                0.00            0.00            0.00            0.00            0.00
MemTotal                63861.90        64493.11       514048.00       514048.00      1156451.01
MemFree                 53675.58        55740.75       426311.95       514047.78      1049776.05
MemUsed                 10186.32         8752.37        87736.05            0.22       106674.96
Dirty                       0.01            0.00            0.00            0.00            0.01
Writeback                   0.00            0.00            0.00            0.00            0.00
FilePages                  35.29           31.64        43811.96            0.00        43878.89
AnonPages                 768.73           20.74        43730.05            0.00        44519.53
PageTables                 30.93            0.13           85.65            0.00          116.71
WritebackTmp                0.00            0.00            0.00            0.00            0.00
MemTotal                63861.90        64493.11       514048.00       514048.00      1156451.01
MemFree                 53674.96        55740.75       422141.71       514047.78      1045605.20
MemUsed                 10186.94         8752.37        91906.29            0.22       110845.82
Dirty                       0.00            0.00            0.00            0.00            0.00
Writeback                   0.00            0.00            0.00            0.00            0.00
FilePages                  35.29           31.64        45893.36            0.00        45960.29
AnonPages                 768.80           20.76        45812.05            0.00        46601.61
PageTables                 30.82            0.13           89.71            0.00          120.67
WritebackTmp                0.00            0.00            0.00            0.00            0.00
MemTotal                63861.90        64493.11       514048.00       514048.00      1156451.01
MemFree                 53675.45        55740.75       418072.62       514047.78      1041536.61
MemUsed                 10186.45         8752.37        95975.38            0.22       114914.41
Dirty                       0.01            0.00            0.00            0.00            0.01
Writeback                   0.00            0.00            0.00            0.00            0.00
FilePages                  35.29           31.66        47921.96            0.00        47988.91
AnonPages                 768.08           20.77        47840.05            0.00        48628.90
PageTables                 30.82            0.13           93.70            0.00          124.64
WritebackTmp                0.00            0.00            0.00            0.00            0.00
MemTotal                63861.90        64493.11       514048.00       514048.00      1156451.01
MemFree                 53674.96        55740.75       414021.95       514047.78      1037485.44
MemUsed                 10186.94         8752.37       100026.05            0.22       118965.57
Dirty                       0.01            0.00            0.00            0.00            0.01
Writeback                   0.00            0.00            0.00            0.00            0.00
FilePages                  35.29           31.66        49943.95            0.00        50010.90
AnonPages                 768.23           20.78        49864.05            0.00        50653.06
PageTables                 30.80            0.13           97.65            0.00          128.58
WritebackTmp                0.00            0.00            0.00            0.00            0.00
MemTotal                63861.90        64493.11       514048.00       514048.00      1156451.01
MemFree                 53672.05        55738.04       409845.77       514047.78      1033303.65
MemUsed                 10189.84         8755.07       104202.23            0.22       123147.36
Dirty                       0.09            0.01            0.07            0.00            0.18
Writeback                   0.00            0.00            0.00            0.00            0.00
FilePages                  41.23           31.68        52026.96            0.00        52099.87
AnonPages                 765.63           23.43        51946.05            0.00        52735.11
PageTables                 30.92            0.13          101.73            0.00          132.78
WritebackTmp                0.00            0.00            0.00            0.00            0.00
MemTotal                63861.90        64493.11       514048.00       514048.00      1156451.01
MemFree                 53672.06        55738.05       405772.26       514047.78      1029230.15
MemUsed                 10189.84         8755.07       108275.74            0.22       127220.86
Dirty                       0.00            0.00            0.00            0.00            0.00
Writeback                   0.00            0.00            0.00            0.00            0.00
FilePages                  41.23           31.68        54059.95            0.00        54132.85
AnonPages                 765.50           23.45        53978.05            0.00        54767.00
PageTables                 30.80            0.13          105.71            0.00          136.64
WritebackTmp                0.00            0.00            0.00            0.00            0.00
MemTotal                63861.90        64493.11       514048.00       514048.00      1156451.01
MemFree                 53671.32        55738.05       401681.89       514047.78      1025139.05
MemUsed                 10190.57         8755.06       112366.11            0.22       131311.96
Dirty                       0.01            0.00            0.00            0.00            0.01
Writeback                   0.00            0.00            0.00            0.00            0.00
FilePages                  41.23           31.68        56101.91            0.00        56174.83
AnonPages                 765.69           23.48        56020.05            0.00        56809.23
PageTables                 30.86            0.13          109.70            0.00          140.68
WritebackTmp                0.00            0.00            0.00            0.00            0.00
MemTotal                63861.90        64493.11       514048.00       514048.00      1156451.01
MemFree                 53671.32        55738.05       397522.83       514047.78      1020979.98
MemUsed                 10190.57         8755.06       116525.17            0.22       135471.03
Dirty                       0.01            0.00            0.00            0.00            0.01
Writeback                   0.00            0.00            0.00            0.00            0.00
FilePages                  41.23           31.69        58175.96            0.00        58248.88
AnonPages                 765.81           23.52        58094.05            0.00        58883.38
PageTables                 30.86            0.13          113.76            0.00          144.75
WritebackTmp                0.00            0.00            0.00            0.00            0.00
MemTotal                63861.90        64493.11       514048.00       514048.00      1156451.01
MemFree                 53672.06        55737.81       395739.43       514047.78      1019197.09
MemUsed                 10189.84         8755.30       118308.57            0.22       137253.93
Dirty                       0.00            0.00            0.00            0.00            0.00
Writeback                   0.00            0.00            0.00            0.00            0.00
FilePages                  41.24           31.70        58872.82            0.00        58945.76
AnonPages                 765.97           23.43        59149.22            0.00        59938.62
PageTables                 30.89            0.13          115.35            0.00          146.37
WritebackTmp                0.00            0.00            0.00            0.00            0.00
MemTotal                63861.90        64493.11       514048.00       514048.00      1156451.01
MemFree                 53669.21        55737.86       393820.07       514047.78      1017274.92
MemUsed                 10192.69         8755.25       120227.93            0.22       139176.09
Dirty                       0.01            0.00            0.00            0.00            0.02
Writeback                   0.00            0.00            0.00            0.00            0.00
FilePages                  41.68           31.71        58872.82            0.00        58946.21
AnonPages                 766.59           23.44        61057.32            0.00        61847.34
PageTables                 30.90            0.13          121.30            0.00          152.33
WritebackTmp                0.00            0.00            0.00            0.00            0.00
MemTotal                63861.90        64493.11       514048.00       514048.00      1156451.01
MemFree                 53669.27        55737.37       393903.52       514047.78      1017357.94
MemUsed                 10192.62         8755.75       120144.48            0.22       139093.07
Dirty                       0.00            0.00            0.00            0.00            0.00
Writeback                   0.00            0.00            0.00            0.00            0.00
FilePages                  41.68           31.72        58872.82            0.00        58946.22
AnonPages                 766.75           23.46        60969.97            0.00        61760.19
PageTables                 30.90            0.13          139.29            0.00          170.32
WritebackTmp                0.00            0.00            0.00            0.00            0.00
MemTotal                63861.90        64493.11       514048.00       514048.00      1156451.01
MemFree                 53669.07        55737.37       393903.52       514047.78      1017357.74
MemUsed                 10192.82         8755.75       120144.48            0.22       139093.27
Dirty                       0.01            0.00            0.00            0.00            0.01
Writeback                   0.00            0.00            0.00            0.00            0.00
FilePages                  41.68           31.73        58872.82            0.00        58946.23
AnonPages                 766.80           23.51        60969.97            0.00        61760.28
PageTables                 30.88            0.13          139.29            0.00          170.29
WritebackTmp                0.00            0.00            0.00            0.00            0.00
MemTotal                63861.90        64493.11       514048.00       514048.00      1156451.01
MemFree                 53668.34        55737.37       394002.23       514047.78      1017455.73
MemUsed                 10193.55         8755.75       120045.77            0.22       138995.29
Dirty                       0.02            0.00            0.00            0.00            0.02
Writeback                   0.00            0.00            0.00            0.00            0.00
FilePages                  41.68           31.73        58872.82            0.00        58946.24
AnonPages                 766.82           23.55        60866.55            0.00        61656.93
PageTables                 30.88            0.13          139.03            0.00          170.03
WritebackTmp                0.00            0.00            0.00            0.00            0.00
MemTotal                63861.90        64493.11       514048.00       514048.00      1156451.01
MemFree                 53669.08        55737.37       395641.19       514047.78      1019095.42
MemUsed                 10192.82         8755.75       118406.81            0.22       137355.59
Dirty                       0.01            0.00            0.00            0.00            0.02
Writeback                   0.00            0.00            0.00            0.00            0.00
FilePages                  41.68           31.75        58872.82            0.00        58946.25
AnonPages                 766.96           23.60        59222.54            0.00        60013.10
PageTables                 30.89            0.13          135.42            0.00          166.44
WritebackTmp                0.00            0.00            0.00            0.00            0.00
MemTotal                63861.90        64493.11       514048.00       514048.00      1156451.01
MemFree                 53669.42        55737.37       393890.00       514047.78      1017344.57
MemUsed                 10192.48         8755.75       120158.00            0.22       139106.44
Dirty                       0.01            0.00            0.00            0.00            0.02
Writeback                   0.00            0.00            0.00            0.00            0.00
FilePages                  41.68           31.76        58872.82            0.00        58946.26
AnonPages                 767.12           23.67        60975.39            0.00        61766.18
PageTables                 30.91            0.13          139.29            0.00          170.33
WritebackTmp                0.00            0.00            0.00            0.00            0.00
MemTotal                63861.90        64493.11       514048.00       514048.00      1156451.01
MemFree                 53668.69        55735.89       393903.83       514047.78      1017356.19
MemUsed                 10193.21         8757.22       120144.17            0.22       139094.82
Dirty                       0.00            0.00            0.00            0.00            0.00
Writeback                   0.00            0.00            0.00            0.00            0.00
FilePages                  41.68           31.76        58872.82            0.00        58946.26
AnonPages                 766.27           25.04        60971.38            0.00        61762.69
PageTables                 30.89            0.13          139.29            0.00          170.30
WritebackTmp                0.00            0.00            0.00            0.00            0.00
MemTotal                63861.90        64493.11       514048.00       514048.00      1156451.01
MemFree                 53668.94        55735.64       394947.60       514047.78      1018399.96
MemUsed                 10192.96         8757.47       119100.40            0.22       138051.05
Dirty                       0.01            0.00            0.00            0.00            0.01
Writeback                   0.00            0.00            0.00            0.00            0.00
FilePages                  41.68           31.77        58872.82            0.00        58946.28
AnonPages                 766.33           25.16        59924.54            0.00        60716.03
PageTables                 30.86            0.13          136.42            0.00          167.40
WritebackTmp                0.00            0.00            0.00            0.00            0.00
MemTotal                63861.90        64493.11       514048.00       514048.00      1156451.01
MemFree                 53668.83        55735.89       393681.01       514047.78      1017133.52
MemUsed                 10193.07         8757.22       120366.99            0.22       139317.49
Dirty                       0.00            0.00            0.00            0.00            0.00
Writeback                   0.00            0.00            0.00            0.00            0.00
FilePages                  41.68           31.77        58872.82            0.00        58946.28
AnonPages                 766.33           25.29        61169.39            0.00        61961.00
PageTables                 30.84            0.13          139.64            0.00          170.61
WritebackTmp                0.00            0.00            0.00            0.00            0.00
MemTotal                63861.90        64493.11       514048.00       514048.00      1156451.01
MemFree                 53669.34        55735.40       394607.30       514047.78      1018059.82
MemUsed                 10192.56         8757.71       119440.70            0.22       138391.19
Dirty                       0.01            0.00            0.00            0.00            0.02
Writeback                   0.00            0.00            0.00            0.00            0.00
FilePages                  41.68           31.79        58872.82            0.00        58946.30
AnonPages                 765.48           25.38        60250.54            0.00        61041.40
PageTables                 30.89            0.13          136.62            0.00          167.64
WritebackTmp                0.00            0.00            0.00            0.00            0.00
MemTotal                63861.90        64493.11       514048.00       514048.00      1156451.01
MemFree                 53669.83        55735.40       393901.92       514047.78      1017354.93
MemUsed                 10192.07         8757.71       120146.08            0.22       139096.08
Dirty                       0.01            0.00            0.00            0.00            0.01
Writeback                   0.00            0.00            0.00            0.00            0.00
FilePages                  41.68           31.79        58872.82            0.00        58946.30
AnonPages                 765.41           25.50        60970.85            0.00        61761.77
PageTables                 30.86            0.13          139.29            0.00          170.28
WritebackTmp                0.00            0.00            0.00            0.00            0.00
MemTotal                63861.90        64493.11       514048.00       514048.00      1156451.01
MemFree                 53669.09        55735.59       393778.32       514047.78      1017230.79
MemUsed                 10192.80         8757.52       120269.68            0.22       139220.23
Dirty                       0.01            0.00            0.00            0.00            0.01
Writeback                   0.00            0.00            0.00            0.00            0.00
FilePages                  41.68           31.80        58872.82            0.00        58946.31
AnonPages                 765.44           25.63        61061.39            0.00        61852.46
PageTables                 30.85            0.13          139.41            0.00          170.39
WritebackTmp                0.00            0.00            0.00            0.00            0.00
MemTotal                63861.90        64493.11       514048.00       514048.00      1156451.01
MemFree                 53669.36        55735.10       395564.87       514047.78      1019017.11
MemUsed                 10192.54         8758.01       118483.13            0.22       137433.91
Dirty                       0.00            0.00            0.00            0.00            0.00
Writeback                   0.00            0.00            0.00            0.00            0.00
FilePages                  41.68           31.80        58872.82            0.00        58946.31
AnonPages                 765.11           25.21        59292.53            0.00        60082.85
PageTables                 30.89            0.13          135.19            0.00          166.21
WritebackTmp                0.00            0.00            0.00            0.00            0.00
MemTotal                63861.90        64493.11       514048.00       514048.00      1156451.01
MemFree                 53669.11        55734.61       393747.20       514047.78      1017198.69
MemUsed                 10192.79         8758.50       120300.80            0.22       139252.32
Dirty                       0.01            0.00            0.00            0.00            0.02
Writeback                   0.00            0.00            0.00            0.00            0.00
FilePages                  42.11           32.34        58872.82            0.00        58947.28
AnonPages                 765.21           25.34        61099.37            0.00        61889.93
PageTables                 30.96            0.13          139.56            0.00          170.65
WritebackTmp                0.00            0.00            0.00            0.00            0.00
MemTotal                63861.90        64493.11       514048.00       514048.00      1156451.01
MemFree                 53669.36        55734.68       393904.56       514047.78      1017356.38
MemUsed                 10192.54         8758.43       120143.44            0.22       139094.63
Dirty                       0.07            0.01            0.07            0.00            0.14
Writeback                   0.00            0.00            0.00            0.00            0.00
FilePages                  42.11           32.34        58872.82            0.00        58947.28
AnonPages                 765.12           25.48        60969.54            0.00        61760.14
PageTables                 30.89            0.13          139.31            0.00          170.32
WritebackTmp                0.00            0.00            0.00            0.00            0.00
MemTotal                63861.90        64493.11       514048.00       514048.00      1156451.01
MemFree                 53670.09        55734.43       393897.54       514047.78      1017349.84
MemUsed                 10191.80         8758.68       120150.46            0.22       139101.17
Dirty                       0.02            0.00            0.00            0.00            0.02
Writeback                   0.00            0.00            0.00            0.00            0.00
FilePages                  42.11           32.36        58872.82            0.00        58947.29
AnonPages                 764.20           25.71        60970.21            0.00        61760.12
PageTables                 30.91            0.13          139.31            0.00          170.35
WritebackTmp                0.00            0.00            0.00            0.00            0.00
MemTotal                63861.90        64493.11       514048.00       514048.00      1156451.01
MemFree                 53670.10        55734.19       394308.69       514047.78      1017760.75
MemUsed                 10191.80         8758.93       119739.31            0.22       138690.26
Dirty                       0.00            0.00            0.00            0.00            0.00
Writeback                   0.00            0.00            0.00            0.00            0.00
FilePages                  42.11           32.36        58872.82            0.00        58947.29
AnonPages                 764.24           25.84        60558.53            0.00        61348.61
PageTables                 30.90            0.13          136.36            0.00          167.39
WritebackTmp                0.00            0.00            0.00            0.00            0.00
MemTotal                63861.90        64493.11       514048.00       514048.00      1156451.01
MemFree                 53670.35        55734.25       393666.28       514047.78      1017118.66
MemUsed                 10191.55         8758.86       120381.72            0.22       139332.35
Dirty                       0.02            0.00            0.00            0.00            0.02
Writeback                   0.00            0.00            0.00            0.00            0.00
FilePages                  42.12           32.37        58872.82            0.00        58947.31
AnonPages                 764.13           25.98        61183.37            0.00        61973.49
PageTables                 30.84            0.13          139.68            0.00          170.65
WritebackTmp                0.00            0.00            0.00            0.00            0.00
MemTotal                63861.90        64493.11       514048.00       514048.00      1156451.01
MemFree                 53670.36        55734.01       393548.28       514047.78      1017000.43
MemUsed                 10191.54         8759.11       120499.72            0.22       139450.58
Dirty                       0.01            0.00            0.00            0.00            0.02
Writeback                   0.00            0.00            0.00            0.00            0.00
FilePages                  42.12           32.38        58872.82            0.00        58947.32
AnonPages                 764.23           26.12        61303.37            0.00        62093.73
PageTables                 30.91            0.13          139.95            0.00          170.99
WritebackTmp                0.00            0.00            0.00            0.00            0.00
MemTotal                63861.90        64493.11       514048.00       514048.00      1156451.01
MemFree                 53668.38        55733.76       394282.56       514047.78      1017732.48
MemUsed                 10193.52         8759.35       119765.44            0.22       138718.53
Dirty                       0.00            0.00            0.00            0.00            0.00
Writeback                   0.00            0.00            0.00            0.00            0.00
FilePages                  42.12           32.39        58872.82            0.00        58947.33
AnonPages                 766.20           26.24        60576.53            0.00        61368.97
PageTables                 30.89            0.13          137.03            0.00          168.04
WritebackTmp                0.00            0.00            0.00            0.00            0.00
MemTotal                63861.90        64493.11       514048.00       514048.00      1156451.01
MemFree                 53667.64        55733.52       395032.38       514047.78      1018481.32
MemUsed                 10194.26         8759.60       119015.62            0.22       137969.70
Dirty                       0.01            0.00            0.00            0.00            0.01
Writeback                   0.00            0.00            0.00            0.00            0.00
FilePages                  42.12           32.39        58872.82            0.00        58947.34
AnonPages                 766.20           26.39        59834.53            0.00        60627.11
PageTables                 30.89            0.13          135.39            0.00          166.41
WritebackTmp                0.00            0.00            0.00            0.00            0.00
