MemTotal                63856.97        64493.11       514048.00       514048.00      1156446.08
MemFree                 50385.48        55829.09       514039.34       514047.91      1134301.82
MemUsed                 13471.48         8664.02            8.66            0.09        22144.26
Dirty                       0.11            0.05            0.00            0.00            0.16
Writeback                   0.00            0.00            0.00            0.00            0.00
FilePages                 462.27           15.72            0.12            0.00          478.11
AnonPages                3941.31           18.30            0.00            0.00         3959.62
PageTables                 46.63            0.29            0.00            0.00           46.91
WritebackTmp                0.00            0.00            0.00            0.00            0.00
MemTotal                63856.97        64493.11       514048.00       514048.00      1156446.08
MemFree                 45247.36        55828.10       513465.45       514047.91      1128588.82
MemUsed                 18609.61         8665.01          582.55            0.09        27857.26
Dirty                       0.14            0.04            0.00            0.00            0.19
Writeback                   0.00            0.00            0.00            0.00            0.00
FilePages                 463.11           16.38            0.12            0.00          479.61
AnonPages                9057.50           18.40          575.69            0.00         9651.59
PageTables                 57.86            0.29            0.00            0.00           58.14
WritebackTmp                0.00            0.00            0.00            0.00            0.00
MemTotal                63856.97        64493.11       514048.00       514048.00      1156446.08
MemFree                 45233.16        55828.46       509926.13       514047.91      1125035.65
MemUsed                 18623.81         8664.65         4121.87            0.09        31410.43
Dirty                       0.00            0.02            0.02            0.00            0.03
Writeback                   0.00            0.00            0.00            0.00            0.00
FilePages                 461.06           16.39            2.17            0.00          479.62
AnonPages                9058.67           18.40         4112.24            0.00        13189.31
PageTables                 64.42            0.29            0.00            0.00           64.71
WritebackTmp                0.00            0.00            0.00            0.00            0.00
MemTotal                63856.97        64493.11       514048.00       514048.00      1156446.08
MemFree                 45219.28        55828.70       506480.32       514047.91      1121576.21
MemUsed                 18637.69         8664.41         7567.68            0.09        34869.87
Dirty                       0.11            0.06            0.00            0.00            0.18
Writeback                   0.00            0.00            0.00            0.00            0.00
FilePages                 459.52           16.41            3.71            0.00          479.64
AnonPages                9059.64           18.40         7556.59            0.00        16634.63
PageTables                 71.51            0.29            0.00            0.00           71.79
WritebackTmp                0.00            0.00            0.00            0.00            0.00
MemTotal                63856.97        64493.11       514048.00       514048.00      1156446.08
MemFree                 45208.32        55828.70       503441.14       514047.91      1118526.07
MemUsed                 18648.65         8664.41        10606.86            0.09        37920.01
Dirty                       0.17            0.04            0.02            0.00            0.22
Writeback                   0.00            0.00            0.00            0.00            0.00
FilePages                 459.42           16.42            3.81            0.00          479.65
AnonPages                9059.62           18.40        10594.86            0.00        19672.88
PageTables                 76.94            0.29            0.00            0.00           77.22
WritebackTmp                0.00            0.00            0.00            0.00            0.00
MemTotal                63856.97        64493.11       514048.00       514048.00      1156446.08
MemFree                 45195.64        55827.48       500228.99       514047.91      1115300.02
MemUsed                 18661.32         8665.63        13819.01            0.09        41146.06
Dirty                       0.29            0.12            0.00            0.00            0.42
Writeback                   0.00            0.00            0.00            0.00            0.00
FilePages                 459.43           17.66            3.81            0.00          480.90
AnonPages                9059.95           18.40        13806.15            0.00        22884.50
PageTables                 83.48            0.29            0.00            0.00           83.76
WritebackTmp                0.00            0.00            0.00            0.00            0.00
MemTotal                63856.97        64493.11       514048.00       514048.00      1156446.08
MemFree                 45181.26        55826.98       496841.51       514047.91      1111897.66
MemUsed                 18675.71         8666.12        17206.49            0.09        44548.42
Dirty                       0.16            0.10            0.02            0.00            0.27
Writeback                   0.00            0.00            0.00            0.00            0.00
FilePages                 459.43           18.02            3.81            0.00          481.27
AnonPages                9060.23           18.40        17192.64            0.00        26271.27
PageTables                 90.18            0.29            0.00            0.00           90.46
WritebackTmp                0.00            0.00            0.00            0.00            0.00
MemTotal                63856.97        64493.11       514048.00       514048.00      1156446.08
MemFree                 45171.22        55826.74       493934.54       514047.91      1108980.40
MemUsed                 18685.75         8666.37        20113.46            0.09        47465.68
Dirty                       0.20            0.11            0.00            0.00            0.31
Writeback                   0.00            0.00            0.00            0.00            0.00
FilePages                 459.43           18.39            3.81            0.00          481.64
AnonPages                9058.92           18.40        20100.32            0.00        29177.64
PageTables                 95.96            0.29            0.00            0.00           96.25
WritebackTmp                0.00            0.00            0.00            0.00            0.00
MemTotal                63856.97        64493.11       514048.00       514048.00      1156446.08
MemFree                 45162.60        55826.52       491303.06       514047.91      1106340.08
MemUsed                 18694.37         8666.59        22744.94            0.09        50106.00
Dirty                       0.09            0.05            0.02            0.00            0.15
Writeback                   0.01            0.00            0.00            0.00            0.01
FilePages                 459.43           18.40            3.81            0.00          481.65
AnonPages                9058.93           18.40        22730.23            0.00        31807.56
PageTables                100.67            0.29            0.00            0.00          100.95
WritebackTmp                0.00            0.00            0.00            0.00            0.00
MemTotal                63856.97        64493.11       514048.00       514048.00      1156446.08
MemFree                 45148.12        55826.52       488387.18       514047.91      1103409.72
MemUsed                 18708.85         8666.59        25660.82            0.09        53036.36
Dirty                       0.03            0.05            0.00            0.00            0.09
Writeback                   0.00            0.05            0.00            0.00            0.05
FilePages                 460.20           18.72            3.81            0.00          482.73
AnonPages                9060.38           18.40        25646.81            0.00        34725.59
PageTables                106.81            0.29            0.00            0.00          107.09
WritebackTmp                0.00            0.00            0.00            0.00            0.00
MemTotal                63856.97        64493.11       514048.00       514048.00      1156446.08
MemFree                 45121.21        55826.53       486381.59       514047.91      1101377.23
MemUsed                 18735.75         8666.58        27666.41            0.09        55068.84
Dirty                       0.38            0.12            0.02            0.00            0.51
Writeback                   0.00            0.00            0.00            0.00            0.00
FilePages                 501.30           18.74            3.82            0.00          523.86
AnonPages                9038.45           18.41        27652.50            0.00        36709.36
PageTables                110.80            0.29            0.00            0.00          111.09
WritebackTmp                0.00            0.00            0.00            0.00            0.00
MemTotal                63856.97        64493.11       514048.00       514048.00      1156446.08
MemFree                 44929.95        55825.83       486380.93       514047.91      1101184.61
MemUsed                 18927.02         8667.28        27667.07            0.09        55261.46
Dirty                       0.59            0.15            0.00            0.00            0.74
Writeback                   0.00            0.00            0.00            0.00            0.00
FilePages                 535.95           19.15            3.82            0.00          558.92
AnonPages                9196.96           18.41        27654.59            0.00        36869.95
PageTables                110.95            0.29            0.00            0.00          111.24
WritebackTmp                0.00            0.00            0.00            0.00            0.00
MemTotal                63856.97        64493.11       514048.00       514048.00      1156446.08
MemFree                 44995.52        55825.34       486380.07       514047.91      1101248.84
MemUsed                 18861.45         8667.77        27667.93            0.09        55197.23
Dirty                       0.22            0.11            0.02            0.00            0.35
Writeback                   0.00            0.00            0.00            0.00            0.00
FilePages                 546.40           19.42            3.82            0.00          569.64
AnonPages                9121.27           18.41        27656.44            0.00        36796.11
PageTables                111.36            0.29            0.00            0.00          111.65
WritebackTmp                0.00            0.00            0.00            0.00            0.00
MemTotal                63856.97        64493.11       514048.00       514048.00      1156446.08
MemFree                 44965.86        55824.64       486376.94       514047.91      1101215.34
MemUsed                 18891.11         8668.47        27671.06            0.09        55230.74
Dirty                       0.36            0.13            0.00            0.00            0.49
Writeback                   0.00            0.00            0.00            0.00            0.00
FilePages                 547.34           19.74            3.82            0.00          570.90
AnonPages                9151.15           18.41        27660.31            0.00        36829.87
PageTables                111.28            0.29            0.00            0.00          111.57
WritebackTmp                0.00            0.00            0.00            0.00            0.00
MemTotal                63856.97        64493.11       514048.00       514048.00      1156446.08
MemFree                 45016.70        55824.46       486375.41       514047.91      1101264.48
MemUsed                 18840.27         8668.65        27672.59            0.09        55181.60
Dirty                       0.48            0.12            0.02            0.00            0.62
Writeback                   0.00            0.00            0.00            0.00            0.00
FilePages                 547.43           20.03            3.82            0.00          571.27
AnonPages                9099.52           18.41        27662.13            0.00        36780.06
PageTables                110.42            0.29            0.00            0.00          110.70
WritebackTmp                0.00            0.00            0.00            0.00            0.00
MemTotal                63856.97        64493.11       514048.00       514048.00      1156446.08
MemFree                 44983.27        55824.46       486373.75       514047.91      1101229.39
MemUsed                 18873.70         8668.65        27674.25            0.09        55216.69
Dirty                       0.09            0.15            0.00            0.00            0.25
Writeback                   0.00            0.00            0.00            0.00            0.00
FilePages                 548.75           20.13            3.82            0.00          572.70
AnonPages                9132.71           18.41        27664.00            0.00        36815.13
PageTables                110.84            0.29            0.00            0.00          111.12
WritebackTmp                0.00            0.00            0.00            0.00            0.00
MemTotal                63856.97        64493.11       514048.00       514048.00      1156446.08
MemFree                 45030.12        55823.96       486372.07       514047.91      1101274.05
MemUsed                 18826.85         8669.14        27675.93            0.09        55172.02
Dirty                       0.25            0.10            0.02            0.00            0.37
Writeback                   0.00            0.00            0.00            0.00            0.00
FilePages                 550.07           20.21            3.82            0.00          574.09
AnonPages                9083.94           18.54        27665.98            0.00        36768.46
PageTables                110.80            0.29            0.00            0.00          111.08
WritebackTmp                0.00            0.00            0.00            0.00            0.00
MemTotal                63856.97        64493.11       514048.00       514048.00      1156446.08
MemFree                 44994.33        55823.48       486368.14       514047.91      1101233.86
MemUsed                 18862.64         8669.62        27679.86            0.09        55212.22
Dirty                       0.49            0.12            0.00            0.00            0.62
Writeback                   0.00            0.00            0.00            0.00            0.00
FilePages                 550.89           20.23            3.82            0.00          574.95
AnonPages                9120.68           18.54        27669.72            0.00        36808.94
PageTables                111.05            0.29            0.00            0.00          111.34
WritebackTmp                0.00            0.00            0.00            0.00            0.00
MemTotal                63856.97        64493.11       514048.00       514048.00      1156446.08
MemFree                 44995.42        55823.48       486366.17       514047.91      1101232.98
MemUsed                 18861.55         8669.62        27681.83            0.09        55213.10
Dirty                       0.58            0.14            0.02            0.00            0.73
Writeback                   0.00            0.00            0.00            0.00            0.00
FilePages                 550.71           20.25            3.82            0.00          574.78
AnonPages                9119.45           18.54        27671.62            0.00        36809.61
PageTables                111.05            0.29            0.00            0.00          111.34
WritebackTmp                0.00            0.00            0.00            0.00            0.00
MemTotal                63856.97        64493.11       514048.00       514048.00      1156446.08
MemFree                 45034.34        55823.28       486364.80       514047.91      1101270.33
MemUsed                 18822.62         8669.83        27683.20            0.09        55175.75
Dirty                       0.71            0.16            0.00            0.00            0.88
Writeback                   0.01            0.00            0.00            0.00            0.01
FilePages                 553.93           20.27            3.82            0.00          578.02
AnonPages                9076.39           18.55        27673.59            0.00        36768.54
PageTables                110.89            0.29            0.00            0.00          111.18
WritebackTmp                0.00            0.00            0.00            0.00            0.00
MemTotal                63856.97        64493.11       514048.00       514048.00      1156446.08
MemFree                 45013.92        55813.18       486363.58       514047.91      1101238.58
MemUsed                 18843.05         8679.93        27684.42            0.09        55207.50
Dirty                       0.25            0.13            0.02            0.00            0.40
Writeback                   0.00            0.00            0.00            0.00            0.00
FilePages                 573.05           22.46            3.82            0.00          599.34
AnonPages                9075.29           20.67        27675.50            0.00        36771.46
PageTables                112.36            0.36            0.00            0.00          112.72
WritebackTmp                0.00            0.00            0.00            0.00            0.00
MemTotal                63856.97        64493.11       514048.00       514048.00      1156446.08
MemFree                 45018.42        55812.95       486359.78       514047.91      1101239.05
MemUsed                 18838.55         8680.16        27688.22            0.09        55207.03
Dirty                       0.13            0.07            0.00            0.00            0.20
Writeback                   0.00            0.00            0.00            0.00            0.00
FilePages                 573.61           22.70            3.82            0.00          600.14
AnonPages                9071.65           20.68        27679.34            0.00        36771.67
PageTables                111.02            0.36            0.00            0.00          111.38
WritebackTmp                0.00            0.00            0.00            0.00            0.00
MemTotal                63856.97        64493.11       514048.00       514048.00      1156446.08
MemFree                 45020.22        55785.66       486357.81       514047.91      1101211.60
MemUsed                 18836.75         8707.45        27690.19            0.09        55234.48
Dirty                       0.16            0.09            0.02            0.00            0.27
Writeback                   0.00            0.00            0.00            0.00            0.00
FilePages                 573.61           49.62            3.82            0.00          627.06
AnonPages                9070.16           20.69        27681.17            0.00        36772.02
PageTables                110.93            0.36            0.00            0.00          111.29
WritebackTmp                0.00            0.00            0.00            0.00            0.00
MemTotal                63856.97        64493.11       514048.00       514048.00      1156446.08
MemFree                 45021.23        55785.66       486355.84       514047.91      1101210.64
MemUsed                 18835.74         8707.45        27692.16            0.09        55235.44
Dirty                       0.09            0.07            0.00            0.00            0.16
Writeback                   0.00            0.00            0.00            0.00            0.00
FilePages                 574.11           49.64            3.82            0.00          627.58
AnonPages                9068.61           20.69        27683.04            0.00        36772.34
PageTables                110.97            0.36            0.00            0.00          111.33
WritebackTmp                0.00            0.00            0.00            0.00            0.00
MemTotal                63856.97        64493.11       514048.00       514048.00      1156446.08
MemFree                 45023.22        55785.66       486354.15       514047.91      1101210.94
MemUsed                 18833.75         8707.45        27693.85            0.09        55235.14
Dirty                       0.06            0.04            0.02            0.00            0.11
Writeback                   0.00            0.02            0.00            0.00            0.02
FilePages                 574.89           49.66            3.83            0.00          628.37
AnonPages                9066.77           20.70        27684.97            0.00        36772.45
PageTables                111.10            0.36            0.00            0.00          111.46
WritebackTmp                0.00            0.00            0.00            0.00            0.00
MemTotal                63856.97        64493.11       514048.00       514048.00      1156446.08
MemFree                 45027.28        55785.85       486350.65       514047.91      1101211.69
MemUsed                 18829.69         8707.26        27697.35            0.09        55234.39
Dirty                       0.22            0.11            0.00            0.00            0.33
Writeback                   0.00            0.00            0.00            0.00            0.00
FilePages                 574.89           49.67            3.83            0.00          628.39
AnonPages                9062.78           20.70        27688.75            0.00        36772.24
PageTables                110.96            0.36            0.00            0.00          111.32
WritebackTmp                0.00            0.00            0.00            0.00            0.00
MemTotal                63856.97        64493.11       514048.00       514048.00      1156446.08
MemFree                 44985.55        55785.60       486348.93       514047.91      1101167.99
MemUsed                 18871.42         8707.51        27699.07            0.09        55278.09
Dirty                       0.28            0.13            0.02            0.00            0.43
Writeback                   0.00            0.00            0.00            0.00            0.00
FilePages                 578.11           49.68            3.83            0.00          631.61
AnonPages                9103.31           20.71        27690.65            0.00        36814.66
PageTables                111.04            0.36            0.00            0.00          111.40
WritebackTmp                0.00            0.00            0.00            0.00            0.00
MemTotal                63856.97        64493.11       514048.00       514048.00      1156446.08
MemFree                 45076.58        55785.62       486346.98       514047.91      1101257.09
MemUsed                 18780.39         8707.48        27701.02            0.09        55188.99
Dirty                      19.36            0.11            0.00            0.00           19.46
Writeback                   0.04            0.00            0.00            0.00            0.04
FilePages                 617.51           49.70            3.83            0.00          671.04
AnonPages                8971.36           20.71        27692.52            0.00        36684.59
PageTables                110.86            0.36            0.00            0.00          111.21
WritebackTmp                0.00            0.00            0.00            0.00            0.00
MemTotal                63856.97        64493.11       514048.00       514048.00      1156446.08
MemFree                 44897.32        55785.63       486345.57       514047.91      1101076.43
MemUsed                 18959.64         8707.48        27702.43            0.09        55369.65
Dirty                       0.66            0.07            0.02            0.00            0.74
Writeback                   0.00            0.00            0.00            0.00            0.00
FilePages                 619.37           49.73            3.83            0.00          672.93
AnonPages                9151.18           20.71        27694.45            0.00        36866.34
PageTables                111.21            0.36            0.00            0.00          111.57
WritebackTmp                0.00            0.00            0.00            0.00            0.00
MemTotal                63856.97        64493.11       514048.00       514048.00      1156446.08
MemFree                 44897.49        55785.63       486341.92       514047.91      1101072.95
MemUsed                 18959.48         8707.48        27706.08            0.09        55373.13
Dirty                       0.92            0.02            0.00            0.00            0.93
Writeback                   0.06            0.00            0.00            0.00            0.06
FilePages                 620.34           49.74            3.84            0.00          673.92
AnonPages                9148.76           20.71        27698.29            0.00        36867.75
PageTables                111.21            0.36            0.00            0.00          111.57
WritebackTmp                0.00            0.00            0.00            0.00            0.00
MemTotal                63856.97        64493.11       514048.00       514048.00      1156446.08
MemFree                 44846.61        55785.63       486340.27       514047.91      1101020.41
MemUsed                 19010.36         8707.48        27707.73            0.09        55425.66
Dirty                       0.77            0.12            0.02            0.00            0.90
Writeback                   0.00            0.00            0.00            0.00            0.00
FilePages                 620.39           49.77            3.84            0.00          673.99
AnonPages                9200.74           20.63        27700.20            0.00        36921.57
PageTables                111.57            0.36            0.00            0.00          111.93
WritebackTmp                0.00            0.00            0.00            0.00            0.00
MemTotal                63856.97        64493.11       514048.00       514048.00      1156446.08
MemFree                 44878.49        55785.77       486338.61       514047.91      1101050.77
MemUsed                 18978.48         8707.34        27709.39            0.09        55395.31
Dirty                       0.53            0.09            0.00            0.00            0.62
Writeback                   0.00            0.00            0.00            0.00            0.00
FilePages                 620.30           49.78            3.84            0.00          673.91
AnonPages                9167.63           20.67        27702.11            0.00        36890.41
PageTables                111.80            0.36            0.00            0.00          112.16
WritebackTmp                0.00            0.00            0.00            0.00            0.00
MemTotal                63856.97        64493.11       514048.00       514048.00      1156446.08
MemFree                 44997.04        55785.82       486336.95       514047.91      1101167.72
MemUsed                 18859.93         8707.29        27711.05            0.09        55278.36
Dirty                       0.66            0.12            0.02            0.00            0.80
Writeback                   0.00            0.00            0.00            0.00            0.00
FilePages                 621.76           49.80            3.84            0.00          675.39
AnonPages                9044.58           20.61        27703.96            0.00        36769.15
PageTables                111.22            0.36            0.00            0.00          111.58
WritebackTmp                0.00            0.00            0.00            0.00            0.00
MemTotal                63856.97        64493.11       514048.00       514048.00      1156446.08
MemFree                 45001.12        55549.09       486333.17       514047.91      1100931.29
MemUsed                 18855.84         8944.02        27714.83            0.09        55514.79
Dirty                       0.55            2.00            0.00            0.00            2.56
Writeback                   0.00            0.00            0.00            0.00            0.00
FilePages                 622.05           63.68            3.84            0.00          689.57
AnonPages                9041.54          243.98        27707.78            0.00        36993.30
PageTables                111.52            0.76            0.00            0.00          112.29
WritebackTmp                0.00            0.00            0.00            0.00            0.00
MemTotal                63856.97        64493.11       514048.00       514048.00      1156446.08
MemFree                 45032.46        55477.63       486331.20       514047.91      1100889.20
MemUsed                 18824.50         9015.48        27716.80            0.09        55556.88
Dirty                       0.72            4.14            0.02            0.00            4.88
Writeback                   0.00            0.00            0.00            0.00            0.00
FilePages                 622.60           65.85            3.84            0.00          692.29
AnonPages                9009.79          313.66        27709.73            0.00        37033.19
PageTables                111.53            1.13            0.00            0.00          112.66
WritebackTmp                0.00            0.00            0.00            0.00            0.00
MemTotal                63856.97        64493.11       514048.00       514048.00      1156446.08
MemFree                 45111.49        55766.77       486329.25       514047.91      1101255.41
MemUsed                 18745.48         8726.34        27718.75            0.09        55190.67
Dirty                       0.63            7.59            0.00            0.00            8.23
Writeback                   0.00            0.00            0.00            0.00            0.00
FilePages                 623.19           69.39            3.84            0.00          696.42
AnonPages                8930.28           20.65        27711.65            0.00        36662.58
PageTables                111.29            0.36            0.00            0.00          111.65
WritebackTmp                0.00            0.00            0.00            0.00            0.00
MemTotal                63856.97        64493.11       514048.00       514048.00      1156446.08
MemFree                 45112.06        55766.31       486327.83       514047.91      1101254.11
MemUsed                 18744.91         8726.80        27720.17            0.09        55191.97
Dirty                       0.79            7.71            0.02            0.00            8.52
Writeback                   0.00            0.00            0.00            0.00            0.00
FilePages                 622.91           69.41            3.84            0.00          696.17
AnonPages                8930.02           20.65        27713.50            0.00        36664.17
PageTables                111.39            0.36            0.00            0.00          111.75
WritebackTmp                0.00            0.00            0.00            0.00            0.00
MemTotal                63856.97        64493.11       514048.00       514048.00      1156446.08
MemFree                 45114.09        55766.09       486325.94       514047.91      1101254.02
MemUsed                 18742.88         8727.02        27722.06            0.09        55192.06
Dirty                       0.52            7.67            0.00            0.00            8.20
Writeback                   0.00            0.00            0.00            0.00            0.00
FilePages                 622.91           69.42            3.84            0.00          696.17
AnonPages                8928.04           20.66        27715.44            0.00        36664.13
PageTables                111.43            0.36            0.00            0.00          111.79
WritebackTmp                0.00            0.00            0.00            0.00            0.00
MemTotal                63856.97        64493.11       514048.00       514048.00      1156446.08
MemFree                 45117.59        55766.09       486322.25       514047.91      1101253.83
MemUsed                 18739.38         8727.02        27725.75            0.09        55192.25
Dirty                       0.28            7.70            0.02            0.00            7.99
Writeback                   0.00            0.00            0.00            0.00            0.00
FilePages                 622.91           69.44            3.84            0.00          696.20
AnonPages                8924.70           20.66        27719.25            0.00        36664.60
PageTables                111.19            0.36            0.00            0.00          111.55
WritebackTmp                0.00            0.00            0.00            0.00            0.00
MemTotal                63856.97        64493.11       514048.00       514048.00      1156446.08
MemFree                 45080.34        55766.09       486320.04       514047.91      1101214.37
MemUsed                 18776.63         8727.02        27727.96            0.09        55231.71
Dirty                       0.10            7.67            0.00            0.00            7.77
Writeback                   0.00            0.00            0.00            0.00            0.00
FilePages                 622.91           69.45            3.84            0.00          696.20
AnonPages                8962.88           20.66        27721.11            0.00        36704.65
PageTables                111.27            0.36            0.00            0.00          111.63
WritebackTmp                0.00            0.00            0.00            0.00            0.00
MemTotal                63856.97        64493.11       514048.00       514048.00      1156446.08
MemFree                 45063.70        55766.09       486318.38       514047.91      1101196.07
MemUsed                 18793.27         8727.02        27729.62            0.09        55250.00
Dirty                       0.19            5.74            0.02            0.00            5.95
Writeback                   0.00            0.00            0.00            0.00            0.00
FilePages                 622.93           69.47            3.84            0.00          696.24
AnonPages                8981.14           20.66        27722.98            0.00        36724.77
PageTables                111.40            0.36            0.00            0.00          111.76
WritebackTmp                0.00            0.00            0.00            0.00            0.00
MemTotal                63856.97        64493.11       514048.00       514048.00      1156446.08
MemFree                 45063.04        55765.38       486316.65       514047.88      1101192.94
MemUsed                 18793.93         8727.73        27731.35            0.12        55253.14
Dirty                       0.01            1.97            0.00            0.00            1.98
Writeback                   0.00            0.00            0.00            0.00            0.00
FilePages                 625.43           69.49            3.84            0.00          698.77
AnonPages                8980.30           20.46        27724.91            0.00        36725.66
PageTables                111.73            0.36            0.00            0.00          112.09
WritebackTmp                0.00            0.00            0.00            0.00            0.00
MemTotal                63856.97        64493.11       514048.00       514048.00      1156446.08
MemFree                 45067.49        55765.82       486312.88       514047.88      1101194.07
MemUsed                 18789.48         8727.29        27735.12            0.12        55252.01
Dirty                       0.32            0.11            0.02            0.00            0.45
Writeback                   0.00            0.02            0.00            0.00            0.02
FilePages                 625.44           69.51            3.84            0.00          698.79
AnonPages                8975.76           20.34        27728.78            0.00        36724.88
PageTables                111.72            0.36            0.00            0.00          112.08
WritebackTmp                0.00            0.00            0.00            0.00            0.00
MemTotal                63856.97        64493.11       514048.00       514048.00      1156446.08
MemFree                 45068.77        55765.82       486311.13       514047.88      1101193.60
MemUsed                 18788.20         8727.29        27736.87            0.12        55252.48
Dirty                       0.17            0.08            0.00            0.00            0.25
Writeback                   0.00            0.00            0.00            0.00            0.00
FilePages                 625.44           69.52            3.85            0.00          698.81
AnonPages                8974.40           20.34        27730.67            0.00        36725.41
PageTables                111.70            0.36            0.00            0.00          112.05
WritebackTmp                0.00            0.00            0.00            0.00            0.00
MemTotal                63856.97        64493.11       514048.00       514048.00      1156446.08
MemFree                 45070.77        55765.58       486309.22       514047.88      1101193.44
MemUsed                 18786.20         8727.53        27738.78            0.12        55252.64
Dirty                       0.28            0.11            0.02            0.00            0.41
Writeback                   0.00            0.00            0.00            0.00            0.00
FilePages                 625.44           69.54            3.85            0.00          698.83
AnonPages                8972.19           20.34        27732.62            0.00        36725.14
PageTables                111.72            0.36            0.00            0.00          112.08
WritebackTmp                0.00            0.00            0.00            0.00            0.00
MemTotal                63856.97        64493.11       514048.00       514048.00      1156446.08
MemFree                 45071.58        55765.81       486307.61       514047.88      1101192.88
MemUsed                 18785.39         8727.30        27740.39            0.12        55253.20
Dirty                       0.11            0.08            0.00            0.00            0.19
Writeback                   0.00            0.00            0.00            0.00            0.00
FilePages                 625.44           69.54            3.85            0.00          698.83
AnonPages                8971.08           20.34        27734.51            0.00        36725.92
PageTables                111.69            0.36            0.00            0.00          112.05
WritebackTmp                0.00            0.00            0.00            0.00            0.00
MemTotal                63856.97        64493.11       514048.00       514048.00      1156446.08
MemFree                 45076.04        55765.81       486303.68       514047.88      1101193.41
MemUsed                 18780.93         8727.30        27744.32            0.12        55252.67
Dirty                       0.06            0.02            0.02            0.00            0.09
Writeback                   0.00            0.00            0.00            0.00            0.00
FilePages                 625.44           69.57            3.85            0.00          698.86
AnonPages                8966.22           20.34        27738.31            0.00        36724.86
PageTables                111.68            0.36            0.00            0.00          112.04
WritebackTmp                0.00            0.00            0.00            0.00            0.00
MemTotal                63856.97        64493.11       514048.00       514048.00      1156446.08
MemFree                 45077.30        55765.57       486301.71       514047.88      1101192.46
MemUsed                 18779.66         8727.54        27746.29            0.12        55253.62
Dirty                       0.23            0.09            0.00            0.00            0.32
Writeback                   0.00            0.00            0.00            0.00            0.00
FilePages                 625.45           69.86            3.85            0.00          699.15
AnonPages                8964.46           20.34        27740.16            0.00        36724.95
PageTables                111.64            0.36            0.00            0.00          112.00
WritebackTmp                0.00            0.00            0.00            0.00            0.00
MemTotal                63856.97        64493.11       514048.00       514048.00      1156446.08
MemFree                 45079.83        55765.57       486299.74       514047.88      1101193.01
MemUsed                 18777.14         8727.54        27748.26            0.12        55253.07
Dirty                       0.29            0.12            0.02            0.00            0.43
Writeback                   0.00            0.00            0.00            0.00            0.00
FilePages                 625.44           69.88            3.85            0.00          699.17
AnonPages                8962.41           20.34        27742.12            0.00        36724.88
PageTables                111.68            0.36            0.00            0.00          112.04
WritebackTmp                0.00            0.00            0.00            0.00            0.00
MemTotal                63856.97        64493.11       514048.00       514048.00      1156446.08
MemFree                 45081.36        55765.35       486297.80       514047.88      1101192.38
MemUsed                 18775.61         8727.76        27750.20            0.12        55253.70
Dirty                       0.15            0.09            0.00            0.00            0.25
Writeback                   0.00            0.00            0.00            0.00            0.00
FilePages                 625.44           69.89            3.85            0.00          699.18
AnonPages                8961.01           20.34        27744.04            0.00        36725.38
PageTables                111.68            0.36            0.00            0.00          112.04
WritebackTmp                0.00            0.00            0.00            0.00            0.00
MemTotal                63888.29        64461.79       514048.00       514048.00      1156446.08
MemFree                 50573.11        55773.88       514047.97       514047.94      1134442.89
MemUsed                 13315.18         8687.91            0.03            0.06        22003.18
Dirty                      20.91           24.37            0.00            0.00           45.28
Writeback                   0.01            0.00            0.00            0.00            0.02
FilePages                 415.40           41.63            0.00            0.00          457.03
AnonPages                3861.86           21.61            0.00            0.00         3883.47
PageTables                 38.21            0.45            0.00            0.00           38.66
WritebackTmp                0.00            0.00            0.00            0.00            0.00
MemTotal                63888.29        64461.79       514048.00       514048.00      1156446.08
MemFree                 45428.00        55754.88       513323.96       514047.94      1128554.78
MemUsed                 18460.28         8706.92          724.04            0.06        27891.30
Dirty                      17.07           11.08            0.00            0.00           28.15
Writeback                   0.00            0.00            0.00            0.00            0.00
FilePages                 416.15           54.38            0.00            0.00          470.53
AnonPages                8977.62           21.75          723.04            0.00         9722.41
PageTables                 49.79            0.48            0.00            0.00           50.26
WritebackTmp                0.00            0.00            0.00            0.00            0.00
MemTotal                63888.29        64461.79       514048.00       514048.00      1156446.08
MemFree                 45414.45        55755.54       509813.50       514047.94      1125031.43
MemUsed                 18473.84         8706.25         4234.50            0.06        31414.65
Dirty                       0.09            8.94            0.02            0.00            9.05
Writeback                   0.34            0.36            0.00            0.00            0.69
FilePages                 412.36           54.40            3.79            0.00          470.55
AnonPages                8980.28           21.75         4228.50            0.00        13230.53
PageTables                 56.71            0.48            0.00            0.00           57.19
WritebackTmp                0.00            0.00            0.00            0.00            0.00
MemTotal                63888.29        64461.79       514048.00       514048.00      1156446.08
MemFree                 45401.89        55755.79       506485.09       514047.94      1121690.70
MemUsed                 18486.39         8706.01         7562.91            0.06        34755.38
Dirty                       0.27            8.98            0.00            0.00            9.25
Writeback                   0.00            0.00            0.00            0.00            0.00
FilePages                 412.28           54.41            3.88            0.00          470.57
AnonPages                8980.46           21.75         7556.48            0.00        16558.69
PageTables                 62.87            0.48            0.00            0.00           63.34
WritebackTmp                0.00            0.00            0.00            0.00            0.00
MemTotal                63888.29        64461.79       514048.00       514048.00      1156446.08
MemFree                 45393.68        55755.79       503220.16       514047.94      1118417.57
MemUsed                 18494.61         8706.00        10827.84            0.06        38028.51
Dirty                       0.37            9.01            0.02            0.00            9.39
Writeback                   0.03            0.00            0.00            0.00            0.03
FilePages                 412.28           54.42            3.88            0.00          470.58
AnonPages                8974.84           21.75        10820.73            0.00        19817.32
PageTables                 69.08            0.48            0.00            0.00           69.55
WritebackTmp                0.00            0.00            0.00            0.00            0.00
MemTotal                63888.29        64461.79       514048.00       514048.00      1156446.08
MemFree                 45383.79        55755.30       500084.19       514047.94      1115271.21
MemUsed                 18504.49         8706.50        13963.81            0.06        41174.86
Dirty                       0.60            4.62            0.00            0.00            5.23
Writeback                   0.00            0.00            0.00            0.00            0.00
FilePages                 412.29           54.44            3.89            0.00          470.61
AnonPages                8974.64           21.97        13956.47            0.00        22953.09
PageTables                 75.45            0.48            0.00            0.00           75.93
WritebackTmp                0.00            0.00            0.00            0.00            0.00
MemTotal                63888.29        64461.79       514048.00       514048.00      1156446.08
MemFree                 45377.83        55755.30       496628.29       514047.94      1111809.36
MemUsed                 18510.46         8706.49        17419.71            0.06        44636.71
Dirty                       0.18            0.09            0.02            0.00            0.28
Writeback                   0.00            0.00            0.00            0.00            0.00
FilePages                 412.42           54.46            3.89            0.00          470.76
AnonPages                8966.96           21.97        17412.35            0.00        26401.29
PageTables                 82.42            0.48            0.00            0.00           82.89
WritebackTmp                0.00            0.00            0.00            0.00            0.00
MemTotal                63888.29        64461.79       514048.00       514048.00      1156446.08
MemFree                 45367.59        55755.82       493811.33       514047.94      1108982.68
MemUsed                 18520.70         8705.97        20236.67            0.06        47463.40
Dirty                       0.21            0.10            0.00            0.00            0.31
Writeback                   0.00            0.00            0.00            0.00            0.00
FilePages                 412.42           54.47            3.89            0.00          470.78
AnonPages                8965.23           21.79        20228.54            0.00        29215.55
PageTables                 87.79            0.48            0.00            0.00           88.27
WritebackTmp                0.00            0.00            0.00            0.00            0.00
MemTotal                63888.29        64461.79       514048.00       514048.00      1156446.08
MemFree                 45353.65        55755.83       490867.14       514047.94      1106024.56
MemUsed                 18534.64         8705.96        23180.86            0.06        50421.52
Dirty                       0.12            0.08            0.02            0.00            0.21
Writeback                   0.00            0.00            0.00            0.00            0.00
FilePages                 412.42           54.48            3.89            0.00          470.79
AnonPages                8965.47           21.79        23172.39            0.00        32159.65
PageTables                 93.30            0.48            0.00            0.00           93.77
WritebackTmp                0.00            0.00            0.00            0.00            0.00
MemTotal                63888.29        64461.79       514048.00       514048.00      1156446.08
MemFree                 45341.64        55755.83       487923.09       514047.94      1103068.50
MemUsed                 18546.64         8705.96        26124.91            0.06        53377.57
Dirty                       0.09            0.10            0.00            0.00            0.19
Writeback                   0.03            0.00            0.00            0.00            0.03
FilePages                 413.02           54.50            3.89            0.00          471.41
AnonPages                8966.04           21.79        26116.50            0.00        35104.32
PageTables                 99.30            0.48            0.00            0.00           99.78
WritebackTmp                0.00            0.00            0.00            0.00            0.00
MemTotal                63888.29        64461.79       514048.00       514048.00      1156446.08
MemFree                 45337.20        55755.83       486385.05       514047.94      1101526.03
MemUsed                 18551.08         8705.96        27662.95            0.06        54920.05
Dirty                       0.07            0.04            0.02            0.00            0.12
Writeback                   0.03            0.07            0.00            0.00            0.10
FilePages                 413.02           54.50            3.89            0.00          471.41
AnonPages                8964.45           21.79        27654.59            0.00        36640.82
PageTables                102.60            0.48            0.00            0.00          103.08
WritebackTmp                0.00            0.00            0.00            0.00            0.00
MemTotal                63888.29        64461.79       514048.00       514048.00      1156446.08
MemFree                 45343.34        55755.93       486379.21       514047.94      1101526.42
MemUsed                 18544.95         8705.86        27668.79            0.06        54919.66
Dirty                       0.25            0.11            0.00            0.00            0.37
Writeback                   0.03            0.00            0.00            0.00            0.03
FilePages                 413.02           54.53            3.90            0.00          471.45
AnonPages                8958.78           21.79        27660.43            0.00        36641.00
PageTables                102.57            0.48            0.00            0.00          103.04
WritebackTmp                0.00            0.00            0.00            0.00            0.00
MemTotal                63888.29        64461.79       514048.00       514048.00      1156446.08
MemFree                 45348.83        55755.93       486375.48       514047.94      1101528.18
MemUsed                 18539.45         8705.86        27672.52            0.06        54917.90
Dirty                       0.17            0.09            0.00            0.00            0.25
Writeback                   0.00            0.00            0.00            0.00            0.00
FilePages                 413.02           54.53            3.90            0.00          471.45
AnonPages                8954.14           21.79        27664.27            0.00        36640.20
PageTables                102.69            0.48            0.00            0.00          103.17
WritebackTmp                0.00            0.00            0.00            0.00            0.00
MemTotal                63888.29        64461.79       514048.00       514048.00      1156446.08
MemFree                 45351.14        55756.08       486371.29       514047.94      1101526.45
MemUsed                 18537.14         8705.71        27676.71            0.06        54919.62
Dirty                       0.10            0.07            0.02            0.00            0.19
Writeback                   0.00            0.02            0.00            0.00            0.02
FilePages                 413.02           54.56            3.90            0.00          471.48
AnonPages                8951.07           21.79        27668.16            0.00        36641.03
PageTables                102.55            0.48            0.00            0.00          103.03
WritebackTmp                0.00            0.00            0.00            0.00            0.00
MemTotal                63888.29        64461.79       514048.00       514048.00      1156446.08
MemFree                 45355.75        55756.09       486365.86       514047.94      1101525.63
MemUsed                 18532.54         8705.71        27682.14            0.06        54920.45
Dirty                       0.12            0.07            0.00            0.00            0.20
Writeback                   0.00            0.00            0.00            0.00            0.00
FilePages                 413.02           54.57            3.90            0.00          471.50
AnonPages                8944.82           21.79        27674.05            0.00        36640.66
PageTables                102.62            0.48            0.00            0.00          103.10
WritebackTmp                0.00            0.00            0.00            0.00            0.00
MemTotal                63888.29        64461.79       514048.00       514048.00      1156446.08
MemFree                 45359.97        55756.09       486361.68       514047.94      1101525.67
MemUsed                 18528.32         8705.71        27686.32            0.06        54920.41
Dirty                       0.03            0.03            0.02            0.00            0.07
Writeback                   0.00            0.01            0.00            0.00            0.01
FilePages                 413.02           54.58            3.90            0.00          471.50
AnonPages                8942.23           21.79        27677.93            0.00        36641.95
PageTables                102.50            0.48            0.00            0.00          102.97
WritebackTmp                0.00            0.00            0.00            0.00            0.00
MemTotal                63888.29        64461.79       514048.00       514048.00      1156446.08
MemFree                 45365.62        55756.09       486356.27       514047.94      1101525.91
MemUsed                 18522.67         8705.71        27691.73            0.06        54920.17
Dirty                       0.17            0.10            0.00            0.00            0.27
Writeback                   0.00            0.00            0.00            0.00            0.00
FilePages                 413.03           54.59            3.90            0.00          471.52
AnonPages                8936.21           21.80        27683.84            0.00        36641.85
PageTables                102.59            0.48            0.00            0.00          103.06
WritebackTmp                0.00            0.00            0.00            0.00            0.00
MemTotal                63888.29        64461.79       514048.00       514048.00      1156446.08
MemFree                 45370.21        55756.33       486352.08       514047.94      1101526.57
MemUsed                 18518.07         8705.46        27695.92            0.06        54919.51
Dirty                       0.16            0.07            0.00            0.00            0.23
Writeback                   0.00            0.02            0.00            0.00            0.02
FilePages                 413.03           54.61            3.90            0.00          471.54
AnonPages                8931.27           21.80        27687.74            0.00        36640.81
PageTables                102.59            0.48            0.00            0.00          103.07
WritebackTmp                0.00            0.00            0.00            0.00            0.00
MemTotal                63888.29        64461.79       514048.00       514048.00      1156446.08
MemFree                 45375.39        55755.62       486348.16       514047.94      1101527.11
MemUsed                 18512.90         8706.17        27699.84            0.06        54918.97
Dirty                       0.15            0.09            0.02            0.00            0.25
Writeback                   0.00            0.00            0.00            0.00            0.00
FilePages                 413.20           54.63            3.90            0.00          471.73
AnonPages                8927.20           21.84        27691.64            0.00        36640.68
PageTables                102.53            0.48            0.00            0.00          103.01
WritebackTmp                0.00            0.00            0.00            0.00            0.00
