MemTotal                63888.29        64461.80       514048.00       514048.00      1156446.08
MemFree                 50133.84        55815.01       514047.78       514047.78      1134044.41
MemUsed                 13754.44         8646.79            0.22            0.22        22401.67
Dirty                       0.18            0.02            0.00            0.00            0.19
Writeback                   0.00            0.00            0.00            0.00            0.00
FilePages                 426.26            4.73            0.00            0.00          430.99
AnonPages                4286.27           19.48            0.00            0.00         4305.74
PageTables                 38.89            0.44            0.00            0.00           39.33
WritebackTmp                0.00            0.00            0.00            0.00            0.00
MemTotal                63888.29        64461.80       514048.00       514048.00      1156446.08
MemFree                 44961.74        55809.63       513330.17       514047.78      1128149.33
MemUsed                 18926.54         8652.16          717.83            0.22        28296.75
Dirty                       0.01            0.00            0.00            0.00            0.01
Writeback                   0.00            0.00            0.00            0.00            0.00
FilePages                 427.05            4.76            0.00            0.00          431.81
AnonPages                9426.77           19.48          716.86            0.00        10163.11
PageTables                 50.50            0.44            0.00            0.00           50.94
WritebackTmp                0.00            0.00            0.00            0.00            0.00
MemTotal                63888.29        64461.80       514048.00       514048.00      1156446.08
MemFree                 45400.30        55809.33       509785.87       514047.97      1125043.47
MemUsed                 18487.98         8652.47         4262.13            0.03        31402.61
Dirty                       0.22            0.04            0.02            0.00            0.28
Writeback                   0.00            0.00            0.00            0.00            0.00
FilePages                 424.07            5.26            2.99            0.00          432.32
AnonPages                8979.72           19.48         4256.45            0.00        13255.65
PageTables                 56.08            0.44            0.00            0.00           56.52
WritebackTmp                0.00            0.00            0.00            0.00            0.00
MemTotal                63888.29        64461.80       514048.00       514048.00      1156446.08
MemFree                 45388.16        55809.57       506485.26       514047.97      1121730.96
MemUsed                 18500.12         8652.22         7562.74            0.03        34715.12
Dirty                       0.11            0.02            0.00            0.00            0.12
Writeback                   0.01            0.00            0.00            0.00            0.01
FilePages                 424.06            5.39            2.99            0.00          432.45
AnonPages                8979.29           19.49         7556.56            0.00        16555.34
PageTables                 63.07            0.44            0.00            0.00           63.50
WritebackTmp                0.00            0.00            0.00            0.00            0.00
MemTotal                63888.29        64461.80       514048.00       514048.00      1156446.08
MemFree                 45374.30        55809.57       503028.88       514047.97      1118260.71
MemUsed                 18513.98         8652.23        11019.12            0.03        38185.37
Dirty                       0.35            0.05            0.02            0.00            0.42
Writeback                   0.00            0.00            0.00            0.00            0.00
FilePages                 424.87            5.41            2.99            0.00          433.27
AnonPages                8980.14           19.49        11012.48            0.00        20012.12
PageTables                 69.89            0.44            0.00            0.00           70.33
WritebackTmp                0.00            0.00            0.00            0.00            0.00
MemTotal                63888.29        64461.80       514048.00       514048.00      1156446.08
MemFree                 45361.39        55809.57       499828.29       514047.97      1115047.23
MemUsed                 18526.89         8652.23        14219.71            0.03        41398.86
Dirty                       0.26            0.05            0.00            0.00            0.31
Writeback                   0.00            0.00            0.00            0.00            0.00
FilePages                 424.87            5.43            3.00            0.00          433.29
AnonPages                8979.13           19.49        14212.53            0.00        23211.15
PageTables                 76.14            0.44            0.00            0.00           76.58
WritebackTmp                0.00            0.00            0.00            0.00            0.00
MemTotal                63888.29        64461.80       514048.00       514048.00      1156446.08
MemFree                 45348.39        55808.86       496484.12       514047.97      1111689.35
MemUsed                 18539.89         8652.94        17563.88            0.03        44756.73
Dirty                       0.26            0.05            0.02            0.00            0.33
Writeback                   0.00            0.00            0.00            0.00            0.00
FilePages                 424.87            6.18            3.00            0.00          434.04
AnonPages                8979.47           19.49        17556.68            0.00        26555.64
PageTables                 82.47            0.44            0.00            0.00           82.91
WritebackTmp                0.00            0.00            0.00            0.00            0.00
MemTotal                63888.29        64461.80       514048.00       514048.00      1156446.08
MemFree                 45299.13        55807.82       493560.47       514047.97      1108715.39
MemUsed                 18589.15         8653.98        20487.53            0.03        47730.70
Dirty                       0.14            0.05            0.00            0.00            0.19
Writeback                   0.00            0.00            0.00            0.00            0.00
FilePages                 462.56            7.15            3.00            0.00          472.71
AnonPages                8982.61           19.49        20480.19            0.00        29482.29
PageTables                 88.10            0.44            0.00            0.00           88.54
WritebackTmp                0.00            0.00            0.00            0.00            0.00
MemTotal                63888.29        64461.80       514048.00       514048.00      1156446.08
MemFree                 45286.77        55807.82       490521.95       514047.97      1105664.50
MemUsed                 18601.52         8653.98        23526.05            0.03        50781.58
Dirty                       0.12            0.07            0.02            0.00            0.20
Writeback                   0.03            0.00            0.00            0.00            0.03
FilePages                 462.56            7.17            3.00            0.00          472.72
AnonPages                8981.15           19.49        23518.07            0.00        32518.71
PageTables                 93.80            0.44            0.00            0.00           94.24
WritebackTmp                0.00            0.00            0.00            0.00            0.00
MemTotal                63888.29        64461.80       514048.00       514048.00      1156446.08
MemFree                 45272.56        55807.82       487424.52       514047.97      1102552.87
MemUsed                 18615.73         8653.98        26623.48            0.03        53893.21
Dirty                       0.04            0.02            0.00            0.00            0.06
Writeback                   0.00            0.01            0.00            0.00            0.01
FilePages                 462.56            7.18            3.00            0.00          472.74
AnonPages                8981.78           19.49        26615.34            0.00        35616.61
PageTables                100.47            0.44            0.00            0.00          100.91
WritebackTmp                0.00            0.00            0.00            0.00            0.00
MemTotal                63888.29        64461.80       514048.00       514048.00      1156446.08
MemFree                 45275.36        55808.07       486383.96       514047.97      1101515.35
MemUsed                 18612.93         8653.73        27664.04            0.03        54930.73
Dirty                       0.28            0.08            0.02            0.00            0.38
Writeback                   0.00            0.00            0.00            0.00            0.00
FilePages                 462.56            7.20            3.00            0.00          472.76
AnonPages                8975.51           18.69        27656.47            0.00        36650.66
PageTables                102.43            0.44            0.00            0.00          102.87
WritebackTmp                0.00            0.00            0.00            0.00            0.00
MemTotal                63888.29        64461.80       514048.00       514048.00      1156446.08
MemFree                 45279.35        55807.33       486380.72       514047.97      1101515.38
MemUsed                 18608.93         8654.46        27667.28            0.03        54930.71
Dirty                       0.25            0.06            0.00            0.00            0.32
Writeback                   0.00            0.00            0.00            0.00            0.00
FilePages                 462.56            7.71            3.00            0.00          473.28
AnonPages                8971.13           18.69        27660.30            0.00        36650.12
PageTables                102.35            0.44            0.00            0.00          102.79
WritebackTmp                0.00            0.00            0.00            0.00            0.00
MemTotal                63888.29        64461.80       514048.00       514048.00      1156446.08
MemFree                 45284.83        55807.33       486375.55       514047.97      1101515.68
MemUsed                 18603.46         8654.46        27672.45            0.03        54930.40
Dirty                       0.20            0.06            0.02            0.00            0.27
Writeback                   0.00            0.00            0.00            0.00            0.00
FilePages                 462.56            7.73            3.00            0.00          473.29
AnonPages                8965.41           18.69        27666.25            0.00        36650.35
PageTables                102.42            0.44            0.00            0.00          102.86
WritebackTmp                0.00            0.00            0.00            0.00            0.00
MemTotal                63888.29        64461.80       514048.00       514048.00      1156446.08
MemFree                 45285.53        55806.84       486371.77       514047.97      1101512.11
MemUsed                 18602.75         8654.96        27676.23            0.03        54933.97
Dirty                       0.17            0.06            0.00            0.00            0.23
Writeback                   0.00            0.00            0.00            0.00            0.00
FilePages                 463.25            8.21            3.00            0.00          474.46
AnonPages                8961.40           18.69        27670.13            0.00        36650.21
PageTables                102.58            0.44            0.00            0.00          103.02
WritebackTmp                0.00            0.00            0.00            0.00            0.00
MemTotal                63888.29        64461.80       514048.00       514048.00      1156446.08
MemFree                 45289.64        55807.09       486366.68       514047.97      1101511.38
MemUsed                 18598.64         8654.71        27681.32            0.03        54934.70
Dirty                       0.09            0.07            0.02            0.00            0.18
Writeback                   0.07            0.00            0.00            0.00            0.07
FilePages                 463.25            8.22            3.00            0.00          474.47
AnonPages                8955.95           18.69        27676.03            0.00        36650.66
PageTables                102.42            0.44            0.00            0.00          102.86
WritebackTmp                0.00            0.00            0.00            0.00            0.00
MemTotal                63888.29        64461.80       514048.00       514048.00      1156446.08
MemFree                 45294.73        55806.79       486363.28       514047.97      1101512.77
MemUsed                 18593.56         8655.00        27684.72            0.03        54933.31
Dirty                       0.30            0.08            0.00            0.00            0.39
Writeback                   0.00            0.00            0.00            0.00            0.00
FilePages                 463.25            8.72            3.00            0.00          474.98
AnonPages                8951.44           18.69        27679.91            0.00        36650.04
PageTables                102.50            0.44            0.00            0.00          102.94
WritebackTmp                0.00            0.00            0.00            0.00            0.00
MemTotal                63888.29        64461.80       514048.00       514048.00      1156446.08
MemFree                 45296.78        55806.55       486359.95       514047.97      1101511.25
MemUsed                 18591.50         8655.25        27688.05            0.03        54934.83
Dirty                       0.20            0.07            0.02            0.00            0.28
Writeback                   0.01            0.00            0.00            0.00            0.01
FilePages                 463.25            9.20            3.00            0.00          475.45
AnonPages                8947.28           18.59        27683.86            0.00        36649.73
PageTables                102.47            0.44            0.00            0.00          102.91
WritebackTmp                0.00            0.00            0.00            0.00            0.00
MemTotal                63888.29        64461.80       514048.00       514048.00      1156446.08
MemFree                 45302.07        55806.55       486354.18       514047.97      1101510.77
MemUsed                 18586.21         8655.25        27693.82            0.03        54935.31
Dirty                       0.21            0.07            0.00            0.00            0.29
Writeback                   0.00            0.00            0.00            0.00            0.00
FilePages                 463.25            9.21            3.00            0.00          475.46
AnonPages                8942.38           18.69        27689.65            0.00        36650.72
PageTables                102.38            0.44            0.00            0.00          102.82
WritebackTmp                0.00            0.00            0.00            0.00            0.00
MemTotal                63888.29        64461.80       514048.00       514048.00      1156446.08
MemFree                 45307.55        55806.55       486350.25       514047.97      1101512.32
MemUsed                 18580.73         8655.25        27697.75            0.03        54933.77
Dirty                       0.11            0.06            0.02            0.00            0.18
Writeback                   0.00            0.00            0.00            0.00            0.00
FilePages                 463.25            9.23            3.00            0.00          475.48
AnonPages                8937.80           18.69        27693.65            0.00        36650.14
PageTables                102.48            0.44            0.00            0.00          102.91
WritebackTmp                0.00            0.00            0.00            0.00            0.00
MemTotal                63888.29        64461.80       514048.00       514048.00      1156446.08
MemFree                 45311.34        55806.55       486344.16       514047.97      1101510.02
MemUsed                 18576.94         8655.25        27703.84            0.03        54936.07
Dirty                       0.14            0.07            0.00            0.00            0.21
Writeback                   0.04            0.00            0.00            0.00            0.04
FilePages                 463.39            9.24            3.01            0.00          475.64
AnonPages                8932.59           18.69        27699.54            0.00        36650.82
PageTables                102.82            0.44            0.00            0.00          103.25
WritebackTmp                0.00            0.00            0.00            0.00            0.00
MemTotal                63888.29        64461.80       514048.00       514048.00      1156446.08
MemFree                 45308.26        55808.09       486340.22       514047.97      1101504.54
MemUsed                 18580.02         8653.71        27707.78            0.03        54941.55
Dirty                       0.01            0.01            0.02            0.00            0.03
Writeback                   0.02            0.00            0.00            0.00            0.02
FilePages                 474.76            9.25            3.01            0.00          487.02
AnonPages                8927.96           18.69        27703.41            0.00        36650.06
PageTables                102.42            0.44            0.00            0.00          102.86
WritebackTmp                0.00            0.00            0.00            0.00            0.00
MemTotal                63888.29        64461.80       514048.00       514048.00      1156446.08
MemFree                 45319.08        55815.32       486335.07       514047.97      1101517.45
MemUsed                 18569.20         8646.48        27712.93            0.03        54928.64
Dirty                       0.31            0.07            0.00            0.00            0.38
Writeback                   0.00            0.00            0.00            0.00            0.00
FilePages                 474.83            9.27            3.01            0.00          487.10
AnonPages                8922.19           18.69        27709.28            0.00        36650.16
PageTables                102.43            0.44            0.00            0.00          102.86
WritebackTmp                0.00            0.00            0.00            0.00            0.00
MemTotal                63888.29        64461.80       514048.00       514048.00      1156446.08
MemFree                 45321.18        55812.90       486331.29       514047.97      1101513.34
MemUsed                 18567.11         8648.90        27716.71            0.03        54932.74
Dirty                       0.41            0.07            0.02            0.00            0.49
Writeback                   0.05            0.00            0.00            0.00            0.05
FilePages                 478.52           10.80            3.01            0.00          492.34
AnonPages                8917.59           17.61        27713.15            0.00        36648.35
PageTables                102.57            0.44            0.00            0.00          103.01
WritebackTmp                0.00            0.00            0.00            0.00            0.00
MemTotal                63888.29        64461.80       514048.00       514048.00      1156446.08
MemFree                 45326.91        55812.65       486325.16       514047.97      1101512.68
MemUsed                 18561.38         8649.14        27722.84            0.03        54933.40
Dirty                       0.13            0.06            0.00            0.00            0.19
Writeback                   0.00            0.00            0.00            0.00            0.00
FilePages                 478.52           11.28            3.01            0.00          492.81
AnonPages                8911.45           17.61        27719.04            0.00        36648.10
PageTables                102.57            0.44            0.00            0.00          103.01
WritebackTmp                0.00            0.00            0.00            0.00            0.00
MemTotal                63888.29        64461.80       514048.00       514048.00      1156446.08
MemFree                 45329.66        55813.09       486321.22       514047.97      1101511.94
MemUsed                 18558.62         8648.71        27726.78            0.03        54934.14
Dirty                       0.12            0.06            0.02            0.00            0.20
Writeback                   0.00            0.00            0.00            0.00            0.00
FilePages                 478.87           11.29            3.01            0.00          493.17
AnonPages                8908.55           17.61        27722.92            0.00        36649.09
PageTables                102.58            0.44            0.00            0.00          103.02
WritebackTmp                0.00            0.00            0.00            0.00            0.00
MemTotal                63888.29        64461.80       514048.00       514048.00      1156446.08
MemFree                 45335.89        55813.09       486315.07       514047.97      1101512.02
MemUsed                 18552.39         8648.71        27732.93            0.03        54934.06
Dirty                       0.16            0.07            0.00            0.00            0.24
Writeback                   0.00            0.00            0.00            0.00            0.00
FilePages                 478.87           11.30            3.01            0.00          493.18
AnonPages                8902.32           17.62        27728.72            0.00        36648.67
PageTables                102.59            0.44            0.00            0.00          103.02
WritebackTmp                0.00            0.00            0.00            0.00            0.00
MemTotal                63888.29        64461.80       514048.00       514048.00      1156446.08
MemFree                 45338.89        55813.11       486311.14       514047.97      1101511.11
MemUsed                 18549.39         8648.68        27736.86            0.03        54934.97
Dirty                       0.02            0.01            0.02            0.00            0.04
Writeback                   0.07            0.00            0.00            0.00            0.07
FilePages                 478.87           11.32            3.01            0.00          493.20
AnonPages                8898.88           17.62        27732.64            0.00        36649.14
PageTables                102.59            0.44            0.00            0.00          103.03
WritebackTmp                0.00            0.00            0.00            0.00            0.00
MemTotal                63888.29        64461.80       514048.00       514048.00      1156446.08
MemFree                 45344.39        55812.84       486305.32       514047.97      1101510.52
MemUsed                 18543.90         8648.95        27742.68            0.03        54935.56
Dirty                       0.30            0.09            0.00            0.00            0.39
Writeback                   0.00            0.00            0.00            0.00            0.00
FilePages                 479.12           11.37            3.01            0.00          493.50
AnonPages                8893.14           17.62        27738.53            0.00        36649.29
PageTables                102.59            0.44            0.00            0.00          103.03
WritebackTmp                0.00            0.00            0.00            0.00            0.00
MemTotal                63888.29        64461.80       514048.00       514048.00      1156446.08
MemFree                 45346.43        55813.25       486301.39       514047.97      1101509.04
MemUsed                 18541.86         8648.55        27746.61            0.03        54937.04
Dirty                       0.20            0.07            0.02            0.00            0.30
Writeback                   0.04            0.00            0.00            0.00            0.04
FilePages                 481.78           11.39            3.02            0.00          496.18
AnonPages                8889.46           17.62        27742.56            0.00        36649.64
PageTables                102.74            0.44            0.00            0.00          103.18
WritebackTmp                0.00            0.00            0.00            0.00            0.00
MemTotal                63888.29        64461.80       514048.00       514048.00      1156446.08
MemFree                 45356.46        55813.27       486295.24       514047.97      1101512.93
MemUsed                 18531.82         8648.53        27752.76            0.03        54933.15
Dirty                       0.23            0.08            0.01            0.00            0.32
Writeback                   0.00            0.00            0.00            0.00            0.00
FilePages                 481.78           11.41            3.02            0.00          496.21
AnonPages                8883.09           17.62        27748.35            0.00        36649.07
PageTables                102.57            0.44            0.00            0.00          103.01
WritebackTmp                0.00            0.00            0.00            0.00            0.00
MemTotal                63888.29        64461.80       514048.00       514048.00      1156446.08
MemFree                 45359.71        55813.27       486291.30       514047.97      1101512.25
MemUsed                 18528.57         8648.53        27756.70            0.03        54933.83
Dirty                       0.15            0.06            0.02            0.00            0.23
Writeback                   0.02            0.01            0.00            0.00            0.03
FilePages                 481.80           11.42            3.02            0.00          496.23
AnonPages                8879.05           17.62        27752.23            0.00        36648.90
PageTables                102.38            0.44            0.00            0.00          102.82
WritebackTmp                0.00            0.00            0.00            0.00            0.00
MemTotal                63888.29        64461.80       514048.00       514048.00      1156446.08
MemFree                 45313.46        55813.27       486285.48       514047.97      1101460.17
MemUsed                 18574.83         8648.53        27762.52            0.03        54985.91
Dirty                       0.14            0.02            0.00            0.00            0.15
Writeback                   0.00            0.00            0.00            0.00            0.00
FilePages                 501.00           11.44            3.02            0.00          515.46
AnonPages                8873.59           17.62        27758.12            0.00        36649.34
PageTables                102.45            0.44            0.00            0.00          102.89
WritebackTmp                0.00            0.00            0.00            0.00            0.00
MemTotal                63888.29        64461.80       514048.00       514048.00      1156446.08
MemFree                 45316.80        55813.28       486282.03       514047.97      1101460.08
MemUsed                 18571.49         8648.52        27765.97            0.03        54986.00
Dirty                       0.35            0.08            0.02            0.00            0.45
Writeback                   0.00            0.00            0.00            0.00            0.00
FilePages                 501.00           11.46            3.02            0.00          515.48
AnonPages                8870.02           17.62        27762.02            0.00        36649.67
PageTables                102.42            0.44            0.00            0.00          102.86
WritebackTmp                0.00            0.00            0.00            0.00            0.00
MemTotal                63888.29        64461.80       514048.00       514048.00      1156446.08
MemFree                 45323.58        55813.48       486276.03       514047.97      1101461.06
MemUsed                 18564.70         8648.32        27771.97            0.03        54985.02
Dirty                       0.29            0.09            0.00            0.00            0.37
Writeback                   0.00            0.00            0.00            0.00            0.00
FilePages                 501.00           11.48            3.02            0.00          515.50
AnonPages                8864.16           17.62        27767.96            0.00        36649.74
PageTables                102.45            0.44            0.00            0.00          102.88
WritebackTmp                0.00            0.00            0.00            0.00            0.00
MemTotal                63888.29        64461.80       514048.00       514048.00      1156446.08
MemFree                 45328.99        55813.48       486272.16       514047.97      1101462.60
MemUsed                 18559.29         8648.32        27775.84            0.03        54983.48
Dirty                       0.22            0.07            0.01            0.00            0.30
Writeback                   0.00            0.00            0.00            0.00            0.00
FilePages                 501.00           11.49            3.02            0.00          515.51
AnonPages                8859.23           17.67        27771.83            0.00        36648.73
PageTables                102.46            0.44            0.00            0.00          102.89
WritebackTmp                0.00            0.00            0.00            0.00            0.00
MemTotal                63888.29        64461.80       514048.00       514048.00      1156446.08
MemFree                 45334.21        55813.23       486266.53       514047.97      1101461.95
MemUsed                 18554.07         8648.56        27781.47            0.03        54984.13
Dirty                       0.19            0.07            0.00            0.00            0.26
Writeback                   0.00            0.00            0.00            0.00            0.00
FilePages                 501.00           11.50            3.02            0.00          515.53
AnonPages                8853.89           17.67        27777.81            0.00        36649.37
PageTables                102.70            0.44            0.00            0.00          103.14
WritebackTmp                0.00            0.00            0.00            0.00            0.00
MemTotal                63888.29        64461.80       514048.00       514048.00      1156446.08
MemFree                 45268.04        55813.17       486262.71       514047.97      1101391.88
MemUsed                 18620.25         8648.63        27785.29            0.03        55054.20
Dirty                       8.51            0.06            0.01            0.00            8.58
Writeback                   0.00            0.01            0.00            0.00            0.01
FilePages                 516.65           11.52            3.02            0.00          531.19
AnonPages                8904.28           17.64        27781.61            0.00        36703.54
PageTables                102.84            0.45            0.00            0.00          103.29
WritebackTmp                0.00            0.00            0.00            0.00            0.00
MemTotal                63888.29        64461.80       514048.00       514048.00      1156446.08
MemFree                 45250.96        55813.17       486256.80       514047.97      1101368.90
MemUsed                 18637.32         8648.63        27791.20            0.03        55077.18
Dirty                       0.11            0.07            0.00            0.00            0.18
Writeback                   0.00            0.00            0.00            0.00            0.00
FilePages                 517.05           11.54            3.02            0.00          531.61
AnonPages                8921.58           17.64        27787.51            0.00        36726.73
PageTables                102.71            0.45            0.00            0.00          103.16
WritebackTmp                0.00            0.00            0.00            0.00            0.00
MemTotal                63888.29        64461.80       514048.00       514048.00      1156446.08
MemFree                 45255.19        55813.23       486252.96       514047.97      1101369.34
MemUsed                 18633.10         8648.57        27795.04            0.03        55076.74
Dirty                       0.05            0.01            0.02            0.00            0.08
Writeback                   0.00            0.01            0.00            0.00            0.01
FilePages                 517.05           11.54            3.02            0.00          531.62
AnonPages                8917.97           17.64        27791.36            0.00        36726.97
PageTables                102.68            0.45            0.00            0.00          103.13
WritebackTmp                0.00            0.00            0.00            0.00            0.00
MemTotal                63888.29        64461.80       514048.00       514048.00      1156446.08
MemFree                 45262.30        55813.50       486246.56       514047.97      1101370.32
MemUsed                 18625.99         8648.30        27801.44            0.03        55075.76
Dirty                       0.29            0.07            0.00            0.00            0.36
Writeback                   0.01            0.00            0.00            0.00            0.01
FilePages                 517.06           11.56            3.02            0.00          531.64
AnonPages                8912.50           17.64        27797.24            0.00        36727.39
PageTables                102.67            0.45            0.00            0.00          103.12
WritebackTmp                0.00            0.00            0.00            0.00            0.00
MemTotal                63888.29        64461.80       514048.00       514048.00      1156446.08
MemFree                 45265.34        55813.28       486242.73       514047.97      1101369.32
MemUsed                 18622.95         8648.52        27805.27            0.03        55076.76
Dirty                       0.25            0.06            0.02            0.00            0.32
Writeback                   0.00            0.00            0.00            0.00            0.00
FilePages                 517.06           11.57            3.02            0.00          531.66
AnonPages                8909.12           17.74        27801.19            0.00        36728.05
PageTables                102.69            0.45            0.00            0.00          103.14
WritebackTmp                0.00            0.00            0.00            0.00            0.00
MemTotal                63888.29        64461.80       514048.00       514048.00      1156446.08
MemFree                 45270.02        55813.03       486236.85       514047.97      1101367.87
MemUsed                 18618.27         8648.77        27811.15            0.03        55078.21
Dirty                       0.20            0.09            0.00            0.00            0.30
Writeback                   0.00            0.00            0.00            0.00            0.00
FilePages                 517.06           11.65            3.02            0.00          531.73
AnonPages                8903.47           17.74        27806.98            0.00        36728.20
PageTables                102.67            0.45            0.00            0.00          103.12
WritebackTmp                0.00            0.00            0.00            0.00            0.00
MemTotal                63888.29        64461.80       514048.00       514048.00      1156446.08
MemFree                 45270.38        55813.03       486236.85       514047.97      1101368.22
MemUsed                 18617.91         8648.77        27811.15            0.03        55077.86
Dirty                       0.12            0.05            0.02            0.00            0.19
Writeback                   0.00            0.01            0.00            0.00            0.01
FilePages                 517.06           11.66            3.02            0.00          531.74
AnonPages                8903.86           17.74        27806.96            0.00        36728.55
PageTables                102.72            0.45            0.00            0.00          103.17
WritebackTmp                0.00            0.00            0.00            0.00            0.00
MemTotal                63888.29        64461.80       514048.00       514048.00      1156446.08
MemFree                 45270.87        55813.03       486236.97       514047.97      1101368.84
MemUsed                 18617.41         8648.77        27811.03            0.03        55077.24
Dirty                       0.07            0.08            0.00            0.00            0.16
Writeback                   0.00            0.00            0.00            0.00            0.00
FilePages                 517.07           11.68            3.02            0.00          531.77
AnonPages                8903.77           17.74        27806.96            0.00        36728.46
PageTables                102.65            0.45            0.00            0.00          103.10
WritebackTmp                0.00            0.00            0.00            0.00            0.00
MemTotal                63888.29        64461.80       514048.00       514048.00      1156446.08
MemFree                 45271.86        55813.03       486237.18       514047.97      1101370.03
MemUsed                 18616.43         8648.77        27810.82            0.03        55076.05
Dirty                       0.22            0.08            0.01            0.00            0.31
Writeback                   0.00            0.00            0.00            0.00            0.00
FilePages                 517.07           11.69            3.02            0.00          531.78
AnonPages                8904.14           17.74        27806.96            0.00        36728.83
PageTables                102.72            0.45            0.00            0.00          103.17
WritebackTmp                0.00            0.00            0.00            0.00            0.00
MemTotal                63888.29        64461.80       514048.00       514048.00      1156446.08
MemFree                 45271.73        55813.03       486237.18       514047.97      1101369.91
MemUsed                 18616.55         8648.77        27810.82            0.03        55076.18
Dirty                       0.12            0.07            0.01            0.00            0.20
Writeback                   0.00            0.00            0.00            0.00            0.00
FilePages                 517.07           11.70            3.02            0.00          531.79
AnonPages                8903.33           17.74        27806.96            0.00        36728.02
PageTables                102.61            0.45            0.00            0.00          103.06
WritebackTmp                0.00            0.00            0.00            0.00            0.00
MemTotal                63888.29        64461.80       514048.00       514048.00      1156446.08
MemFree                 45270.99        55813.03       486237.18       514047.97      1101369.17
MemUsed                 18617.29         8648.77        27810.82            0.03        55076.91
Dirty                       0.18            0.08            0.01            0.00            0.27
Writeback                   0.00            0.00            0.00            0.00            0.00
FilePages                 517.07           11.71            3.02            0.00          531.80
AnonPages                8903.82           17.74        27806.96            0.00        36728.52
PageTables                102.74            0.45            0.00            0.00          103.19
WritebackTmp                0.00            0.00            0.00            0.00            0.00
MemTotal                63888.29        64461.80       514048.00       514048.00      1156446.08
MemFree                 45270.50        55813.03       486237.18       514047.97      1101368.68
MemUsed                 18617.78         8648.77        27810.82            0.03        55077.40
Dirty                       0.07            0.06            0.00            0.00            0.13
Writeback                   0.00            0.00            0.00            0.00            0.00
FilePages                 517.07           11.72            3.02            0.00          531.82
AnonPages                8904.08           17.74        27806.96            0.00        36728.78
PageTables                102.74            0.45            0.00            0.00          103.19
WritebackTmp                0.00            0.00            0.00            0.00            0.00
MemTotal                63888.29        64461.80       514048.00       514048.00      1156446.08
MemFree                 45270.51        55813.03       486237.18       514047.97      1101368.68
MemUsed                 18617.78         8648.77        27810.82            0.03        55077.40
Dirty                       0.25            0.15            0.01            0.00            0.41
Writeback                   0.00            0.00            0.00            0.00            0.00
FilePages                 517.07           11.74            3.02            0.00          531.83
AnonPages                8904.33           17.74        27806.96            0.00        36729.02
PageTables                102.70            0.45            0.00            0.00          103.15
WritebackTmp                0.00            0.00            0.00            0.00            0.00
MemTotal                63888.29        64461.80       514048.00       514048.00      1156446.08
MemFree                 45270.26        55812.79       486237.23       514047.97      1101368.25
MemUsed                 18618.02         8649.01        27810.77            0.03        55077.83
Dirty                       0.00            0.02            0.00            0.00            0.02
Writeback                   0.00            0.00            0.00            0.00            0.00
FilePages                 517.09           11.80            3.02            0.00          531.91
AnonPages                8904.75           17.93        27806.96            0.00        36729.64
PageTables                102.72            0.45            0.00            0.00          103.17
WritebackTmp                0.00            0.00            0.00            0.00            0.00
MemTotal                63888.29        64461.80       514048.00       514048.00      1156446.08
MemFree                 45270.02        55812.79       486237.35       514047.97      1101368.12
MemUsed                 18618.26         8649.01        27810.65            0.03        55077.96
Dirty                       0.20            0.10            0.01            0.00            0.31
Writeback                   0.00            0.00            0.00            0.00            0.00
FilePages                 517.09           11.81            3.02            0.00          531.92
AnonPages                8904.40           17.93        27806.96            0.00        36729.28
PageTables                102.75            0.45            0.00            0.00          103.20
WritebackTmp                0.00            0.00            0.00            0.00            0.00
MemTotal                63888.29        64461.80       514048.00       514048.00      1156446.08
MemFree                 45270.02        55812.79       486237.35       514047.97      1101368.12
MemUsed                 18618.26         8649.01        27810.65            0.03        55077.96
Dirty                       0.11            0.11            0.00            0.00            0.21
Writeback                   0.00            0.00            0.00            0.00            0.00
FilePages                 517.09           11.83            3.02            0.00          531.94
AnonPages                8904.75           17.93        27806.96            0.00        36729.64
PageTables                102.79            0.45            0.00            0.00          103.24
WritebackTmp                0.00            0.00            0.00            0.00            0.00
MemTotal                63888.29        64461.80       514048.00       514048.00      1156446.08
MemFree                 45269.79        55812.35       486237.35       514047.97      1101367.45
MemUsed                 18618.50         8649.45        27810.65            0.03        55078.63
Dirty                       0.14            0.11            0.01            0.00            0.27
Writeback                   0.00            0.00            0.00            0.00            0.00
FilePages                 517.09           11.84            3.02            0.00          531.95
AnonPages                8904.74           17.76        27806.96            0.00        36729.46
PageTables                102.80            0.45            0.00            0.00          103.25
WritebackTmp                0.00            0.00            0.00            0.00            0.00
MemTotal                63888.29        64461.80       514048.00       514048.00      1156446.08
MemFree                 45270.77        55812.35       486237.35       514047.97      1101368.44
MemUsed                 18617.51         8649.45        27810.65            0.03        55077.64
Dirty                       0.07            0.11            0.00            0.00            0.18
Writeback                   0.00            0.00            0.00            0.00            0.00
FilePages                 517.09           11.85            3.02            0.00          531.96
AnonPages                8903.60           17.76        27806.96            0.00        36728.31
PageTables                102.80            0.45            0.00            0.00          103.25
WritebackTmp                0.00            0.00            0.00            0.00            0.00
MemTotal                63888.29        64461.80       514048.00       514048.00      1156446.08
MemFree                 45269.84        55812.35       486237.35       514047.97      1101367.51
MemUsed                 18618.44         8649.45        27810.65            0.03        55078.57
Dirty                       0.11            0.12            0.01            0.00            0.25
Writeback                   0.00            0.00            0.00            0.00            0.00
FilePages                 517.09           11.87            3.02            0.00          531.98
AnonPages                8904.06           17.76        27806.96            0.00        36728.77
PageTables                102.81            0.45            0.00            0.00          103.26
WritebackTmp                0.00            0.00            0.00            0.00            0.00
MemTotal                63888.29        64461.80       514048.00       514048.00      1156446.08
MemFree                 45269.89        55812.35       486237.35       514047.97      1101367.56
MemUsed                 18618.39         8649.45        27810.65            0.03        55078.52
Dirty                       0.18            0.09            0.00            0.00            0.27
Writeback                   0.00            0.00            0.00            0.00            0.00
FilePages                 517.09           11.88            3.02            0.00          531.99
AnonPages                8904.48           17.76        27806.96            0.00        36729.20
PageTables                102.81            0.45            0.00            0.00          103.26
WritebackTmp                0.00            0.00            0.00            0.00            0.00
MemTotal                63888.29        64461.80       514048.00       514048.00      1156446.08
MemFree                 45270.15        55812.35       486237.59       514047.97      1101368.06
MemUsed                 18618.14         8649.45        27810.41            0.03        55078.02
Dirty                       0.20            0.11            0.01            0.00            0.31
Writeback                   0.00            0.00            0.00            0.00            0.00
FilePages                 517.09           11.89            3.02            0.00          532.01
AnonPages                8904.82           17.76        27806.96            0.00        36729.53
PageTables                102.82            0.45            0.00            0.00          103.27
WritebackTmp                0.00            0.00            0.00            0.00            0.00
MemTotal                63888.29        64461.80       514048.00       514048.00      1156446.08
MemFree                 45269.03        55812.35       486237.59       514047.97      1101366.94
MemUsed                 18619.26         8649.45        27810.41            0.03        55079.14
Dirty                       0.12            0.09            0.00            0.00            0.21
Writeback                   0.00            0.00            0.00            0.00            0.00
FilePages                 517.10           11.90            3.02            0.00          532.02
AnonPages                8904.95           17.76        27806.96            0.00        36729.66
PageTables                102.82            0.45            0.00            0.00          103.27
WritebackTmp                0.00            0.00            0.00            0.00            0.00
MemTotal                63888.29        64461.80       514048.00       514048.00      1156446.08
MemFree                 45269.53        55812.59       486237.59       514047.97      1101367.68
MemUsed                 18618.76         8649.20        27810.41            0.03        55078.40
Dirty                       0.17            0.11            0.01            0.00            0.29
Writeback                   0.00            0.00            0.00            0.00            0.00
FilePages                 517.10           11.93            3.02            0.00          532.05
AnonPages                8904.06           17.71        27806.96            0.00        36728.73
PageTables                102.83            0.45            0.00            0.00          103.28
WritebackTmp                0.00            0.00            0.00            0.00            0.00
MemTotal                63888.29        64461.80       514048.00       514048.00      1156446.08
MemFree                 45269.34        55812.64       486237.59       514047.97      1101367.54
MemUsed                 18618.95         8649.15        27810.41            0.03        55078.54
Dirty                       0.11            0.11            0.00            0.00            0.21
Writeback                   0.00            0.00            0.00            0.00            0.00
FilePages                 517.11           11.95            3.02            0.00          532.07
AnonPages                8904.71           17.71        27806.96            0.00        36729.37
PageTables                102.83            0.45            0.00            0.00          103.28
WritebackTmp                0.00            0.00            0.00            0.00            0.00
MemTotal                63888.29        64461.80       514048.00       514048.00      1156446.08
MemFree                 45268.35        55812.70       486237.59       514047.97      1101366.61
MemUsed                 18619.93         8649.10        27810.41            0.03        55079.47
Dirty                       0.09            0.11            0.01            0.00            0.21
Writeback                   0.00            0.00            0.00            0.00            0.00
FilePages                 517.12           11.95            3.02            0.00          532.09
AnonPages                8905.00           17.63        27806.96            0.00        36729.59
PageTables                102.84            0.45            0.00            0.00          103.29
WritebackTmp                0.00            0.00            0.00            0.00            0.00
MemTotal                63888.29        64461.80       514048.00       514048.00      1156446.08
MemFree                 45267.93        55812.70       486237.71       514047.97      1101366.30
MemUsed                 18620.36         8649.10        27810.29            0.03        55079.78
Dirty                       0.07            0.00            0.00            0.00            0.07
Writeback                   0.00            0.00            0.00            0.00            0.00
FilePages                 517.13           11.97            3.02            0.00          532.13
AnonPages                8905.71           17.63        27806.96            0.00        36730.30
PageTables                102.84            0.45            0.00            0.00          103.29
WritebackTmp                0.00            0.00            0.00            0.00            0.00
MemTotal                63888.29        64461.80       514048.00       514048.00      1156446.08
MemFree                 45267.93        55812.77       486237.71       514047.97      1101366.38
MemUsed                 18620.35         8649.02        27810.29            0.03        55079.70
Dirty                       0.20            0.11            0.00            0.00            0.32
Writeback                   0.00            0.00            0.00            0.00            0.00
FilePages                 517.13           11.99            3.02            0.00          532.14
AnonPages                8905.62           17.63        27806.96            0.00        36730.21
PageTables                102.86            0.45            0.00            0.00          103.30
WritebackTmp                0.00            0.00            0.00            0.00            0.00
MemTotal                63888.29        64461.80       514048.00       514048.00      1156446.08
MemFree                 45268.67        55812.77       486237.71       514047.97      1101367.12
MemUsed                 18619.61         8649.02        27810.29            0.03        55078.96
Dirty                       0.11            0.09            0.00            0.00            0.21
Writeback                   0.00            0.00            0.00            0.00            0.00
FilePages                 517.13           11.99            3.02            0.00          532.14
AnonPages                8905.45           17.63        27806.96            0.00        36730.04
PageTables                102.86            0.45            0.00            0.00          103.30
WritebackTmp                0.00            0.00            0.00            0.00            0.00
MemTotal                63888.29        64461.80       514048.00       514048.00      1156446.08
MemFree                 45267.98        55812.77       486237.71       514047.97      1101366.43
MemUsed                 18620.30         8649.02        27810.29            0.03        55079.65
Dirty                       0.13            0.10            0.00            0.00            0.23
Writeback                   0.00            0.00            0.00            0.00            0.00
FilePages                 517.13           12.02            3.02            0.00          532.17
AnonPages                8905.98           17.63        27806.96            0.00        36730.57
PageTables                102.86            0.45            0.00            0.00          103.30
WritebackTmp                0.00            0.00            0.00            0.00            0.00
MemTotal                63888.29        64461.80       514048.00       514048.00      1156446.08
MemFree                 45268.00        55813.02       486237.77       514047.97      1101366.75
MemUsed                 18620.29         8648.78        27810.23            0.03        55079.33
Dirty                       0.09            0.10            0.00            0.00            0.20
Writeback                   0.00            0.00            0.00            0.00            0.00
FilePages                 517.13           12.02            3.02            0.00          532.18
AnonPages                8906.14           17.63        27806.96            0.00        36730.73
PageTables                102.86            0.45            0.00            0.00          103.30
WritebackTmp                0.00            0.00            0.00            0.00            0.00
MemTotal                63888.29        64461.80       514048.00       514048.00      1156446.08
MemFree                 45269.97        55813.02       486237.77       514047.97      1101368.72
MemUsed                 18618.32         8648.78        27810.23            0.03        55077.36
Dirty                       0.08            0.11            0.00            0.00            0.20
Writeback                   0.00            0.00            0.00            0.00            0.00
FilePages                 517.14           12.04            3.02            0.00          532.20
AnonPages                8904.63           17.70        27806.96            0.00        36729.28
PageTables                102.86            0.45            0.00            0.00          103.30
WritebackTmp                0.00            0.00            0.00            0.00            0.00
MemTotal                63888.29        64461.80       514048.00       514048.00      1156446.08
MemFree                 45267.29        55813.02       486237.99       514047.97      1101366.26
MemUsed                 18621.00         8648.78        27810.01            0.03        55079.82
Dirty                       0.27            0.12            0.00            0.00            0.38
Writeback                   0.00            0.00            0.00            0.00            0.00
FilePages                 517.19           12.06            3.02            0.00          532.27
AnonPages                8905.69           17.70        27806.96            0.00        36730.34
PageTables                102.86            0.45            0.00            0.00          103.31
WritebackTmp                0.00            0.00            0.00            0.00            0.00
MemTotal                63888.29        64461.80       514048.00       514048.00      1156446.08
MemFree                 45266.19        55813.02       486237.99       514047.97      1101365.17
MemUsed                 18622.09         8648.78        27810.01            0.03        55080.91
Dirty                       0.21            0.09            0.00            0.00            0.31
Writeback                   0.00            0.00            0.00            0.00            0.00
FilePages                 517.19           12.08            3.02            0.00          532.29
AnonPages                8905.62           17.54        27806.96            0.00        36730.11
PageTables                102.87            0.45            0.00            0.00          103.32
WritebackTmp                0.00            0.00            0.00            0.00            0.00
MemTotal                63888.29        64461.80       514048.00       514048.00      1156446.08
MemFree                 45266.03        55813.02       486237.99       514047.97      1101365.00
MemUsed                 18622.26         8648.78        27810.01            0.03        55081.08
Dirty                       0.13            0.10            0.00            0.00            0.23
Writeback                   0.00            0.00            0.00            0.00            0.00
FilePages                 517.19           12.10            3.02            0.00          532.31
AnonPages                8905.67           17.54        27806.96            0.00        36730.16
PageTables                102.88            0.45            0.00            0.00          103.32
WritebackTmp                0.00            0.00            0.00            0.00            0.00
MemTotal                63888.29        64461.80       514048.00       514048.00      1156446.08
MemFree                 45265.32        55813.02       486237.99       514047.97      1101364.30
MemUsed                 18622.96         8648.78        27810.01            0.03        55081.79
Dirty                       0.12            0.10            0.00            0.00            0.21
Writeback                   0.00            0.00            0.00            0.00            0.00
FilePages                 517.19           12.11            3.02            0.00          532.32
AnonPages                8906.73           17.54        27806.96            0.00        36731.23
PageTables                102.88            0.45            0.00            0.00          103.32
WritebackTmp                0.00            0.00            0.00            0.00            0.00
MemTotal                63888.29        64461.80       514048.00       514048.00      1156446.08
MemFree                 45265.07        55813.02       486237.99       514047.97      1101364.05
MemUsed                 18623.21         8648.78        27810.01            0.03        55082.03
Dirty                       0.08            0.10            0.00            0.00            0.18
Writeback                   0.00            0.00            0.00            0.00            0.00
FilePages                 517.19           12.12            3.02            0.00          532.34
AnonPages                8907.05           17.54        27806.96            0.00        36731.54
PageTables                102.88            0.45            0.00            0.00          103.33
WritebackTmp                0.00            0.00            0.00            0.00            0.00
MemTotal                63888.29        64461.80       514048.00       514048.00      1156446.08
MemFree                 45266.13        55813.02       486237.99       514047.97      1101365.11
MemUsed                 18622.16         8648.78        27810.01            0.03        55080.98
Dirty                       0.19            0.11            0.00            0.00            0.29
Writeback                   0.00            0.00            0.00            0.00            0.00
FilePages                 517.20           12.20            3.02            0.00          532.41
AnonPages                8906.38           17.54        27806.96            0.00        36730.88
PageTables                102.88            0.45            0.00            0.00          103.32
WritebackTmp                0.00            0.00            0.00            0.00            0.00
MemTotal                63888.29        64461.80       514048.00       514048.00      1156446.08
MemFree                 45267.66        55813.02       486237.99       514047.97      1101366.64
MemUsed                 18620.62         8648.78        27810.01            0.03        55079.44
Dirty                       0.18            0.12            0.00            0.00            0.30
Writeback                   0.00            0.00            0.00            0.00            0.00
FilePages                 517.20           12.21            3.02            0.00          532.43
AnonPages                8904.98           17.54        27806.96            0.00        36729.47
PageTables                102.86            0.45            0.00            0.00          103.31
WritebackTmp                0.00            0.00            0.00            0.00            0.00
MemTotal                63888.29        64461.80       514048.00       514048.00      1156446.08
MemFree                 45267.17        55813.29       486237.99       514047.97      1101366.42
MemUsed                 18621.11         8648.50        27810.01            0.03        55079.66
Dirty                       0.16            0.08            0.00            0.00            0.24
Writeback                   0.00            0.00            0.00            0.00            0.00
FilePages                 517.20           12.23            3.02            0.00          532.45
AnonPages                8905.29           17.54        27806.96            0.00        36729.79
PageTables                102.88            0.45            0.00            0.00          103.32
WritebackTmp                0.00            0.00            0.00            0.00            0.00
MemTotal                63888.29        64461.80       514048.00       514048.00      1156446.08
MemFree                 45266.44        55813.29       486237.99       514047.97      1101365.69
MemUsed                 18621.85         8648.50        27810.01            0.03        55080.39
Dirty                       0.12            0.09            0.00            0.00            0.21
Writeback                   0.00            0.00            0.00            0.00            0.00
FilePages                 517.20           12.24            3.02            0.00          532.46
AnonPages                8905.60           17.54        27806.96            0.00        36730.09
PageTables                102.89            0.45            0.00            0.00          103.34
WritebackTmp                0.00            0.00            0.00            0.00            0.00
MemTotal                63888.29        64461.80       514048.00       514048.00      1156446.08
MemFree                 45266.00        55813.29       486237.99       514047.97      1101365.25
MemUsed                 18622.29         8648.50        27810.01            0.03        55080.84
Dirty                       0.11            0.09            0.00            0.00            0.20
Writeback                   0.00            0.00            0.00            0.00            0.00
FilePages                 517.20           12.32            3.02            0.00          532.54
AnonPages                8905.67           17.46        27806.96            0.00        36730.08
PageTables                102.89            0.45            0.00            0.00          103.34
WritebackTmp                0.00            0.00            0.00            0.00            0.00
MemTotal                63888.29        64461.80       514048.00       514048.00      1156446.08
MemFree                 45267.05        55813.29       486237.99       514047.97      1101366.30
MemUsed                 18621.23         8648.50        27810.01            0.03        55079.78
Dirty                       0.06            0.09            0.00            0.00            0.15
Writeback                   0.00            0.00            0.00            0.00            0.00
FilePages                 517.20           12.33            3.02            0.00          532.56
AnonPages                8905.02           17.46        27806.96            0.00        36729.43
PageTables                102.84            0.45            0.00            0.00          103.29
WritebackTmp                0.00            0.00            0.00            0.00            0.00
MemTotal                63888.29        64461.80       514048.00       514048.00      1156446.08
MemFree                 45266.81        55813.29       486237.99       514047.97      1101366.06
MemUsed                 18621.47         8648.50        27810.01            0.03        55080.02
Dirty                       0.20            0.10            0.00            0.00            0.30
Writeback                   0.00            0.00            0.00            0.00            0.00
FilePages                 517.20           12.35            3.02            0.00          532.57
AnonPages                8905.25           17.46        27806.96            0.00        36729.66
PageTables                102.80            0.45            0.00            0.00          103.25
WritebackTmp                0.00            0.00            0.00            0.00            0.00
MemTotal                63888.29        64461.80       514048.00       514048.00      1156446.08
MemFree                 45267.37        55813.29       486237.99       514047.97      1101366.62
MemUsed                 18620.92         8648.50        27810.01            0.03        55079.46
Dirty                       0.18            0.11            0.00            0.00            0.30
Writeback                   0.00            0.00            0.00            0.00            0.00
FilePages                 517.20           12.36            3.02            0.00          532.59
AnonPages                8905.44           17.46        27806.96            0.00        36729.85
PageTables                102.80            0.45            0.00            0.00          103.25
WritebackTmp                0.00            0.00            0.00            0.00            0.00
MemTotal                63888.29        64461.80       514048.00       514048.00      1156446.08
MemFree                 45265.46        55813.29       486237.99       514047.97      1101364.71
MemUsed                 18622.83         8648.50        27810.01            0.03        55081.38
Dirty                       0.16            0.11            0.00            0.00            0.27
Writeback                   0.00            0.00            0.00            0.00            0.00
FilePages                 517.21           12.38            3.02            0.00          532.61
AnonPages                8905.68           17.46        27806.96            0.00        36730.09
PageTables                102.84            0.45            0.00            0.00          103.29
WritebackTmp                0.00            0.00            0.00            0.00            0.00
MemTotal                63888.29        64461.80       514048.00       514048.00      1156446.08
MemFree                 45265.13        55813.29       486237.99       514047.97      1101364.38
MemUsed                 18623.15         8648.50        27810.01            0.03        55081.70
Dirty                       0.11            0.09            0.00            0.00            0.20
Writeback                   0.00            0.00            0.00            0.00            0.00
FilePages                 517.21           12.39            3.02            0.00          532.63
AnonPages                8905.46           17.46        27806.96            0.00        36729.87
PageTables                102.80            0.45            0.00            0.00          103.25
WritebackTmp                0.00            0.00            0.00            0.00            0.00
MemTotal                63888.29        64461.80       514048.00       514048.00      1156446.08
MemFree                 45264.89        55813.29       486237.99       514047.97      1101364.14
MemUsed                 18623.40         8648.50        27810.01            0.03        55081.95
Dirty                       0.04            0.02            0.00            0.00            0.06
Writeback                   0.00            0.00            0.00            0.00            0.00
FilePages                 517.21           12.40            3.02            0.00          532.64
AnonPages                8905.73           17.62        27806.96            0.00        36730.31
PageTables                102.79            0.45            0.00            0.00          103.23
WritebackTmp                0.00            0.00            0.00            0.00            0.00
MemTotal                63888.29        64461.80       514048.00       514048.00      1156446.08
MemFree                 45266.11        55813.29       486237.99       514047.97      1101365.36
MemUsed                 18622.17         8648.50        27810.01            0.03        55080.72
Dirty                       0.06            0.10            0.00            0.00            0.16
Writeback                   0.00            0.00            0.00            0.00            0.00
FilePages                 517.21           12.41            3.02            0.00          532.65
AnonPages                8906.14           17.62        27806.96            0.00        36730.71
PageTables                102.87            0.45            0.00            0.00          103.32
WritebackTmp                0.00            0.00            0.00            0.00            0.00
MemTotal                63888.29        64461.80       514048.00       514048.00      1156446.08
MemFree                 45265.38        55813.05       486237.99       514047.97      1101364.38
MemUsed                 18622.91         8648.75        27810.01            0.03        55081.70
Dirty                       0.19            0.11            0.00            0.00            0.31
Writeback                   0.00            0.00            0.00            0.00            0.00
FilePages                 517.21           12.43            3.02            0.00          532.67
AnonPages                8906.23           17.57        27806.96            0.00        36730.75
PageTables                102.89            0.45            0.00            0.00          103.34
WritebackTmp                0.00            0.00            0.00            0.00            0.00
MemTotal                63888.29        64461.80       514048.00       514048.00      1156446.08
MemFree                 45265.38        55813.05       486237.99       514047.97      1101364.39
MemUsed                 18622.90         8648.75        27810.01            0.03        55081.70
Dirty                       0.17            0.12            0.00            0.00            0.29
Writeback                   0.00            0.00            0.00            0.00            0.00
FilePages                 517.22           12.44            3.02            0.00          532.68
AnonPages                8905.28           17.57        27806.96            0.00        36729.80
PageTables                102.84            0.45            0.00            0.00          103.29
WritebackTmp                0.00            0.00            0.00            0.00            0.00
MemTotal                63888.29        64461.80       514048.00       514048.00      1156446.08
MemFree                 45265.63        55813.05       486237.99       514047.97      1101364.63
MemUsed                 18622.66         8648.75        27810.01            0.03        55081.45
Dirty                       0.16            0.11            0.00            0.00            0.28
Writeback                   0.00            0.00            0.00            0.00            0.00
FilePages                 517.22           12.45            3.02            0.00          532.70
AnonPages                8905.50           17.57        27806.96            0.00        36730.02
PageTables                102.80            0.45            0.00            0.00          103.25
WritebackTmp                0.00            0.00            0.00            0.00            0.00
MemTotal                63888.29        64461.80       514048.00       514048.00      1156446.08
MemFree                 45265.88        55813.05       486237.99       514047.97      1101364.88
MemUsed                 18622.41         8648.75        27810.01            0.03        55081.20
Dirty                       0.12            0.09            0.00            0.00            0.21
Writeback                   0.00            0.00            0.00            0.00            0.00
FilePages                 517.22           12.47            3.02            0.00          532.71
AnonPages                8905.74           17.57        27806.96            0.00        36730.26
PageTables                102.81            0.45            0.00            0.00          103.26
WritebackTmp                0.00            0.00            0.00            0.00            0.00
MemTotal                63888.29        64461.80       514048.00       514048.00      1156446.08
MemFree                 45266.86        55813.05       486237.99       514047.97      1101365.86
MemUsed                 18621.43         8648.75        27810.01            0.03        55080.22
Dirty                       0.11            0.09            0.00            0.00            0.20
Writeback                   0.00            0.00            0.00            0.00            0.00
FilePages                 517.22           12.48            3.02            0.00          532.72
AnonPages                8905.15           17.57        27806.96            0.00        36729.68
PageTables                102.75            0.45            0.00            0.00          103.20
WritebackTmp                0.00            0.00            0.00            0.00            0.00
MemTotal                63888.29        64461.80       514048.00       514048.00      1156446.08
MemFree                 45265.88        55813.09       486237.99       514047.97      1101364.93
MemUsed                 18622.41         8648.70        27810.01            0.03        55081.15
Dirty                       0.06            0.09            0.00            0.00            0.16
Writeback                   0.00            0.00            0.00            0.00            0.00
FilePages                 517.22           12.48            3.02            0.00          532.73
AnonPages                8905.59           17.57        27806.96            0.00        36730.12
PageTables                102.84            0.45            0.00            0.00          103.29
WritebackTmp                0.00            0.00            0.00            0.00            0.00
MemTotal                63888.29        64461.80       514048.00       514048.00      1156446.08
MemFree                 45266.62        55813.09       486237.99       514047.97      1101365.67
MemUsed                 18621.67         8648.70        27810.01            0.03        55080.41
Dirty                       0.04            0.02            0.00            0.00            0.07
Writeback                   0.01            0.06            0.00            0.00            0.07
FilePages                 517.23           12.57            3.02            0.00          532.82
AnonPages                8904.90           17.57        27806.96            0.00        36729.43
PageTables                102.80            0.45            0.00            0.00          103.25
WritebackTmp                0.00            0.00            0.00            0.00            0.00
