MemTotal                63856.97        64493.11       514048.00       514048.00      1156446.08
MemFree                 54964.48        54750.45       514047.97       514047.97      1137810.87
MemUsed                  8892.48         9742.67            0.03            0.03        18635.21
Dirty                       0.00            0.00            0.00            0.00            0.01
Writeback                   0.00            0.00            0.00            0.00            0.00
FilePages                  75.11          310.12            0.00            0.00          385.23
AnonPages                  21.25          568.25            0.00            0.00          589.49
PageTables                  1.14           29.83            0.00            0.00           30.97
WritebackTmp                0.00            0.00            0.00            0.00            0.00
MemTotal                63856.97        64493.11       514048.00       514048.00      1156446.08
MemFree                 49817.73        54748.02       512917.26       514047.97      1131530.98
MemUsed                 14039.23         9745.10         1130.74            0.03        24915.10
Dirty                       0.05            0.06            0.00            0.00            0.11
Writeback                   0.03            0.00            0.00            0.00            0.03
FilePages                  75.95          310.83            0.20            0.00          386.98
AnonPages                5140.96          568.38         1126.27            0.00         6835.61
PageTables                 13.13           29.79            0.00            0.00           42.92
WritebackTmp                0.00            0.00            0.00            0.00            0.00
MemTotal                63856.97        64493.11       514048.00       514048.00      1156446.08
MemFree                 49804.16        54746.60       509558.06       514047.97      1128156.79
MemUsed                 14052.80         9746.52         4489.94            0.03        28289.29
Dirty                       0.25            0.03            0.00            0.00            0.28
Writeback                   0.00            0.00            0.00            0.00            0.00
FilePages                  75.95          310.84            0.21            0.00          387.00
AnonPages                5139.89          568.28         4487.26            0.00        10195.43
PageTables                 19.81           29.73            0.00            0.00           49.54
WritebackTmp                0.00            0.00            0.00            0.00            0.00
MemTotal                63856.97        64493.11       514048.00       514048.00      1156446.08
MemFree                 49791.77        54745.31       506406.06       514047.97      1124991.11
MemUsed                 14065.20         9747.80         7641.94            0.03        31454.98
Dirty                       0.16            0.02            0.00            0.00            0.18
Writeback                   0.00            0.00            0.00            0.00            0.00
FilePages                  75.95          311.30            0.21            0.00          387.47
AnonPages                5140.39          568.06         7639.26            0.00        13347.71
PageTables                 26.07           29.61            0.00            0.00           55.68
WritebackTmp                0.00            0.00            0.00            0.00            0.00
MemTotal                63856.97        64493.11       514048.00       514048.00      1156446.08
MemFree                 49779.96        54742.91       503160.06       514047.97      1121730.91
MemUsed                 14077.00         9750.20        10887.94            0.03        34715.18
Dirty                       0.27            0.03            0.00            0.00            0.30
Writeback                   0.00            0.00            0.00            0.00            0.00
FilePages                  75.96          312.42            0.21            0.00          388.59
AnonPages                5140.46          571.06        10887.26            0.00        16598.78
PageTables                 32.29           29.67            0.00            0.00           61.96
WritebackTmp                0.00            0.00            0.00            0.00            0.00
MemTotal                63856.97        64493.11       514048.00       514048.00      1156446.08
MemFree                 49767.84        54741.88       500088.06       514047.97      1118645.74
MemUsed                 14089.13         9751.23        13959.94            0.03        37800.34
Dirty                       0.15            0.02            0.00            0.00            0.17
Writeback                   0.00            0.00            0.00            0.00            0.00
FilePages                  75.97          312.43            0.21            0.00          388.61
AnonPages                5140.04          570.85        13959.26            0.00        19670.15
PageTables                 38.34           30.28            0.00            0.00           68.62
WritebackTmp                0.00            0.00            0.00            0.00            0.00
MemTotal                63856.97        64493.11       514048.00       514048.00      1156446.08
MemFree                 49754.42        54739.64       496684.06       514047.97      1115226.09
MemUsed                 14102.55         9753.48        17363.94            0.03        41220.00
Dirty                       0.13            0.04            0.00            0.00            0.17
Writeback                   0.01            0.00            0.00            0.00            0.01
FilePages                  75.98          312.44            0.21            0.00          388.64
AnonPages                5140.54          571.64        17357.26            0.00        23069.45
PageTables                 44.86           30.02            0.00            0.00           74.88
WritebackTmp                0.00            0.00            0.00            0.00            0.00
MemTotal                63856.97        64493.11       514048.00       514048.00      1156446.08
MemFree                 49741.92        54741.75       493940.06       514047.97      1112471.70
MemUsed                 14115.05         9751.36        20107.94            0.03        43974.38
Dirty                       0.01            0.01            0.00            0.00            0.02
Writeback                   0.00            0.00            0.00            0.00            0.00
FilePages                  75.99          312.45            0.21            0.00          388.65
AnonPages                5140.98          570.11        20103.26            0.00        25814.36
PageTables                 50.33           29.69            0.00            0.00           80.02
WritebackTmp                0.00            0.00            0.00            0.00            0.00
MemTotal                63856.97        64493.11       514048.00       514048.00      1156446.08
MemFree                 49732.29        54740.20       491476.06       514047.97      1109996.51
MemUsed                 14124.68         9752.92        22571.94            0.03        46449.57
Dirty                       0.15            0.02            0.00            0.00            0.17
Writeback                   0.01            0.00            0.00            0.00            0.01
FilePages                  76.42          312.46            0.21            0.00          389.09
AnonPages                5141.18          570.60        22563.26            0.00        28275.04
PageTables                 56.05           30.23            0.00            0.00           86.28
WritebackTmp                0.00            0.00            0.00            0.00            0.00
MemTotal                63856.97        64493.11       514048.00       514048.00      1156446.08
MemFree                 49719.57        54739.84       488563.81       514047.97      1107071.19
MemUsed                 14137.40         9753.27        25484.19            0.03        49374.89
Dirty                       0.21            0.02            0.00            0.00            0.22
Writeback                   0.00            0.00            0.00            0.00            0.00
FilePages                  76.42          312.46            0.21            0.00          389.09
AnonPages                5140.54          571.83        25479.55            0.00        31191.91
PageTables                 60.90           29.80            0.00            0.00           90.70
WritebackTmp                0.00            0.00            0.00            0.00            0.00
MemTotal                63856.97        64493.11       514048.00       514048.00      1156446.08
MemFree                 49712.11        54735.46       486391.32       514047.97      1104886.86
MemUsed                 14144.86         9757.65        27656.68            0.03        51559.22
Dirty                       0.22            0.02            0.00            0.00            0.24
Writeback                   0.00            0.00            0.00            0.00            0.00
FilePages                  76.47          312.48            0.21            0.00          389.16
AnonPages                5140.05          573.88        27654.00            0.00        33367.93
PageTables                 65.40           30.30            0.00            0.00           95.70
WritebackTmp                0.00            0.00            0.00            0.00            0.00
MemTotal                63856.97        64493.11       514048.00       514048.00      1156446.08
MemFree                 49715.72        54737.48       486387.32       514047.97      1104888.49
MemUsed                 14141.25         9755.63        27660.68            0.03        51557.59
Dirty                       0.19            0.02            0.00            0.00            0.20
Writeback                   0.00            0.00            0.00            0.00            0.00
FilePages                  76.48          312.48            0.21            0.00          389.17
AnonPages                5135.81          572.84        27658.00            0.00        33366.65
PageTables                 65.40           29.83            0.00            0.00           95.23
WritebackTmp                0.00            0.00            0.00            0.00            0.00
MemTotal                63856.97        64493.11       514048.00       514048.00      1156446.08
MemFree                 49720.33        54736.20       486383.32       514047.97      1104887.82
MemUsed                 14136.64         9756.91        27664.68            0.03        51558.26
Dirty                       0.12            0.01            0.00            0.00            0.14
Writeback                   0.00            0.00            0.00            0.00            0.00
FilePages                  76.48          313.10            0.21            0.00          389.79
AnonPages                5132.15          574.14        27662.00            0.00        33368.29
PageTables                 65.41           30.10            0.00            0.00           95.51
WritebackTmp                0.00            0.00            0.00            0.00            0.00
MemTotal                63856.97        64493.11       514048.00       514048.00      1156446.08
MemFree                 49726.68        54736.16       486379.32       514047.97      1104890.12
MemUsed                 14130.29         9756.96        27668.68            0.03        51555.96
Dirty                       0.16            0.03            0.00            0.00            0.20
Writeback                   0.00            0.00            0.00            0.00            0.00
FilePages                  76.76          313.24            0.21            0.00          390.21
AnonPages                5126.43          573.96        27668.00            0.00        33368.39
PageTables                 65.86           30.65            0.00            0.00           96.52
WritebackTmp                0.00            0.00            0.00            0.00            0.00
MemTotal                63856.97        64493.11       514048.00       514048.00      1156446.08
MemFree                 49730.62        54735.19       486375.32       514047.97      1104889.10
MemUsed                 14126.35         9757.92        27672.68            0.03        51556.98
Dirty                       0.15            0.02            0.00            0.00            0.17
Writeback                   0.00            0.00            0.00            0.00            0.00
FilePages                  76.76          313.25            0.21            0.00          390.22
AnonPages                5122.25          574.38        27672.00            0.00        33368.62
PageTables                 65.41           30.15            0.00            0.00           95.56
WritebackTmp                0.00            0.00            0.00            0.00            0.00
MemTotal                63856.97        64493.11       514048.00       514048.00      1156446.08
MemFree                 49734.75        54736.22       486367.32       514047.97      1104886.27
MemUsed                 14122.21         9756.89        27680.68            0.03        51559.82
Dirty                       0.01            0.02            0.00            0.00            0.03
Writeback                   0.01            0.01            0.00            0.00            0.02
FilePages                  76.76          313.26            0.21            0.00          390.23
AnonPages                5117.13          573.81        27678.00            0.00        33368.95
PageTables                 65.41           30.09            0.00            0.00           95.50
WritebackTmp                0.00            0.00            0.00            0.00            0.00
MemTotal                63856.97        64493.11       514048.00       514048.00      1156446.08
MemFree                 49737.19        54728.55       486363.32       514047.97      1104877.03
MemUsed                 14119.78         9764.57        27684.68            0.03        51569.05
Dirty                       0.04            0.02            0.00            0.00            0.06
Writeback                   0.00            0.00            0.00            0.00            0.00
FilePages                  78.16          317.10            0.21            0.00          395.47
AnonPages                5113.10          576.54        27682.00            0.00        33371.64
PageTables                 65.42           30.93            0.00            0.00           96.34
WritebackTmp                0.00            0.00            0.00            0.00            0.00
MemTotal                63856.97        64493.11       514048.00       514048.00      1156446.08
MemFree                 49742.29        54729.15       486355.32       514047.97      1104874.73
MemUsed                 14114.68         9763.96        27692.68            0.03        51571.35
Dirty                       0.21            0.02            0.00            0.00            0.23
Writeback                   0.00            0.00            0.00            0.00            0.00
FilePages                  78.17          317.11            0.21            0.00          395.49
AnonPages                5107.18          577.79        27688.00            0.00        33372.97
PageTables                 65.90           31.02            0.00            0.00           96.93
WritebackTmp                0.00            0.00            0.00            0.00            0.00
MemTotal                63856.97        64493.11       514048.00       514048.00      1156446.08
MemFree                 49746.36        54729.50       486351.32       514047.97      1104875.15
MemUsed                 14110.61         9763.62        27696.68            0.03        51570.93
Dirty                       0.21            0.02            0.00            0.00            0.22
Writeback                   0.00            0.00            0.00            0.00            0.00
FilePages                  78.18          317.11            0.21            0.00          395.50
AnonPages                5103.07          576.98        27692.00            0.00        33372.05
PageTables                 65.42           30.11            0.00            0.00           95.53
WritebackTmp                0.00            0.00            0.00            0.00            0.00
MemTotal                63856.97        64493.11       514048.00       514048.00      1156446.08
MemFree                 49752.98        54729.59       486347.32       514047.97      1104877.86
MemUsed                 14103.99         9763.53        27700.68            0.03        51568.23
Dirty                       0.20            0.02            0.00            0.00            0.21
Writeback                   0.00            0.00            0.00            0.00            0.00
FilePages                  78.18          317.12            0.21            0.00          395.52
AnonPages                5097.52          576.45        27698.00            0.00        33371.96
PageTables                 65.42           30.14            0.00            0.00           95.55
WritebackTmp                0.00            0.00            0.00            0.00            0.00
MemTotal                63856.97        64493.11       514048.00       514048.00      1156446.08
MemFree                 49756.05        54727.57       486343.32       514047.97      1104874.91
MemUsed                 14100.92         9765.54        27704.68            0.03        51571.17
Dirty                       0.14            0.02            0.00            0.00            0.16
Writeback                   0.00            0.00            0.00            0.00            0.00
FilePages                  78.19          317.13            0.21            0.00          395.53
AnonPages                5093.93          576.64        27702.00            0.00        33372.57
PageTables                 65.43           30.32            0.00            0.00           95.74
WritebackTmp                0.00            0.00            0.00            0.00            0.00
MemTotal                63856.97        64493.11       514048.00       514048.00      1156446.08
MemFree                 49763.68        54726.64       486335.32       514047.97      1104873.61
MemUsed                 14093.29         9766.48        27712.68            0.03        51572.47
Dirty                       0.02            0.01            0.00            0.00            0.03
Writeback                   0.00            0.00            0.00            0.00            0.00
FilePages                  78.19          317.14            0.21            0.00          395.54
AnonPages                5087.69          576.84        27708.00            0.00        33372.52
PageTables                 65.42           30.32            0.00            0.00           95.74
WritebackTmp                0.00            0.00            0.00            0.00            0.00
MemTotal                63856.97        64493.11       514048.00       514048.00      1156446.08
MemFree                 49766.05        54725.80       486331.32       514047.97      1104871.14
MemUsed                 14090.92         9767.32        27716.68            0.03        51574.95
Dirty                       0.04            0.01            0.00            0.00            0.05
Writeback                   0.00            0.00            0.00            0.00            0.00
FilePages                  78.19          317.15            0.21            0.00          395.55
AnonPages                5083.04          579.03        27712.00            0.00        33374.07
PageTables                 65.42           29.84            0.00            0.00           95.25
WritebackTmp                0.00            0.00            0.00            0.00            0.00
MemTotal                63856.97        64493.11       514048.00       514048.00      1156446.08
MemFree                 49769.91        54727.59       486327.32       514047.97      1104872.80
MemUsed                 14087.05         9765.52        27720.68            0.03        51573.29
Dirty                       0.17            0.02            0.00            0.00            0.18
Writeback                   0.00            0.00            0.00            0.00            0.00
FilePages                  79.08          317.16            0.21            0.00          396.45
AnonPages                5078.26          578.69        27718.00            0.00        33374.95
PageTables                 65.42           29.74            0.00            0.00           95.16
WritebackTmp                0.00            0.00            0.00            0.00            0.00
MemTotal                63856.97        64493.11       514048.00       514048.00      1156446.08
MemFree                 49774.50        54724.53       486323.32       514047.97      1104870.32
MemUsed                 14082.47         9768.59        27724.68            0.03        51575.77
Dirty                       0.21            0.02            0.00            0.00            0.23
Writeback                   0.00            0.00            0.00            0.00            0.00
FilePages                  79.09          317.17            0.21            0.00          396.46
AnonPages                5073.57          579.95        27722.00            0.00        33375.52
PageTables                 65.42           30.44            0.00            0.00           95.86
WritebackTmp                0.00            0.00            0.00            0.00            0.00
MemTotal                63856.97        64493.11       514048.00       514048.00      1156446.08
MemFree                 49780.51        54726.11       486315.32       514047.97      1104869.91
MemUsed                 14076.46         9767.00        27732.68            0.03        51576.17
Dirty                       0.12            0.02            0.00            0.00            0.13
Writeback                   0.00            0.00            0.00            0.00            0.00
FilePages                  79.09          317.18            0.21            0.00          396.48
AnonPages                5067.73          579.59        27728.00            0.00        33375.32
PageTables                 65.42           30.16            0.00            0.00           95.58
WritebackTmp                0.00            0.00            0.00            0.00            0.00
MemTotal                63856.97        64493.11       514048.00       514048.00      1156446.08
MemFree                 49784.76        54723.45       486315.32       514047.97      1104871.50
MemUsed                 14072.21         9769.66        27732.68            0.03        51574.58
Dirty                       0.16            0.02            0.00            0.00            0.18
Writeback                   0.00            0.00            0.00            0.00            0.00
FilePages                  79.09          317.19            0.21            0.00          396.49
AnonPages                5063.89          581.48        27732.00            0.00        33377.38
PageTables                 65.42           30.06            0.00            0.00           95.48
WritebackTmp                0.00            0.00            0.00            0.00            0.00
MemTotal                63856.97        64493.11       514048.00       514048.00      1156446.08
MemFree                 49793.00        54724.07       486307.32       514047.97      1104872.35
MemUsed                 14063.97         9769.05        27740.68            0.03        51573.73
Dirty                       0.12            0.02            0.00            0.00            0.14
Writeback                   0.01            0.00            0.00            0.00            0.01
FilePages                  79.10          317.20            0.21            0.00          396.50
AnonPages                5057.18          581.73        27738.00            0.00        33376.90
PageTables                 65.42           29.97            0.00            0.00           95.39
WritebackTmp                0.00            0.00            0.00            0.00            0.00
MemTotal                63856.97        64493.11       514048.00       514048.00      1156446.08
MemFree                 49797.52        54716.64       486302.34       514047.97      1104864.47
MemUsed                 14059.45         9776.47        27745.66            0.03        51581.61
Dirty                       0.04            0.01            0.00            0.00            0.05
Writeback                   0.00            0.00            0.00            0.00            0.00
FilePages                  79.10          317.20            0.21            0.00          396.52
AnonPages                5052.54          587.28        27742.78            0.00        33382.60
PageTables                 65.42           29.84            0.00            0.00           95.25
WritebackTmp                0.00            0.00            0.00            0.00            0.00
MemTotal                63856.97        64493.11       514048.00       514048.00      1156446.08
MemFree                 49803.53        54717.43       486294.34       514047.97      1104863.27
MemUsed                 14053.44         9775.68        27753.66            0.03        51582.82
Dirty                       0.20            0.02            0.00            0.00            0.22
Writeback                   0.00            0.00            0.00            0.00            0.00
FilePages                  79.10          317.21            0.21            0.00          396.53
AnonPages                5046.71          588.20        27748.78            0.00        33383.69
PageTables                 65.42           30.63            0.00            0.00           96.05
WritebackTmp                0.00            0.00            0.00            0.00            0.00
MemTotal                63856.97        64493.11       514048.00       514048.00      1156446.08
MemFree                 49807.28        54717.20       486290.34       514047.97      1104862.79
MemUsed                 14049.69         9775.91        27757.66            0.03        51583.30
Dirty                       0.20            0.02            0.00            0.00            0.21
Writeback                   0.00            0.00            0.00            0.00            0.00
FilePages                  79.47          317.22            0.21            0.00          396.90
AnonPages                5042.86          589.91        27752.78            0.00        33385.55
PageTables                 65.42           30.47            0.00            0.00           95.89
WritebackTmp                0.00            0.00            0.00            0.00            0.00
