MemTotal                63888.29        64461.80       514048.00       514048.00      1156446.08
MemFree                 50125.89        55790.79       514047.97       514047.94      1134012.59
MemUsed                 13762.39         8671.00            0.03            0.06        22433.49
Dirty                       0.12            0.00            0.00            0.00            0.12
Writeback                   0.00            0.00            0.00            0.00            0.00
FilePages                 403.43            6.51            0.00            0.00          409.94
AnonPages                4320.00           30.42            0.00            0.00         4350.42
PageTables                 38.82            0.50            0.00            0.00           39.31
WritebackTmp                0.00            0.00            0.00            0.00            0.00
MemTotal                63888.29        64461.80       514048.00       514048.00      1156446.08
MemFree                 44976.20        55788.34       512903.85       514047.94      1127716.32
MemUsed                 18912.08         8673.46         1144.15            0.06        28729.76
Dirty                       0.44            0.00            0.00            0.00            0.44
Writeback                   0.00            0.00            0.00            0.00            0.00
FilePages                 401.34            6.52            2.92            0.00          410.77
AnonPages                9441.40           30.62         1139.12            0.00        10611.14
PageTables                 51.22            0.50            0.00            0.00           51.71
WritebackTmp                0.00            0.00            0.00            0.00            0.00
MemTotal                63888.29        64461.80       514048.00       514048.00      1156446.08
MemFree                 44962.43        55788.19       509553.11       514047.94      1124351.67
MemUsed                 18925.86         8673.61         4494.89            0.06        32094.41
Dirty                       0.50            0.00            0.02            0.00            0.51
Writeback                   0.01            0.00            0.00            0.00            0.01
FilePages                 401.85            6.52            2.92            0.00          411.29
AnonPages                9440.34           30.94         4489.81            0.00        13961.09
PageTables                 57.36            0.50            0.00            0.00           57.86
WritebackTmp                0.00            0.00            0.00            0.00            0.00
MemTotal                63888.29        64461.80       514048.00       514048.00      1156446.08
MemFree                 44912.20        55789.87       506352.87       514047.94      1121102.88
MemUsed                 18976.09         8671.93         7695.13            0.06        35343.21
Dirty                       0.39            0.00            0.00            0.00            0.39
Writeback                   0.00            0.00            0.00            0.00            0.00
FilePages                 437.34            6.53            2.93            0.00          446.80
AnonPages                9442.88           30.63         7689.81            0.00        17163.31
PageTables                 63.51            0.50            0.00            0.00           64.00
WritebackTmp                0.00            0.00            0.00            0.00            0.00
MemTotal                63888.29        64461.80       514048.00       514048.00      1156446.08
MemFree                 44898.88        55790.12       503101.17       514047.94      1117838.10
MemUsed                 18989.41         8671.68        10946.83            0.06        38607.98
Dirty                       1.49            0.00            0.02            0.00            1.50
Writeback                   0.00            0.00            0.00            0.00            0.00
FilePages                 438.01            6.54            2.93            0.00          447.47
AnonPages                9442.39           30.90        10941.81            0.00        20415.10
PageTables                 70.11            0.50            0.00            0.00           70.61
WritebackTmp                0.00            0.00            0.00            0.00            0.00
MemTotal                63888.29        64461.80       514048.00       514048.00      1156446.08
MemFree                 44885.27        55790.52       500064.97       514047.94      1114788.70
MemUsed                 19003.02         8671.27        13983.03            0.06        41657.38
Dirty                       2.28            0.00            0.00            0.00            2.28
Writeback                   0.00            0.00            0.00            0.00            0.00
FilePages                 438.79            6.55            2.93            0.00          448.26
AnonPages                9441.70           30.82        13971.81            0.00        23444.32
PageTables                 75.81            0.50            0.00            0.00           76.31
WritebackTmp                0.00            0.00            0.00            0.00            0.00
MemTotal                63888.29        64461.80       514048.00       514048.00      1156446.08
MemFree                 44871.91        55789.61       496620.97       514047.94      1111330.43
MemUsed                 19016.37         8672.19        17427.03            0.06        45115.65
Dirty                       3.13            0.00            0.02            0.00            3.15
Writeback                   0.00            0.00            0.00            0.00            0.00
FilePages                 438.86            6.55            2.93            0.00          448.34
AnonPages                9442.43           31.22        17417.81            0.00        26891.46
PageTables                 82.80            0.50            0.00            0.00           83.30
WritebackTmp                0.00            0.00            0.00            0.00            0.00
MemTotal                63888.29        64461.80       514048.00       514048.00      1156446.08
MemFree                 44857.98        55790.25       493928.97       514047.94      1108625.13
MemUsed                 19030.30         8671.55        20119.03            0.06        47820.95
Dirty                       3.74            0.00            0.01            0.00            3.75
Writeback                   0.00            0.00            0.00            0.00            0.00
FilePages                 439.38            6.56            2.93            0.00          448.87
AnonPages                9443.89           30.56        20109.80            0.00        29584.26
PageTables                 87.71            0.50            0.00            0.00           88.20
WritebackTmp                0.00            0.00            0.00            0.00            0.00
MemTotal                63888.29        64461.80       514048.00       514048.00      1156446.08
MemFree                 44847.19        55789.54       491357.50       514047.94      1106042.17
MemUsed                 19041.09         8672.26        22690.50            0.06        50403.91
Dirty                       4.36            0.00            0.02            0.00            4.37
Writeback                   0.00            0.00            0.00            0.00            0.00
FilePages                 439.41            6.57            2.93            0.00          448.91
AnonPages                9445.22           30.73        22683.24            0.00        32159.19
PageTables                 92.83            0.50            0.00            0.00           93.32
WritebackTmp                0.00            0.00            0.00            0.00            0.00
