MemTotal                63888.29        64466.73       514048.00       514048.00      1156451.01
MemFree                 53941.18        55595.41       514034.84       514047.69      1137619.11
MemUsed                  9947.11         8871.32           13.16            0.31        18831.90
Dirty                       0.05            0.02            0.00            0.00            0.07
Writeback                   0.00            0.00            0.00            0.00            0.00
FilePages                 317.96           31.79            0.04            0.00          349.80
AnonPages                 565.52           59.28            0.00            0.00          624.80
PageTables                 28.46            2.56            0.00            0.00           31.02
WritebackTmp                0.00            0.00            0.00            0.00            0.00
MemTotal                63888.29        64466.73       514048.00       514048.00      1156451.01
MemFree                 44425.61        55595.91       514035.29       514047.69      1128104.49
MemUsed                 19462.68         8870.82           12.71            0.31        28346.52
Dirty                       0.04            0.00            0.00            0.00            0.05
Writeback                   0.00            0.00            0.00            0.00            0.00
FilePages                 320.10           32.05            0.04            0.00          352.19
AnonPages               10041.89           59.28            0.00            0.00        10101.18
PageTables                 46.69            2.56            0.00            0.00           49.25
WritebackTmp                0.00            0.00            0.00            0.00            0.00
MemTotal                63888.29        64466.73       514048.00       514048.00      1156451.01
MemFree                 39839.07        55595.28       514035.29       514047.69      1123517.32
MemUsed                 24049.22         8871.45           12.71            0.31        32933.69
Dirty                       0.02            0.01            0.00            0.00            0.02
Writeback                   0.00            0.00            0.00            0.00            0.00
FilePages                 320.11           32.05            0.04            0.00          352.20
AnonPages               14608.11           59.28            0.00            0.00        14667.39
PageTables                 55.27            2.56            0.00            0.00           57.84
WritebackTmp                0.00            0.00            0.00            0.00            0.00
MemTotal                63888.29        64466.73       514048.00       514048.00      1156451.01
MemFree                 34529.96        55595.52       514035.29       514047.69      1118208.46
MemUsed                 29358.33         8871.20           12.71            0.31        38242.55
Dirty                       0.02            0.00            0.00            0.00            0.02
Writeback                   0.00            0.00            0.00            0.00            0.00
FilePages                 320.11           32.05            0.04            0.00          352.20
AnonPages               19898.21           59.28            0.00            0.00        19957.50
PageTables                 65.68            2.56            0.00            0.00           68.24
WritebackTmp                0.00            0.00            0.00            0.00            0.00
MemTotal                63888.29        64466.73       514048.00       514048.00      1156451.01
MemFree                 29904.45        55595.52       514035.29       514047.69      1113582.95
MemUsed                 33983.84         8871.20           12.71            0.31        42868.07
Dirty                       0.06            0.02            0.00            0.00            0.08
Writeback                   0.00            0.00            0.00            0.00            0.00
FilePages                 320.12           32.32            0.04            0.00          352.48
AnonPages               24505.54           59.28            0.00            0.00        24564.82
PageTables                 74.96            2.56            0.00            0.00           77.52
WritebackTmp                0.00            0.00            0.00            0.00            0.00
MemTotal                63888.29        64466.73       514048.00       514048.00      1156451.01
MemFree                 27848.60        55596.02       514035.54       514047.69      1111527.84
MemUsed                 36039.68         8870.71           12.46            0.31        44923.17
Dirty                       0.02            0.00            0.00            0.00            0.02
Writeback                   0.00            0.00            0.00            0.00            0.00
FilePages                 320.13           32.32            0.04            0.00          352.49
AnonPages               26553.74           59.29            0.00            0.00        26613.02
PageTables                 79.00            2.56            0.00            0.00           81.56
WritebackTmp                0.00            0.00            0.00            0.00            0.00
MemTotal                63888.29        64466.73       514048.00       514048.00      1156451.01
MemFree                 25536.29        55596.02       514035.78       514047.69      1109215.78
MemUsed                 38351.99         8870.71           12.22            0.31        47235.23
Dirty                       0.02            0.00            0.00            0.00            0.02
Writeback                   0.00            0.00            0.00            0.00            0.00
FilePages                 320.14           32.32            0.04            0.00          352.50
AnonPages               28856.98           59.30            0.00            0.00        28916.29
PageTables                 83.46            2.56            0.00            0.00           86.02
WritebackTmp                0.00            0.00            0.00            0.00            0.00
MemTotal                63888.29        64466.73       514048.00       514048.00      1156451.01
MemFree                 24249.73        55596.02       514036.03       514047.69      1107929.46
MemUsed                 39638.55         8870.71           11.97            0.31        48521.55
Dirty                       0.01            0.00            0.00            0.00            0.01
Writeback                   0.00            0.00            0.00            0.00            0.00
FilePages                 320.15           32.32            0.04            0.00          352.50
AnonPages               30136.61           59.32            0.00            0.00        30195.93
PageTables                 85.69            2.56            0.00            0.00           88.25
WritebackTmp                0.00            0.00            0.00            0.00            0.00
MemTotal                63888.29        64466.73       514048.00       514048.00      1156451.01
MemFree                 23838.37        55596.02       513676.58       514047.69      1107158.65
MemUsed                 40049.92         8870.71          371.42            0.31        49292.36
Dirty                       0.00            0.00            0.02            0.00            0.02
Writeback                   0.00            0.00            0.00            0.00            0.00
FilePages                 317.14           32.32            3.71            0.00          353.17
AnonPages               30548.86           59.16          356.00            0.00        30964.02
PageTables                 87.50            2.56            0.00            0.00           90.06
WritebackTmp                0.00            0.00            0.00            0.00            0.00
MemTotal                63888.29        64466.73       514048.00       514048.00      1156451.01
MemFree                 24027.25        55596.02       513104.59       514047.69      1106775.54
MemUsed                 39861.04         8870.71          943.41            0.31        49675.47
Dirty                       0.06            0.02            0.00            0.00            0.08
Writeback                   0.00            0.00            0.00            0.00            0.00
FilePages                 317.29           32.32            3.71            0.00          353.32
AnonPages               30359.73           59.17          928.00            0.00        31346.90
PageTables                 88.24            2.56            0.00            0.00           90.80
WritebackTmp                0.00            0.00            0.00            0.00            0.00
MemTotal                63888.29        64466.73       514048.00       514048.00      1156451.01
MemFree                 24026.76        55596.02       513104.59       514047.69      1106775.05
MemUsed                 39861.52         8870.71          943.41            0.31        49675.96
Dirty                       0.00            0.00            0.02            0.00            0.02
Writeback                   0.00            0.00            0.00            0.00            0.00
FilePages                 317.30           32.32            3.71            0.00          353.33
AnonPages               30359.74           59.17          928.00            0.00        31346.91
PageTables                 88.15            2.56            0.00            0.00           90.71
WritebackTmp                0.00            0.00            0.00            0.00            0.00
MemTotal                63888.29        64466.73       514048.00       514048.00      1156451.01
MemFree                 24029.05        55596.35       513098.83       514047.88      1106772.11
MemUsed                 39859.24         8870.38          949.17            0.12        49678.91
Dirty                       0.02            0.00            0.00            0.00            0.02
Writeback                   0.00            0.00            0.00            0.00            0.00
FilePages                 317.30           32.32            3.71            0.00          353.34
AnonPages               30357.99           59.17          930.00            0.00        31347.16
PageTables                 88.20            2.56            0.00            0.00           90.76
WritebackTmp                0.00            0.00            0.00            0.00            0.00
MemTotal                63888.29        64466.73       514048.00       514048.00      1156451.01
MemFree                 24027.31        55596.60       513105.18       514047.88      1106776.96
MemUsed                 39860.97         8870.13          942.82            0.12        49674.05
Dirty                       0.00            0.00            0.02            0.00            0.02
Writeback                   0.00            0.00            0.00            0.00            0.00
FilePages                 317.31           32.32            3.71            0.00          353.34
AnonPages               30360.21           59.17          928.00            0.00        31347.38
PageTables                 88.25            2.56            0.00            0.00           90.82
WritebackTmp                0.00            0.00            0.00            0.00            0.00
MemTotal                63888.29        64466.73       514048.00       514048.00      1156451.01
MemFree                 24027.38        55596.60       513105.43       514047.88      1106777.28
MemUsed                 39860.90         8870.13          942.57            0.12        49673.73
Dirty                       0.01            0.00            0.00            0.00            0.01
Writeback                   0.00            0.00            0.00            0.00            0.00
FilePages                 317.32           32.32            3.71            0.00          353.35
AnonPages               30360.28           59.17          928.00            0.00        31347.45
PageTables                 88.21            2.56            0.00            0.00           90.77
WritebackTmp                0.00            0.00            0.00            0.00            0.00
MemTotal                63888.29        64466.73       514048.00       514048.00      1156451.01
MemFree                 24026.96        55596.60       513099.43       514047.88      1106770.86
MemUsed                 39861.32         8870.13          948.57            0.12        49680.15
Dirty                       0.00            0.00            0.02            0.00            0.02
Writeback                   0.00            0.00            0.00            0.00            0.00
FilePages                 317.33           32.32            3.71            0.00          353.36
AnonPages               30360.51           59.17          928.00            0.00        31347.68
PageTables                 88.27            2.56            0.00            0.00           90.83
WritebackTmp                0.00            0.00            0.00            0.00            0.00
MemTotal                63888.29        64466.73       514048.00       514048.00      1156451.01
MemFree                 24030.80        55596.60       513097.43       514047.88      1106772.70
MemUsed                 39857.48         8870.13          950.57            0.12        49678.31
Dirty                       0.02            0.00            0.00            0.00            0.02
Writeback                   0.00            0.00            0.00            0.00            0.00
FilePages                 317.34           32.32            3.72            0.00          353.37
AnonPages               30356.66           59.17          932.00            0.00        31347.83
PageTables                 88.24            2.56            0.00            0.00           90.80
WritebackTmp                0.00            0.00            0.00            0.00            0.00
MemTotal                63888.29        64466.73       514048.00       514048.00      1156451.01
MemFree                 24026.59        55596.60       513105.43       514047.88      1106776.48
MemUsed                 39861.70         8870.13          942.57            0.12        49674.53
Dirty                       0.00            0.00            0.00            0.00            0.00
Writeback                   0.00            0.00            0.00            0.00            0.00
FilePages                 317.34           32.32            3.72            0.00          353.38
AnonPages               30360.84           59.17          928.00            0.00        31348.01
PageTables                 88.21            2.56            0.00            0.00           90.77
WritebackTmp                0.00            0.00            0.00            0.00            0.00
MemTotal                63888.29        64466.73       514048.00       514048.00      1156451.01
MemFree                 24027.41        55596.60       513103.67       514047.88      1106775.55
MemUsed                 39860.88         8870.13          944.33            0.12        49675.46
Dirty                       0.01            0.00            0.02            0.00            0.02
Writeback                   0.00            0.00            0.00            0.00            0.00
FilePages                 317.35           32.32            3.72            0.00          353.39
AnonPages               30359.27           59.17          928.00            0.00        31346.45
PageTables                 88.25            2.56            0.00            0.00           90.81
WritebackTmp                0.00            0.00            0.00            0.00            0.00
MemTotal                63888.29        64466.73       514048.00       514048.00      1156451.01
MemFree                 24027.69        55596.35       513103.67       514047.88      1106775.59
MemUsed                 39860.60         8870.38          944.33            0.12        49675.43
Dirty                       0.00            0.00            0.00            0.00            0.00
Writeback                   0.00            0.00            0.00            0.00            0.00
FilePages                 317.36           32.32            3.72            0.00          353.39
AnonPages               30359.50           59.23          928.00            0.00        31346.74
PageTables                 88.29            2.56            0.00            0.00           90.85
WritebackTmp                0.00            0.00            0.00            0.00            0.00
MemTotal                63888.29        64466.73       514048.00       514048.00      1156451.01
MemFree                 24027.70        55596.35       513099.67       514047.88      1106771.60
MemUsed                 39860.58         8870.38          948.33            0.12        49679.41
Dirty                       0.01            0.00            0.02            0.00            0.03
Writeback                   0.00            0.00            0.00            0.00            0.00
FilePages                 317.37           32.32            3.72            0.00          353.41
AnonPages               30359.42           59.23          928.00            0.00        31346.66
PageTables                 88.25            2.56            0.00            0.00           90.81
WritebackTmp                0.00            0.00            0.00            0.00            0.00
MemTotal                63888.29        64466.73       514048.00       514048.00      1156451.01
MemFree                 24027.00        55596.35       513103.92       514047.88      1106775.14
MemUsed                 39861.29         8870.38          944.08            0.12        49675.87
Dirty                       0.00            0.00            0.00            0.00            0.00
Writeback                   0.00            0.00            0.00            0.00            0.00
FilePages                 317.38           32.32            3.72            0.00          353.41
AnonPages               30359.78           59.24          928.00            0.00        31347.02
PageTables                 88.28            2.56            0.00            0.00           90.84
WritebackTmp                0.00            0.00            0.00            0.00            0.00
MemTotal                63888.29        64466.73       514048.00       514048.00      1156451.01
MemFree                 24023.85        55596.35       513104.17       514047.88      1106772.25
MemUsed                 39864.43         8870.38          943.83            0.12        49678.77
Dirty                       0.01            0.00            0.02            0.00            0.03
Writeback                   0.00            0.00            0.00            0.00            0.00
FilePages                 320.34           32.32            3.72            0.00          356.38
AnonPages               30360.41           59.25          928.00            0.00        31347.67
PageTables                 88.73            2.56            0.00            0.00           91.29
WritebackTmp                0.00            0.00            0.00            0.00            0.00
MemTotal                63888.29        64466.73       514048.00       514048.00      1156451.01
MemFree                 24023.75        55596.35       513101.92       514047.88      1106769.89
MemUsed                 39864.54         8870.38          946.08            0.12        49681.12
Dirty                       0.00            0.00            0.00            0.00            0.01
Writeback                   0.00            0.00            0.00            0.00            0.00
FilePages                 320.38           32.32            3.72            0.00          356.42
AnonPages               30362.17           59.26          926.27            0.00        31347.70
PageTables                 88.16            2.56            0.00            0.00           90.72
WritebackTmp                0.00            0.00            0.00            0.00            0.00
MemTotal                63888.29        64466.73       514048.00       514048.00      1156451.01
MemFree                 24020.58        55596.37       513108.17       514047.88      1106772.99
MemUsed                 39867.70         8870.36          939.83            0.12        49678.02
Dirty                       0.01            0.00            0.02            0.00            0.02
Writeback                   0.00            0.00            0.00            0.00            0.00
FilePages                 320.39           32.32            3.72            0.00          356.43
AnonPages               30365.97           59.26          924.27            0.00        31349.50
PageTables                 88.25            2.56            0.00            0.00           90.81
WritebackTmp                0.00            0.00            0.00            0.00            0.00
MemTotal                63888.29        64466.73       514048.00       514048.00      1156451.01
MemFree                 24029.87        55596.37       513100.17       514047.88      1106774.28
MemUsed                 39858.41         8870.36          947.83            0.12        49676.73
Dirty                       0.00            0.00            0.00            0.00            0.00
Writeback                   0.00            0.00            0.00            0.00            0.00
FilePages                 320.40           32.32            3.72            0.00          356.44
AnonPages               30356.09           59.26          934.27            0.00        31349.61
PageTables                 88.27            2.56            0.00            0.00           90.84
WritebackTmp                0.00            0.00            0.00            0.00            0.00
MemTotal                63888.29        64466.73       514048.00       514048.00      1156451.01
MemFree                 24021.75        55596.41       513104.34       514047.88      1106770.37
MemUsed                 39866.54         8870.32          943.66            0.12        49680.64
Dirty                       0.00            0.00            0.02            0.00            0.02
Writeback                   0.00            0.00            0.00            0.00            0.00
FilePages                 320.40           32.32            3.73            0.00          356.45
AnonPages               30364.25           59.26          926.27            0.00        31349.77
PageTables                 88.25            2.56            0.00            0.00           90.81
WritebackTmp                0.00            0.00            0.00            0.00            0.00
MemTotal                63888.29        64466.73       514048.00       514048.00      1156451.01
MemFree                 24021.04        55596.41       513106.34       514047.88      1106771.66
MemUsed                 39867.25         8870.32          941.66            0.12        49679.35
Dirty                       0.00            0.00            0.00            0.00            0.00
Writeback                   0.00            0.00            0.00            0.00            0.00
FilePages                 320.41           32.32            3.73            0.00          356.46
AnonPages               30364.44           59.26          926.27            0.00        31349.97
PageTables                 88.27            2.56            0.00            0.00           90.83
WritebackTmp                0.00            0.00            0.00            0.00            0.00
MemTotal                63888.29        64466.73       514048.00       514048.00      1156451.01
MemFree                 24021.54        55596.41       513106.34       514047.88      1106772.16
MemUsed                 39866.75         8870.32          941.66            0.12        49678.86
Dirty                       0.01            0.00            0.02            0.00            0.02
Writeback                   0.00            0.00            0.00            0.00            0.00
FilePages                 320.42           32.32            3.73            0.00          356.46
AnonPages               30363.61           59.26          926.27            0.00        31349.14
PageTables                 88.25            2.56            0.00            0.00           90.81
WritebackTmp                0.00            0.00            0.00            0.00            0.00
MemTotal                63888.29        64466.73       514048.00       514048.00      1156451.01
MemFree                 24021.06        55596.41       513104.34       514047.88      1106769.68
MemUsed                 39867.23         8870.32          943.66            0.12        49681.33
Dirty                       0.00            0.00            0.00            0.00            0.00
Writeback                   0.00            0.00            0.00            0.00            0.00
FilePages                 320.43           32.32            3.73            0.00          356.47
AnonPages               30363.73           59.26          926.27            0.00        31349.26
PageTables                 88.23            2.56            0.00            0.00           90.80
WritebackTmp                0.00            0.00            0.00            0.00            0.00
MemTotal                63888.29        64466.73       514048.00       514048.00      1156451.01
MemFree                 24021.82        55596.41       513104.34       514047.88      1106770.44
MemUsed                 39866.46         8870.32          943.66            0.12        49680.57
Dirty                       0.00            0.00            0.02            0.00            0.02
Writeback                   0.00            0.00            0.00            0.00            0.00
FilePages                 320.43           32.32            3.73            0.00          356.48
AnonPages               30363.89           59.26          926.27            0.00        31349.42
PageTables                 88.26            2.56            0.00            0.00           90.82
WritebackTmp                0.00            0.00            0.00            0.00            0.00
MemTotal                63888.29        64466.73       514048.00       514048.00      1156451.01
MemFree                 50200.71        55596.41       514030.34       514047.88      1133875.34
MemUsed                 13687.57         8870.32           17.66            0.12        22575.68
Dirty                       0.00            0.00            0.00            0.00            0.00
Writeback                   0.00            0.00            0.00            0.00            0.00
FilePages                 320.44           32.32            3.73            0.00          356.49
AnonPages                 570.11           59.26            0.27            0.00          629.64
PageTables                 28.21            2.56            0.00            0.00           30.78
WritebackTmp                0.00            0.00            0.00            0.00            0.00
