72.47234599099998
70.97018150388936
71.97375085331748
72.48818031885652
72.08621141907842
71.29766672470834
73.32862471582757
72.64917524631905
71.63402692778457
71.75661678824073
71.61206052030042
71.82415450416686
72.90147195332185
72.56621411083908
72.28172242055622
71.03905994995104
71.76994466856249
71.26856008287292
71.66379728954223
72.40471331709566
71.37248914963686
71.6950633464395
71.68960710863315
72.56343111150233
72.42572062084257
71.54321120457821
72.33190208490106
71.11188689125501
71.32712328767123
72.06133625410733
72.80335651981892
72.38743316689497
72.22405561789101
73.12037570333614
71.69724670326066
71.96212054164086
71.36923989715868
73.8186548251811
70.62145670143246
72.71199186092804
72.40525529209698
72.89067502815378
71.14677292232244
73.2102386348487
71.70313488514148
70.947791691252
72.43303816659709
72.08661417322834
72.04858088107261
72.39717435795868
71.37354460299396
71.90109962758103
72.7557941715826
72.50594347098706
71.9706108125891
71.76297338286041
71.96304951717448
71.90277565460461
71.76942289996056
71.43543700985211
72.26515466625801
71.3546085405382
72.32426704344755
72.38742005670206
71.90474092351074
71.35863983041587
72.51937209973579
72.69289457971207
72.20225471592812
72.12234924513483
72.36042495518734
71.36887452880991
70.70458149402134
73.24272529021742
73.58900947688484
71.57032498668087
