MemTotal                63861.90        64493.11       514048.00       514048.00      1156451.01
MemFree                 53378.93        55746.07       514019.66       514047.91      1137192.57
MemUsed                 10482.96         8747.04           28.34            0.09        19258.44
Dirty                       0.17            0.01            0.00            0.00            0.18
Writeback                   0.00            0.00            0.00            0.00            0.00
FilePages                 364.67            2.42            0.00            0.00          367.09
AnonPages                 715.84           16.06            0.00            0.00          731.89
PageTables                 30.51            0.12            0.00            0.00           30.63
WritebackTmp                0.00            0.00            0.00            0.00            0.00
MemTotal                63861.90        64493.11       514048.00       514048.00      1156451.01
MemFree                 48400.08        55746.39       514020.25       514047.91      1132214.62
MemUsed                 15461.82         8746.72           27.75            0.09        24236.39
Dirty                       0.06            0.00            0.00            0.00            0.06
Writeback                   0.00            0.00            0.00            0.00            0.00
FilePages                2844.57            2.42            0.00            0.00         2847.00
AnonPages                3194.46           16.06            0.00            0.00         3210.52
PageTables                 35.49            0.12            0.00            0.00           35.61
WritebackTmp                0.00            0.00            0.00            0.00            0.00
MemTotal                63861.90        64493.11       514048.00       514048.00      1156451.01
MemFree                 43411.91        55746.39       514022.99       514047.91      1127229.20
MemUsed                 20449.98         8746.72           25.01            0.09        29221.81
Dirty                       0.00            0.00            0.00            0.00            0.00
Writeback                   0.00            0.00            0.00            0.00            0.00
FilePages                5330.06            2.42            0.00            0.00         5332.49
AnonPages                5681.25           16.06            0.00            0.00         5697.30
PageTables                 40.46            0.12            0.00            0.00           40.58
WritebackTmp                0.00            0.00            0.00            0.00            0.00
MemTotal                63861.90        64493.11       514048.00       514048.00      1156451.01
MemFree                 38431.34        55746.39       514023.24       514047.91      1122248.87
MemUsed                 25430.56         8746.72           24.76            0.09        34202.14
Dirty                       0.03            0.00            0.00            0.00            0.03
Writeback                   0.00            0.00            0.00            0.00            0.00
FilePages                7813.51            2.42            0.00            0.00         7815.93
AnonPages                8163.40           16.06            0.00            0.00         8179.46
PageTables                 45.25            0.12            0.00            0.00           45.37
WritebackTmp                0.00            0.00            0.00            0.00            0.00
MemTotal                63861.90        64493.11       514048.00       514048.00      1156451.01
MemFree                 33432.21        55746.39       514023.48       514047.91      1117250.00
MemUsed                 30429.68         8746.72           24.52            0.09        39201.02
Dirty                       0.01            0.00            0.00            0.00            0.01
Writeback                   0.00            0.00            0.00            0.00            0.00
FilePages               10304.59            2.42            0.00            0.00        10307.02
AnonPages               10655.60           16.06            0.00            0.00        10671.66
PageTables                 50.19            0.12            0.00            0.00           50.30
WritebackTmp                0.00            0.00            0.00            0.00            0.00
MemTotal                63861.90        64493.11       514048.00       514048.00      1156451.01
MemFree                 28416.84        55746.39       514023.48       514047.91      1112234.62
MemUsed                 35445.06         8746.72           24.52            0.09        44216.39
Dirty                       0.02            0.00            0.00            0.00            0.02
Writeback                   0.00            0.00            0.00            0.00            0.00
FilePages               12805.61            2.42            0.00            0.00        12808.03
AnonPages               13154.84           16.06            0.00            0.00        13170.89
PageTables                 55.07            0.12            0.00            0.00           55.18
WritebackTmp                0.00            0.00            0.00            0.00            0.00
MemTotal                63861.90        64493.11       514048.00       514048.00      1156451.01
MemFree                 23387.96        55746.39       514023.98       514047.91      1107206.24
MemUsed                 40473.93         8746.72           24.02            0.09        49244.77
Dirty                       0.02            0.00            0.00            0.00            0.02
Writeback                   0.00            0.00            0.00            0.00            0.00
FilePages               15310.48            2.42            0.00            0.00        15312.90
AnonPages               15661.05           16.06            0.00            0.00        15677.11
PageTables                 59.99            0.12            0.00            0.00           60.11
WritebackTmp                0.00            0.00            0.00            0.00            0.00
MemTotal                63861.90        64493.11       514048.00       514048.00      1156451.01
MemFree                 20503.07        55746.39       512030.36       514047.91      1102327.73
MemUsed                 43358.83         8746.72         2017.64            0.09        54123.29
Dirty                       0.00            0.00            0.01            0.00            0.02
Writeback                   0.00            0.00            0.00            0.00            0.00
FilePages               16032.27            2.42         1709.37            0.00        17744.06
AnonPages               17809.20           16.06          282.00            0.00        18107.26
PageTables                 64.79            0.12            0.00            0.00           64.90
WritebackTmp                0.00            0.00            0.00            0.00            0.00
MemTotal                63861.90        64493.11       514048.00       514048.00      1156451.01
MemFree                 20534.84        55746.39       507228.40       514047.91      1097557.54
MemUsed                 43327.06         8746.72         6819.60            0.09        58893.48
Dirty                       0.09            0.01            0.01            0.00            0.10
Writeback                   0.00            0.00            0.00            0.00            0.00
FilePages               14471.08            2.42         5649.84            0.00        20123.34
AnonPages               19325.16           16.06         1144.00            0.00        20485.21
PageTables                 69.28            0.12            0.00            0.00           69.40
WritebackTmp                0.00            0.00            0.00            0.00            0.00
MemTotal                63861.90        64493.11       514048.00       514048.00      1156451.01
MemFree                 20473.02        55746.39       502576.28       514047.91      1092843.60
MemUsed                 43388.88         8746.72        11471.72            0.09        63607.41
Dirty                       0.00            0.00            0.01            0.00            0.02
Writeback                   0.00            0.00            0.00            0.00            0.00
FilePages               13172.78            2.42         9296.12            0.00        22471.32
AnonPages               20669.58           16.06         2150.02            0.00        22835.65
PageTables                 74.03            0.12            0.00            0.00           74.14
WritebackTmp                0.00            0.00            0.00            0.00            0.00
MemTotal                63861.90        64493.11       514048.00       514048.00      1156451.01
MemFree                 20488.36        55746.40       498010.96       514047.91      1088293.62
MemUsed                 43373.54         8746.71        16037.04            0.09        68157.39
Dirty                       0.02            0.00            0.00            0.00            0.02
Writeback                   0.00            0.00            0.00            0.00            0.00
FilePages               12044.14            2.42        12693.79            0.00        24740.35
AnonPages               21771.69           16.06         3316.00            0.00        25103.75
PageTables                 78.46            0.12            0.00            0.00           78.58
WritebackTmp                0.00            0.00            0.00            0.00            0.00
MemTotal                63861.90        64493.11       514048.00       514048.00      1156451.01
MemFree                 20511.46        55746.40       493235.77       514047.91      1083541.54
MemUsed                 43350.44         8746.71        20812.23            0.09        72909.47
Dirty                       0.00            0.00            0.01            0.00            0.02
Writeback                   0.00            0.00            0.00            0.00            0.00
FilePages               10566.74            2.42        16540.70            0.00        27109.86
AnonPages               23211.07           16.06         4246.00            0.00        27473.12
PageTables                 83.10            0.12            0.00            0.00           83.21
WritebackTmp                0.00            0.00            0.00            0.00            0.00
MemTotal                63861.90        64493.11       514048.00       514048.00      1156451.01
MemFree                 20475.80        55746.40       488515.35       514047.91      1078785.46
MemUsed                 43386.10         8746.71        25532.65            0.09        77665.55
Dirty                       0.01            0.00            0.00            0.00            0.01
Writeback                   0.00            0.00            0.00            0.00            0.00
FilePages                9119.09            2.42        20358.25            0.00        29479.77
AnonPages               24679.16           16.06         5148.00            0.00        29843.22
PageTables                 87.72            0.12            0.00            0.00           87.84
WritebackTmp                0.00            0.00            0.00            0.00            0.00
MemTotal                63861.90        64493.11       514048.00       514048.00      1156451.01
MemFree                 20343.36        55746.40       483901.66       514047.91      1074039.32
MemUsed                 43518.54         8746.71        30146.34            0.09        82411.69
Dirty                       0.16            0.01            0.02            0.00            0.18
Writeback                   0.00            0.00            0.00            0.00            0.00
FilePages                7845.28            2.42        24000.25            0.00        31847.96
AnonPages               26071.31           16.06         6122.16            0.00        32209.53
PageTables                 92.39            0.12            0.00            0.00           92.51
WritebackTmp                0.00            0.00            0.00            0.00            0.00
MemTotal                63861.90        64493.11       514048.00       514048.00      1156451.01
MemFree                 20226.00        55746.40       479256.64       514047.91      1069276.94
MemUsed                 43635.90         8746.71        34791.36            0.09        87174.07
Dirty                       0.02            0.00            0.00            0.00            0.02
Writeback                   0.00            0.00            0.00            0.00            0.00
FilePages                6580.38            2.42        27636.13            0.00        34218.93
AnonPages               27436.46           16.04         7128.07            0.00        34580.56
PageTables                 96.88            0.12            0.00            0.00           96.99
WritebackTmp                0.00            0.00            0.00            0.00            0.00
MemTotal                63861.90        64493.11       514048.00       514048.00      1156451.01
MemFree                 20286.15        55746.40       474461.20       514047.91      1064541.65
MemUsed                 43575.75         8746.71        39586.80            0.09        91909.36
Dirty                       0.00            0.00            0.02            0.00            0.02
Writeback                   0.00            0.00            0.00            0.00            0.00
FilePages                5141.67            2.42        31434.89            0.00        36578.99
AnonPages               28798.67           16.04         8126.25            0.00        36940.96
PageTables                101.63            0.12            0.00            0.00          101.75
WritebackTmp                0.00            0.00            0.00            0.00            0.00
MemTotal                63861.90        64493.11       514048.00       514048.00      1156451.01
MemFree                 20369.11        55746.42       469636.65       514047.91      1059800.09
MemUsed                 43492.79         8746.70        44411.35            0.09        96650.93
Dirty                       0.17            0.01            0.00            0.00            0.18
Writeback                   0.00            0.00            0.00            0.00            0.00
FilePages                3680.30            2.42        35259.77            0.00        38942.49
AnonPages               30162.81           16.04         9126.15            0.00        39305.00
PageTables                106.21            0.12            0.00            0.00          106.33
WritebackTmp                0.00            0.00            0.00            0.00            0.00
MemTotal                63861.90        64493.11       514048.00       514048.00      1156451.01
MemFree                 20360.93        55746.42       464871.49       514047.91      1055026.75
MemUsed                 43500.96         8746.70        49176.51            0.09       101424.26
Dirty                       0.00            0.00            0.02            0.00            0.02
Writeback                   0.00            0.00            0.00            0.00            0.00
FilePages                2240.25            2.42        39077.31            0.00        41319.99
AnonPages               31595.18           16.04        10070.01            0.00        41681.23
PageTables                110.88            0.12            0.00            0.00          111.00
WritebackTmp                0.00            0.00            0.00            0.00            0.00
MemTotal                63861.90        64493.11       514048.00       514048.00      1156451.01
MemFree                 20353.15        55746.42       460152.85       514047.91      1050300.32
MemUsed                 43508.75         8746.70        53895.15            0.09       106150.69
Dirty                       0.01            0.00            0.00            0.00            0.01
Writeback                   0.00            0.00            0.00            0.00            0.00
FilePages                 809.49            2.42        42864.59            0.00        43676.50
AnonPages               33019.27           16.04        11004.00            0.00        44039.31
PageTables                115.45            0.12            0.00            0.00          115.57
WritebackTmp                0.00            0.00            0.00            0.00            0.00
MemTotal                63861.90        64493.11       514048.00       514048.00      1156451.01
MemFree                 20279.05        55746.42       455387.43       514047.91      1045460.81
MemUsed                 43582.84         8746.70        58660.57            0.09       110990.20
Dirty                       0.00            0.00            0.02            0.00            0.02
Writeback                   0.00            0.00            0.00            0.00            0.00
FilePages                 966.46            2.42        45121.13            0.00        46090.02
AnonPages               32922.96           16.04        13512.26            0.00        46451.26
PageTables                120.04            0.12            0.00            0.00          120.15
WritebackTmp                0.00            0.00            0.00            0.00            0.00
MemTotal                63861.90        64493.11       514048.00       514048.00      1156451.01
MemFree                 20336.86        55746.42       450538.72       514047.91      1040669.91
MemUsed                 43525.04         8746.70        63509.28            0.09       115781.11
Dirty                       0.02            0.00            0.00            0.00            0.02
Writeback                   0.00            0.00            0.00            0.00            0.00
FilePages                 720.64            2.42        47753.46            0.00        48476.52
AnonPages               33095.00           16.04        15728.39            0.00        48839.43
PageTables                124.74            0.12            0.00            0.00          124.86
WritebackTmp                0.00            0.00            0.00            0.00            0.00
MemTotal                63861.90        64493.11       514048.00       514048.00      1156451.01
MemFree                 20217.27        55746.42       445821.18       514047.91      1035832.77
MemUsed                 43644.63         8746.70        68226.82            0.09       120618.24
Dirty                       0.02            0.00            0.02            0.00            0.03
Writeback                   0.00            0.00            0.00            0.00            0.00
FilePages                 998.48            2.42        49887.14            0.00        50888.04
AnonPages               32922.82           16.04        18310.47            0.00        51249.32
PageTables                129.64            0.12            0.00            0.00          129.76
WritebackTmp                0.00            0.00            0.00            0.00            0.00
MemTotal                63861.90        64493.11       514048.00       514048.00      1156451.01
MemFree                 20325.80        55746.42       440901.12       514047.91      1031021.24
MemUsed                 43536.10         8746.70        73146.88            0.09       125429.77
Dirty                       0.01            0.00            0.00            0.00            0.01
Writeback                   0.00            0.00            0.00            0.00            0.00
FilePages                 675.13            2.42        52610.99            0.00        53288.54
AnonPages               33124.60           16.04        20508.48            0.00        53649.11
PageTables                134.25            0.12            0.00            0.00          134.37
WritebackTmp                0.00            0.00            0.00            0.00            0.00
MemTotal                63861.90        64493.11       514048.00       514048.00      1156451.01
MemFree                 20158.81        55746.43       436252.91       514047.91      1026206.05
MemUsed                 43703.09         8746.69        77795.09            0.09       130244.96
Dirty                       0.00            0.00            0.02            0.00            0.02
Writeback                   0.00            0.00            0.00            0.00            0.00
FilePages                1031.50            2.42        54655.13            0.00        55689.05
AnonPages               32920.78           16.04        23114.37            0.00        56051.18
PageTables                138.97            0.12            0.00            0.00          139.09
WritebackTmp                0.00            0.00            0.00            0.00            0.00
MemTotal                63861.90        64493.11       514048.00       514048.00      1156451.01
MemFree                 20336.18        55746.43       431232.04       514047.91      1021362.55
MemUsed                 43525.72         8746.69        82815.96            0.09       135088.46
Dirty                       0.01            0.00            0.00            0.00            0.02
Writeback                   0.00            0.00            0.00            0.00            0.00
FilePages                 696.44            2.42        57404.96            0.00        58103.82
AnonPages               33063.13           16.04        25384.48            0.00        58463.65
PageTables                143.73            0.12            0.00            0.00          143.85
WritebackTmp                0.00            0.00            0.00            0.00            0.00
MemTotal                63861.90        64493.11       514048.00       514048.00      1156451.01
MemFree                 20214.21        55746.46       425369.06       514047.91      1015377.65
MemUsed                 43647.68         8746.65        88678.94            0.09       141073.36
Dirty                       0.09            0.00            0.00            0.00            0.09
Writeback                   0.00            0.00            0.00            0.00            0.00
FilePages                 756.93            2.42        58402.09            0.00        59161.44
AnonPages               33097.32           16.04        30221.57            0.00        63334.93
PageTables                151.54            0.12            0.00            0.00          151.65
WritebackTmp                0.00            0.00            0.00            0.00            0.00
MemTotal                63861.90        64493.11       514048.00       514048.00      1156451.01
MemFree                 21240.07        55746.49       425887.71       514047.91      1016922.18
MemUsed                 42621.82         8746.62        88160.29            0.09       139528.83
Dirty                       0.03            0.00            0.02            0.00            0.05
Writeback                   0.00            0.00            0.00            0.00            0.00
FilePages                 362.92            2.43        58796.52            0.00        59161.86
AnonPages               32448.71           16.04        29325.34            0.00        61790.09
PageTables                162.27            0.12            0.00            0.00          162.39
WritebackTmp                0.00            0.00            0.00            0.00            0.00
MemTotal                63861.90        64493.11       514048.00       514048.00      1156451.01
MemFree                 24915.34        55746.49       424042.66       514047.91      1018752.40
MemUsed                 38946.55         8746.62        90005.34            0.09       137698.61
Dirty                       0.02            0.00            0.00            0.00            0.02
Writeback                   0.00            0.00            0.00            0.00            0.00
FilePages                 362.93            2.43        58796.52            0.00        59161.87
AnonPages               28748.26           16.04        31167.23            0.00        59931.53
PageTables                166.07            0.12            0.00            0.00          166.18
WritebackTmp                0.00            0.00            0.00            0.00            0.00
MemTotal                63861.90        64493.11       514048.00       514048.00      1156451.01
MemFree                 22417.87        55746.49       424772.81       514047.91      1016985.07
MemUsed                 41444.03         8746.62        89275.19            0.09       139465.94
Dirty                       0.02            0.00            0.00            0.00            0.02
Writeback                   0.00            0.00            0.00            0.00            0.00
FilePages                 362.94            2.43        58796.52            0.00        59161.88
AnonPages               31251.14           16.04        30441.23            0.00        61708.41
PageTables                169.89            0.12            0.00            0.00          170.01
WritebackTmp                0.00            0.00            0.00            0.00            0.00
MemTotal                63861.90        64493.11       514048.00       514048.00      1156451.01
MemFree                 21091.25        55746.49       426059.09       514047.91      1016944.74
MemUsed                 42770.64         8746.62        87988.91            0.09       139506.27
Dirty                       0.00            0.00            0.02            0.00            0.02
Writeback                   0.00            0.00            0.00            0.00            0.00
FilePages                 362.94            2.43        58796.52            0.00        59161.88
AnonPages               32584.95           16.04        29149.59            0.00        61750.58
PageTables                169.98            0.12            0.00            0.00          170.10
WritebackTmp                0.00            0.00            0.00            0.00            0.00
MemTotal                63861.90        64493.11       514048.00       514048.00      1156451.01
MemFree                 21279.53        55746.49       427699.85       514047.91      1018773.77
MemUsed                 42582.37         8746.62        86348.15            0.09       137677.24
Dirty                       0.00            0.00            0.00            0.00            0.00
Writeback                   0.00            0.00            0.00            0.00            0.00
FilePages                 362.95            2.43        58796.52            0.00        59161.89
AnonPages               32402.28           16.04        27513.60            0.00        59931.91
PageTables                165.94            0.12            0.00            0.00          166.06
WritebackTmp                0.00            0.00            0.00            0.00            0.00
MemTotal                63861.90        64493.11       514048.00       514048.00      1156451.01
MemFree                 21796.50        55746.49       425259.62       514047.91      1016850.52
MemUsed                 42065.39         8746.62        88788.38            0.09       139600.50
Dirty                       0.00            0.00            0.01            0.00            0.02
Writeback                   0.00            0.00            0.00            0.00            0.00
FilePages                 362.95            2.43        58796.52            0.00        59161.90
AnonPages               31881.52           16.04        29949.63            0.00        61847.19
PageTables                170.22            0.12            0.00            0.00          170.34
WritebackTmp                0.00            0.00            0.00            0.00            0.00
MemTotal                63861.90        64493.11       514048.00       514048.00      1156451.01
MemFree                 24011.14        55746.49       423191.79       514047.91      1016997.32
MemUsed                 39850.75         8746.62        90856.21            0.09       139453.69
Dirty                       0.01            0.00            0.00            0.00            0.01
Writeback                   0.00            0.00            0.00            0.00            0.00
FilePages                 362.97            2.43        58796.52            0.00        59161.91
AnonPages               29665.29           16.04        32017.52            0.00        61698.84
PageTables                169.99            0.12            0.00            0.00          170.11
WritebackTmp                0.00            0.00            0.00            0.00            0.00
MemTotal                63861.90        64493.11       514048.00       514048.00      1156451.01
MemFree                 23509.42        55746.52       424179.27       514047.91      1017483.11
MemUsed                 40352.48         8746.59        89868.73            0.09       138967.90
Dirty                       0.01            0.00            0.02            0.00            0.03
Writeback                   0.00            0.00            0.00            0.00            0.00
FilePages                 362.98            2.43        58796.52            0.00        59161.93
AnonPages               30153.59           16.04        31037.14            0.00        61206.76
PageTables                166.11            0.12            0.00            0.00          166.23
WritebackTmp                0.00            0.00            0.00            0.00            0.00
