MemTotal                63861.90        64493.11       514048.00       514048.00      1156451.01
MemFree                 53674.57        55684.05       513919.44       514047.50      1137325.56
MemUsed                 10187.33         8809.06          128.56            0.50        19125.45
Dirty                       0.02            0.01            0.06            0.00            0.09
Writeback                   0.00            0.00            0.00            0.00            0.00
FilePages                  39.49           32.02           79.12            0.00          150.63
AnonPages                 763.93           31.66            0.04            0.00          795.63
PageTables                 30.79            0.14            0.00            0.00           30.93
WritebackTmp                0.00            0.00            0.00            0.00            0.00
MemTotal                63861.90        64493.11       514048.00       514048.00      1156451.01
MemFree                 48674.41        55680.84       513920.80       514047.50      1132323.55
MemUsed                 15187.48         8812.27          127.20            0.50        24127.46
Dirty                       0.07            0.01            0.04            0.00            0.12
Writeback                   0.00            0.00            0.00            0.00            0.00
FilePages                2531.39           32.59           79.12            0.00         2643.10
AnonPages                3254.91           31.55            0.04            0.00         3286.51
PageTables                 35.98            0.14            0.00            0.00           36.12
WritebackTmp                0.00            0.00            0.00            0.00            0.00
MemTotal                63861.90        64493.11       514048.00       514048.00      1156451.01
MemFree                 43685.60        55681.09       513921.12       514047.50      1127335.30
MemUsed                 20176.30         8812.03          126.88            0.50        29115.71
Dirty                       0.00            0.00            0.00            0.00            0.00
Writeback                   0.00            0.00            0.00            0.00            0.00
FilePages                5017.89           32.60           79.12            0.00         5129.61
AnonPages                5741.69           31.62            0.04            0.00         5773.35
PageTables                 40.80            0.14            0.00            0.00           40.94
WritebackTmp                0.00            0.00            0.00            0.00            0.00
MemTotal                63861.90        64493.11       514048.00       514048.00      1156451.01
MemFree                 38715.29        55680.19       513921.37       514047.50      1122364.34
MemUsed                 25146.61         8812.93          126.63            0.50        34086.67
Dirty                       0.02            0.00            0.00            0.00            0.02
Writeback                   0.00            0.00            0.00            0.00            0.00
FilePages                7496.46           32.61           79.12            0.00         7608.18
AnonPages                8219.81           31.73            0.04            0.00         8251.58
PageTables                 45.57            0.14            0.00            0.00           45.71
WritebackTmp                0.00            0.00            0.00            0.00            0.00
MemTotal                63861.90        64493.11       514048.00       514048.00      1156451.01
MemFree                 33749.15        55680.19       513921.62       514047.50      1117398.46
MemUsed                 30112.75         8812.93          126.38            0.50        39052.55
Dirty                       0.00            0.00            0.00            0.00            0.00
Writeback                   0.00            0.00            0.00            0.00            0.00
FilePages                9971.89           32.61           79.12            0.00        10083.62
AnonPages               10695.12           31.80            0.04            0.00        10726.95
PageTables                 50.52            0.14            0.00            0.00           50.66
WritebackTmp                0.00            0.00            0.00            0.00            0.00
MemTotal                63861.90        64493.11       514048.00       514048.00      1156451.01
MemFree                 29028.39        55680.68       513635.96       514047.50      1112392.54
MemUsed                 34833.50         8812.43          412.04            0.50        44058.47
Dirty                       0.01            0.00            0.02            0.00            0.03
Writeback                   0.00            0.00            0.00            0.00            0.00
FilePages               12212.24           32.62          332.72            0.00        12577.59
AnonPages               13157.21           31.12           32.04            0.00        13220.37
PageTables                 55.38            0.14            0.00            0.00           55.52
WritebackTmp                0.00            0.00            0.00            0.00            0.00
MemTotal                63861.90        64493.11       514048.00       514048.00      1156451.01
MemFree                 28956.42        55681.68       509106.15       514047.50      1107791.75
MemUsed                 34905.48         8811.44         4941.85            0.50        48659.27
Dirty                       0.00            0.00            0.00            0.00            0.00
Writeback                   0.00            0.00            0.00            0.00            0.00
FilePages               11013.39           32.63         3824.62            0.00        14870.64
AnonPages               14415.20           30.22         1066.05            0.00        15511.47
PageTables                 59.86            0.14            0.00            0.00           60.00
WritebackTmp                0.00            0.00            0.00            0.00            0.00
MemTotal                63861.90        64493.11       514048.00       514048.00      1156451.01
MemFree                 29025.07        55681.68       504431.03       514047.50      1103185.27
MemUsed                 34836.83         8811.44         9616.97            0.50        53265.74
Dirty                       0.01            0.00            0.01            0.00            0.02
Writeback                   0.00            0.00            0.00            0.00            0.00
FilePages                9711.18           32.64         7423.33            0.00        17167.14
AnonPages               15635.27           30.29         2144.11            0.00        17809.66
PageTables                 64.38            0.14            0.00            0.00           64.52
WritebackTmp                0.00            0.00            0.00            0.00            0.00
MemTotal                63861.90        64493.11       514048.00       514048.00      1156451.01
MemFree                 28864.61        55681.68       500005.19       514047.50      1098598.98
MemUsed                 34997.29         8811.44        14042.81            0.50        57852.03
Dirty                       0.00            0.00            0.00            0.00            0.00
Writeback                   0.00            0.00            0.00            0.00            0.00
FilePages                8712.36           32.64        10708.65            0.00        19453.66
AnonPages               16779.38           30.37         3286.00            0.00        20095.75
PageTables                 68.82            0.14            0.00            0.00           68.96
WritebackTmp                0.00            0.00            0.00            0.00            0.00
MemTotal                63861.90        64493.11       514048.00       514048.00      1156451.01
MemFree                 28961.60        55682.12       495244.86       514047.50      1093936.08
MemUsed                 34900.30         8810.99        18803.14            0.50        62514.93
Dirty                       0.01            0.00            0.02            0.00            0.02
Writeback                   0.00            0.00            0.00            0.00            0.00
FilePages                7245.65           32.65        14498.50            0.00        21776.80
AnonPages               18135.41           30.45         4252.11            0.00        22417.96
PageTables                 73.42            0.14            0.00            0.00           73.56
WritebackTmp                0.00            0.00            0.00            0.00            0.00
MemTotal                63861.90        64493.11       514048.00       514048.00      1156451.01
MemFree                 28976.35        55682.20       490672.77       514047.50      1089378.82
MemUsed                 34885.55         8810.91        23375.23            0.50        67072.19
Dirty                       0.00            0.00            0.00            0.00            0.00
Writeback                   0.00            0.00            0.00            0.00            0.00
FilePages                6089.59           32.66        17925.57            0.00        24047.81
AnonPages               19261.41           30.52         5398.05            0.00        24689.98
PageTables                 77.78            0.14            0.00            0.00           77.92
WritebackTmp                0.00            0.00            0.00            0.00            0.00
MemTotal                63861.90        64493.11       514048.00       514048.00      1156451.01
MemFree                 28768.93        55682.20       486271.68       514047.50      1084770.31
MemUsed                 35092.97         8810.91        27776.32            0.50        71680.70
Dirty                       0.02            0.00            0.01            0.00            0.03
Writeback                   0.00            0.00            0.00            0.00            0.00
FilePages                5038.52           32.67        21274.62            0.00        26345.80
AnonPages               20505.54           30.59         6452.11            0.00        26988.23
PageTables                 82.34            0.14            0.00            0.00           82.48
WritebackTmp                0.00            0.00            0.00            0.00            0.00
MemTotal                63861.90        64493.11       514048.00       514048.00      1156451.01
MemFree                 28975.28        55682.20       481420.32       514047.50      1080125.30
MemUsed                 34886.62         8810.91        32627.68            0.50        76325.71
Dirty                       0.07            0.01            0.07            0.00            0.14
Writeback                   0.00            0.00            0.00            0.00            0.00
FilePages                3500.79           32.68        25125.77            0.00        28659.23
AnonPages               21819.63           30.67         7450.19            0.00        29300.48
PageTables                 86.93            0.14            0.00            0.00           87.07
WritebackTmp                0.00            0.00            0.00            0.00            0.00
MemTotal                63861.90        64493.11       514048.00       514048.00      1156451.01
MemFree                 28913.69        55682.21       476969.29       514047.50      1075612.69
MemUsed                 34948.21         8810.91        37078.71            0.50        80838.32
Dirty                       0.02            0.00            0.00            0.00            0.02
Writeback                   0.00            0.00            0.01            0.00            0.01
FilePages                2508.80           32.68        28368.73            0.00        30910.21
AnonPages               22861.81           30.75         8657.89            0.00        31550.45
PageTables                 91.21            0.14            0.00            0.00           91.36
WritebackTmp                0.00            0.00            0.00            0.00            0.00
MemTotal                63861.90        64493.11       514048.00       514048.00      1156451.01
MemFree                 28811.36        55682.46       472387.50       514047.69      1070929.00
MemUsed                 35050.54         8810.66        41660.50            0.31        85522.01
Dirty                       0.00            0.00            0.01            0.00            0.01
Writeback                   0.00            0.00            0.00            0.00            0.00
FilePages                1256.94           32.69        31956.62            0.00        33246.25
AnonPages               24201.90           30.82         9653.95            0.00        33886.67
PageTables                 95.89            0.14            0.00            0.00           96.03
WritebackTmp                0.00            0.00            0.00            0.00            0.00
MemTotal                63861.90        64493.11       514048.00       514048.00      1156451.01
MemFree                 29005.35        55682.46       467586.12       514047.69      1066321.62
MemUsed                 34856.55         8810.66        46461.88            0.31        90129.39
Dirty                       0.02            0.00            0.01            0.00            0.02
Writeback                   0.00            0.00            0.00            0.00            0.00
FilePages                 347.79           32.70        35160.66            0.00        35541.15
AnonPages               24899.48           30.89        11250.52            0.00        36180.89
PageTables                100.37            0.14            0.00            0.00          100.51
WritebackTmp                0.00            0.00            0.00            0.00            0.00
MemTotal                63861.90        64493.11       514048.00       514048.00      1156451.01
MemFree                 28994.45        55682.46       462939.19       514047.69      1061663.79
MemUsed                 34867.45         8810.66        51108.81            0.31        94787.23
Dirty                       0.00            0.00            0.02            0.00            0.02
Writeback                   0.00            0.00            0.00            0.00            0.00
FilePages                 365.48           32.71        37464.93            0.00        37863.11
AnonPages               24879.64           30.96        13592.38            0.00        38502.98
PageTables                104.88            0.14            0.00            0.00          105.02
WritebackTmp                0.00            0.00            0.00            0.00            0.00
MemTotal                63861.90        64493.11       514048.00       514048.00      1156451.01
MemFree                 28990.88        55682.23       458284.21       514047.69      1057005.01
MemUsed                 34871.02         8810.88        55763.79            0.31        99446.00
Dirty                       0.01            0.00            0.00            0.00            0.01
Writeback                   0.00            0.00            0.00            0.00            0.00
FilePages                 404.58           32.71        39750.98            0.00        40188.28
AnonPages               24830.80           31.05        15966.38            0.00        40828.22
PageTables                109.49            0.14            0.00            0.00          109.63
WritebackTmp                0.00            0.00            0.00            0.00            0.00
MemTotal                63861.90        64493.11       514048.00       514048.00      1156451.01
MemFree                 28838.02        55682.23       453945.99       514047.69      1052513.93
MemUsed                 35023.88         8810.88        60102.01            0.31       103937.09
Dirty                       0.00            0.00            0.02            0.00            0.02
Writeback                   0.00            0.00            0.00            0.00            0.00
FilePages                 416.39           32.72        41977.18            0.00        42426.29
AnonPages               24954.91           31.12        18080.38            0.00        43066.41
PageTables                113.86            0.14            0.00            0.00          114.00
WritebackTmp                0.00            0.00            0.00            0.00            0.00
MemTotal                63861.90        64493.11       514048.00       514048.00      1156451.01
MemFree                 28838.13        55681.99       449340.96       514047.69      1047908.77
MemUsed                 35023.77         8811.12        64707.04            0.31       108542.24
Dirty                       0.02            0.00            0.01            0.00            0.02
Writeback                   0.00            0.00            0.00            0.00            0.00
FilePages                 400.82           32.73        44288.74            0.00        44722.30
AnonPages               24958.72           31.19        20372.38            0.00        45362.29
PageTables                118.22            0.14            0.00            0.00          118.36
WritebackTmp                0.00            0.00            0.00            0.00            0.00
MemTotal                63861.90        64493.11       514048.00       514048.00      1156451.01
MemFree                 28822.82        55681.99       444695.45       514047.69      1043247.95
MemUsed                 35039.08         8811.12        69352.55            0.31       113203.07
Dirty                       0.00            0.00            0.02            0.00            0.02
Writeback                   0.00            0.00            0.00            0.00            0.00
FilePages                 334.06           32.74        46678.43            0.00        47045.23
AnonPages               25024.95           31.27        22630.38            0.00        47686.60
PageTables                122.86            0.14            0.00            0.00          123.00
WritebackTmp                0.00            0.00            0.00            0.00            0.00
MemTotal                63861.90        64493.11       514048.00       514048.00      1156451.01
MemFree                 28845.55        55681.99       439993.30       514047.69      1038568.53
MemUsed                 35016.34         8811.12        74054.70            0.31       117882.48
Dirty                       0.01            0.00            0.00            0.00            0.01
Writeback                   0.00            0.00            0.00            0.00            0.00
FilePages                 295.20           32.75        49048.86            0.00        49376.80
AnonPages               25025.09           31.35        24960.38            0.00        50016.82
PageTables                127.46            0.14            0.00            0.00          127.60
WritebackTmp                0.00            0.00            0.00            0.00            0.00
MemTotal                63861.90        64493.11       514048.00       514048.00      1156451.01
MemFree                 28902.51        55681.74       435299.44       514047.69      1033931.38
MemUsed                 34959.39         8811.37        78748.56            0.31       122519.63
Dirty                       0.00            0.00            0.02            0.00            0.02
Writeback                   0.00            0.00            0.00            0.00            0.00
FilePages                 335.90           32.75        51318.58            0.00        51687.23
AnonPages               24913.02           31.41        27382.38            0.00        52326.81
PageTables                131.89            0.14            0.00            0.00          132.03
WritebackTmp                0.00            0.00            0.00            0.00            0.00
MemTotal                63861.90        64493.11       514048.00       514048.00      1156451.01
MemFree                 28925.68        55681.74       430621.69       514047.69      1029276.79
MemUsed                 34936.22         8811.37        83426.31            0.31       127174.22
Dirty                       0.01            0.00            0.00            0.00            0.01
Writeback                   0.00            0.00            0.00            0.00            0.00
FilePages                 391.55           32.76        53584.99            0.00        54009.30
AnonPages               24821.27           31.50        29798.38            0.00        54651.15
PageTables                136.55            0.14            0.00            0.00          136.69
WritebackTmp                0.00            0.00            0.00            0.00            0.00
MemTotal                63861.90        64493.11       514048.00       514048.00      1156451.01
MemFree                 28809.21        55681.74       426069.81       514047.69      1024608.45
MemUsed                 35052.69         8811.37        87978.19            0.31       131842.56
Dirty                       0.00            0.00            0.02            0.00            0.02
Writeback                   0.00            0.00            0.00            0.00            0.00
FilePages                 442.59           32.77        55860.98            0.00        56336.34
AnonPages               24871.28           31.57        32074.38            0.00        56977.23
PageTables                141.09            0.14            0.00            0.00          141.23
WritebackTmp                0.00            0.00            0.00            0.00            0.00
MemTotal                63861.90        64493.11       514048.00       514048.00      1156451.01
MemFree                 28726.94        55682.73       421489.14       514047.69      1019946.50
MemUsed                 35134.96         8810.39        92558.86            0.31       136504.51
Dirty                       0.02            0.00            0.00            0.00            0.02
Writeback                   0.00            0.00            0.00            0.00            0.00
FilePages                 479.57           32.78        58148.98            0.00        58661.34
AnonPages               24903.27           30.89        34368.38            0.00        59302.55
PageTables                145.59            0.14            0.00            0.00          145.73
WritebackTmp                0.00            0.00            0.00            0.00            0.00
MemTotal                63861.90        64493.11       514048.00       514048.00      1156451.01
MemFree                 28672.73        55682.25       419169.68       514047.69      1017572.34
MemUsed                 35189.16         8810.87        94878.32            0.31       138878.67
Dirty                       0.04            0.01            0.08            0.00            0.12
Writeback                   0.00            0.00            0.00            0.00            0.00
FilePages                 193.46           32.79        58719.49            0.00        58945.74
AnonPages               25218.68           31.47        36113.95            0.00        61364.10
PageTables                148.07            1.16            0.00            0.00          149.23
WritebackTmp                0.00            0.00            0.00            0.00            0.00
MemTotal                63861.90        64493.11       514048.00       514048.00      1156451.01
MemFree                 30671.24        55682.91       418217.57       514047.69      1018619.40
MemUsed                 33190.66         8810.21        95830.43            0.31       137831.61
Dirty                       0.04            0.00            0.01            0.00            0.05
Writeback                   0.00            0.00            0.00            0.00            0.00
FilePages                  34.58           32.80        58878.37            0.00        58945.75
AnonPages               23342.48           30.84        36911.95            0.00        60285.27
PageTables                166.34            0.14            0.00            0.00          166.48
WritebackTmp                0.00            0.00            0.00            0.00            0.00
MemTotal                63861.90        64493.11       514048.00       514048.00      1156451.01
MemFree                 33011.90        55682.82       414388.14       514047.69      1017130.54
MemUsed                 30850.00         8810.29        99659.86            0.31       139320.47
Dirty                       0.00            0.00            0.02            0.00            0.02
Writeback                   0.00            0.00            0.00            0.00            0.00
FilePages                  34.58           32.81        58878.37            0.00        58945.76
AnonPages               21001.46           30.95        40739.45            0.00        61771.87
PageTables                170.34            0.14            0.00            0.00          170.48
WritebackTmp                0.00            0.00            0.00            0.00            0.00
MemTotal                63861.90        64493.11       514048.00       514048.00      1156451.01
MemFree                 32368.02        55683.07       415040.39       514047.69      1017139.16
MemUsed                 31493.88         8810.05        99007.61            0.31       139311.85
Dirty                       0.02            0.00            0.00            0.00            0.02
Writeback                   0.00            0.00            0.00            0.00            0.00
FilePages                  34.58           32.82        58878.38            0.00        58945.77
AnonPages               21646.61           31.06        40087.45            0.00        61765.12
PageTables                170.41            0.14            0.00            0.00          170.55
WritebackTmp                0.00            0.00            0.00            0.00            0.00
MemTotal                63861.90        64493.11       514048.00       514048.00      1156451.01
MemFree                 29483.96        55682.82       417721.74       514047.69      1016936.21
MemUsed                 34377.94         8810.29        96326.26            0.31       139514.80
Dirty                       0.00            0.00            0.02            0.00            0.02
Writeback                   0.00            0.00            0.00            0.00            0.00
FilePages                  34.58           32.82        58878.38            0.00        58945.78
AnonPages               24534.17           31.21        37409.76            0.00        61975.14
PageTables                170.68            0.14            0.00            0.00          170.82
WritebackTmp                0.00            0.00            0.00            0.00            0.00
MemTotal                63861.90        64493.11       514048.00       514048.00      1156451.01
MemFree                 29170.64        55682.82       418235.76       514047.69      1017136.90
MemUsed                 34691.26         8810.29        95812.24            0.31       139314.11
Dirty                       0.01            0.00            0.00            0.00            0.01
Writeback                   0.00            0.00            0.00            0.00            0.00
FilePages                  34.58           32.83        58878.38            0.00        58945.79
AnonPages               24840.15           31.45        36893.80            0.00        61765.39
PageTables                170.39            0.14            0.00            0.00          170.53
WritebackTmp                0.00            0.00            0.00            0.00            0.00
MemTotal                63861.90        64493.11       514048.00       514048.00      1156451.01
MemFree                 30175.34        55682.08       417074.04       514047.69      1016979.14
MemUsed                 33686.56         8811.03        96973.96            0.31       139471.87
Dirty                       0.00            0.00            0.02            0.00            0.02
Writeback                   0.00            0.00            0.00            0.00            0.00
FilePages                  34.58           32.84        58878.38            0.00        58945.79
AnonPages               23839.91           31.59        38056.12            0.00        61927.63
PageTables                170.70            0.14            0.00            0.00          170.84
WritebackTmp                0.00            0.00            0.00            0.00            0.00
MemTotal                63861.90        64493.11       514048.00       514048.00      1156451.01
MemFree                 31941.69        55681.64       415481.58       514047.69      1017152.59
MemUsed                 31920.21         8811.48        98566.42            0.31       139298.42
Dirty                       0.09            0.01            0.07            0.00            0.17
Writeback                   0.00            0.00            0.00            0.00            0.00
FilePages                  34.58           32.85        58878.38            0.00        58945.80
AnonPages               22083.16           31.88        39645.77            0.00        61760.80
PageTables                170.33            0.19            0.00            0.00          170.52
WritebackTmp                0.00            0.00            0.00            0.00            0.00
MemTotal                63861.90        64493.11       514048.00       514048.00      1156451.01
MemFree                 32148.34        55680.90       415277.85       514047.69      1017154.77
MemUsed                 31713.56         8812.21        98770.15            0.31       139296.24
Dirty                       0.00            0.00            0.01            0.00            0.02
Writeback                   0.00            0.00            0.00            0.00            0.00
FilePages                  34.58           32.86        58878.38            0.00        58945.81
AnonPages               21877.32           32.05        39855.71            0.00        61765.09
PageTables                170.08            0.20            0.00            0.00          170.28
WritebackTmp                0.00            0.00            0.00            0.00            0.00
MemTotal                63861.90        64493.11       514048.00       514048.00      1156451.01
MemFree                 32095.38        55679.70       415308.12       514047.69      1017130.88
MemUsed                 31766.52         8813.41        98739.88            0.31       139320.13
Dirty                       0.01            0.00            0.00            0.00            0.01
Writeback                   0.00            0.00            0.00            0.00            0.00
FilePages                  34.58           32.87        58878.38            0.00        58945.82
AnonPages               21909.65           32.16        39823.69            0.00        61765.50
PageTables                170.34            0.21            0.00            0.00          170.54
WritebackTmp                0.00            0.00            0.00            0.00            0.00
