MemTotal                63888.29        64461.80       514048.00       514048.00      1156446.08
MemFree                 53811.12        55771.67       514039.88       514047.94      1137670.61
MemUsed                 10077.16         8690.12            8.12            0.06        18775.48
Dirty                       0.13            0.02            0.00            0.00            0.15
Writeback                   0.00            0.00            0.00            0.00            0.00
FilePages                 336.69           41.57            0.04            0.00          378.30
AnonPages                 697.66           12.83            0.00            0.00          710.49
PageTables                 33.61            0.28            0.00            0.00           33.89
WritebackTmp                0.00            0.00            0.00            0.00            0.00
MemTotal                63888.29        64461.80       514048.00       514048.00      1156446.08
MemFree                 48670.74        55771.21       512939.66       514047.94      1131429.55
MemUsed                 15217.55         8690.59         1108.34            0.06        25016.54
Dirty                       0.04            0.02            0.01            0.00            0.07
Writeback                   0.00            0.01            0.00            0.00            0.01
FilePages                 335.41           41.59            2.00            0.00          379.00
AnonPages                5815.04           12.83         1094.26            0.00         6922.12
PageTables                 45.68            0.28            0.00            0.00           45.96
WritebackTmp                0.00            0.00            0.00            0.00            0.00
MemTotal                63888.29        64461.80       514048.00       514048.00      1156446.08
MemFree                 48655.07        55771.46       509582.74       514047.94      1128057.21
MemUsed                 15233.21         8690.33         4465.26            0.06        28388.87
Dirty                       0.02            0.00            0.02            0.00            0.04
Writeback                   0.00            0.00            0.00            0.00            0.00
FilePages                 334.43           41.59            3.65            0.00          379.66
AnonPages                5815.73           12.89         4452.63            0.00        10281.25
PageTables                 51.94            0.28            0.00            0.00           52.22
WritebackTmp                0.00            0.00            0.00            0.00            0.00
MemTotal                63888.29        64461.80       514048.00       514048.00      1156446.08
MemFree                 48647.90        55771.65       506458.70       514047.94      1124926.19
MemUsed                 15240.38         8690.15         7589.30            0.06        31519.89
Dirty                       0.02            0.00            0.00            0.00            0.02
Writeback                   0.00            0.00            0.00            0.00            0.00
FilePages                 334.43           41.59            3.65            0.00          379.66
AnonPages                5812.32           12.61         7574.02            0.00        13398.95
PageTables                 58.69            0.28            0.00            0.00           58.97
WritebackTmp                0.00            0.00            0.00            0.00            0.00
MemTotal                63888.29        64461.80       514048.00       514048.00      1156446.08
MemFree                 48623.61        55771.65       503199.62       514047.94      1121642.82
MemUsed                 15264.68         8690.15        10848.38            0.06        34803.27
Dirty                       0.02            0.00            0.02            0.00            0.03
Writeback                   0.00            0.00            0.00            0.00            0.00
FilePages                 342.23           41.59            3.65            0.00          387.46
AnonPages                5815.62           12.61        10834.02            0.00        16662.25
PageTables                 64.46            0.28            0.00            0.00           64.74
WritebackTmp                0.00            0.00            0.00            0.00            0.00
MemTotal                63888.29        64461.80       514048.00       514048.00      1156446.08
MemFree                 48603.65        55771.76       500111.88       514047.94      1118535.22
MemUsed                 15284.64         8690.04        13936.12            0.06        37910.86
Dirty                       0.07            0.02            0.02            0.00            0.10
Writeback                   0.00            0.00            0.00            0.00            0.00
FilePages                 345.99           41.59            3.65            0.00          391.23
AnonPages                5817.58           12.61        13918.02            0.00        19748.21
PageTables                 70.64            0.28            0.00            0.00           70.91
WritebackTmp                0.00            0.00            0.00            0.00            0.00
MemTotal                63888.29        64461.80       514048.00       514048.00      1156446.08
MemFree                 48591.73        55771.76       496756.15       514047.94      1115167.57
MemUsed                 15296.55         8690.04        17291.85            0.06        41278.51
Dirty                       0.07            0.01            0.00            0.00            0.08
Writeback                   0.00            0.00            0.00            0.00            0.00
FilePages                 346.37           41.59            3.65            0.00          391.61
AnonPages                5817.55           12.61        17274.02            0.00        23104.18
PageTables                 77.25            0.28            0.00            0.00           77.53
WritebackTmp                0.00            0.00            0.00            0.00            0.00
MemTotal                63888.29        64461.80       514048.00       514048.00      1156446.08
MemFree                 48581.48        55771.76       493940.65       514047.94      1112341.82
MemUsed                 15306.81         8690.04        20107.35            0.06        44104.26
Dirty                       0.13            0.02            0.02            0.00            0.16
Writeback                   0.00            0.00            0.00            0.00            0.00
FilePages                 346.38           41.59            3.65            0.00          391.62
AnonPages                5818.22           12.61        20094.02            0.00        25924.85
PageTables                 82.45            0.28            0.00            0.00           82.73
WritebackTmp                0.00            0.00            0.00            0.00            0.00
MemTotal                63888.29        64461.80       514048.00       514048.00      1156446.08
MemFree                 48573.38        55771.76       491496.65       514047.94      1109889.72
MemUsed                 15314.91         8690.04        22551.35            0.06        46556.36
Dirty                       0.04            0.01            0.00            0.00            0.04
Writeback                   0.00            0.00            0.00            0.00            0.00
FilePages                 346.39           41.59            3.65            0.00          391.63
AnonPages                5817.93           12.70        22538.02            0.00        28368.65
PageTables                 87.54            0.28            0.00            0.00           87.82
WritebackTmp                0.00            0.00            0.00            0.00            0.00
MemTotal                63888.29        64461.80       514048.00       514048.00      1156446.08
MemFree                 48558.24        55771.76       488585.16       514047.94      1106963.09
MemUsed                 15330.05         8690.04        25462.84            0.06        49482.99
Dirty                       0.06            0.01            0.02            0.00            0.09
Writeback                   0.00            0.00            0.00            0.00            0.00
FilePages                 346.40           41.59            3.65            0.00          391.64
AnonPages                5819.27           12.70        25446.02            0.00        31277.99
PageTables                 93.71            0.28            0.00            0.00           93.99
WritebackTmp                0.00            0.00            0.00            0.00            0.00
MemTotal                63888.29        64461.80       514048.00       514048.00      1156446.08
MemFree                 48546.90        55771.76       486381.41       514047.94      1104748.01
MemUsed                 15341.38         8690.04        27666.59            0.06        51698.07
Dirty                       0.00            0.00            0.00            0.00            0.00
Writeback                   0.00            0.00            0.00            0.00            0.00
FilePages                 346.41           41.59            3.66            0.00          391.65
AnonPages                5822.04           12.70        27652.61            0.00        33487.35
PageTables                 97.64            0.28            0.00            0.00           97.92
WritebackTmp                0.00            0.00            0.00            0.00            0.00
MemTotal                63888.29        64461.80       514048.00       514048.00      1156446.08
MemFree                 48548.56        55771.77       486375.68       514047.94      1104743.95
MemUsed                 15339.72         8690.03        27672.32            0.06        51702.13
Dirty                       0.06            0.01            0.02            0.00            0.08
Writeback                   0.00            0.00            0.00            0.00            0.00
FilePages                 346.71           41.59            3.66            0.00          391.95
AnonPages                5818.41           12.71        27658.61            0.00        33489.73
PageTables                 97.52            0.28            0.00            0.00           97.80
WritebackTmp                0.00            0.00            0.00            0.00            0.00
MemTotal                63888.29        64461.80       514048.00       514048.00      1156446.08
MemFree                 48554.99        55771.77       486373.11       514047.94      1104747.81
MemUsed                 15333.29         8690.03        27674.89            0.06        51698.27
Dirty                       0.00            0.00            0.00            0.00            0.00
Writeback                   0.00            0.00            0.00            0.00            0.00
FilePages                 347.43           41.59            3.66            0.00          392.68
AnonPages                5813.01           12.71        27662.61            0.00        33488.33
PageTables                 97.75            0.28            0.00            0.00           98.03
WritebackTmp                0.00            0.00            0.00            0.00            0.00
MemTotal                63888.29        64461.80       514048.00       514048.00      1156446.08
MemFree                 48559.60        55771.77       486365.12       514047.94      1104744.42
MemUsed                 15328.69         8690.03        27682.88            0.06        51701.66
Dirty                       0.10            0.01            0.02            0.00            0.12
Writeback                   0.00            0.00            0.00            0.00            0.00
FilePages                 347.44           41.59            3.66            0.00          392.68
AnonPages                5808.30           12.71        27668.61            0.00        33489.62
PageTables                 98.01            0.28            0.00            0.00           98.29
WritebackTmp                0.00            0.00            0.00            0.00            0.00
MemTotal                63888.29        64461.80       514048.00       514048.00      1156446.08
MemFree                 48562.09        55771.77       486361.41       514047.94      1104743.20
MemUsed                 15326.19         8690.03        27686.59            0.06        51702.88
Dirty                       0.00            0.00            0.00            0.00            0.00
Writeback                   0.00            0.00            0.00            0.00            0.00
FilePages                 347.45           41.59            3.66            0.00          392.69
AnonPages                5803.99           12.71        27672.61            0.00        33489.31
PageTables                 97.52            0.28            0.00            0.00           97.80
WritebackTmp                0.00            0.00            0.00            0.00            0.00
MemTotal                63888.29        64461.80       514048.00       514048.00      1156446.08
MemFree                 48569.02        55771.77       486357.65       514047.94      1104746.38
MemUsed                 15319.26         8690.03        27690.35            0.06        51699.70
Dirty                       0.07            0.01            0.02            0.00            0.10
Writeback                   0.00            0.00            0.00            0.00            0.00
FilePages                 347.46           41.59            3.66            0.00          392.70
AnonPages                5797.01           12.71        27678.61            0.00        33488.33
PageTables                 97.52            0.28            0.00            0.00           97.79
WritebackTmp                0.00            0.00            0.00            0.00            0.00
MemTotal                63888.29        64461.80       514048.00       514048.00      1156446.08
MemFree                 48568.68        55771.77       486353.90       514047.94      1104742.28
MemUsed                 15319.61         8690.03        27694.10            0.06        51703.80
Dirty                       0.01            0.00            0.00            0.00            0.01
Writeback                   0.00            0.00            0.00            0.00            0.00
FilePages                 347.47           41.59            3.66            0.00          392.71
AnonPages                5798.40           12.69        27682.61            0.00        33493.70
PageTables                 97.54            0.28            0.00            0.00           97.81
WritebackTmp                0.00            0.00            0.00            0.00            0.00
MemTotal                63888.29        64461.80       514048.00       514048.00      1156446.08
MemFree                 48503.13        55772.82       486345.90       514047.94      1104669.79
MemUsed                 15385.15         8688.97        27702.10            0.06        51776.29
Dirty                       0.15            0.01            0.02            0.00            0.18
Writeback                   0.00            0.00            0.00            0.00            0.00
FilePages                 389.22           41.59            3.66            0.00          434.47
AnonPages                5792.71           12.69        27688.61            0.00        33494.02
PageTables                 97.73            0.28            0.00            0.00           98.01
WritebackTmp                0.00            0.00            0.00            0.00            0.00
MemTotal                63888.29        64461.80       514048.00       514048.00      1156446.08
MemFree                 48501.37        55772.82       486341.90       514047.94      1104664.03
MemUsed                 15386.92         8688.97        27706.10            0.06        51782.05
Dirty                       0.03            0.01            0.00            0.00            0.04
Writeback                   0.00            0.00            0.00            0.00            0.00
FilePages                 389.23           41.59            3.66            0.00          434.48
AnonPages                5792.82           12.66        27692.61            0.00        33498.10
PageTables                 97.55            0.28            0.00            0.00           97.82
WritebackTmp                0.00            0.00            0.00            0.00            0.00
MemTotal                63888.29        64461.80       514048.00       514048.00      1156446.08
MemFree                 48506.00        55772.82       486337.90       514047.94      1104664.66
MemUsed                 15382.28         8688.97        27710.10            0.06        51781.42
Dirty                       0.06            0.01            0.02            0.00            0.09
Writeback                   0.00            0.00            0.00            0.00            0.00
FilePages                 389.24           41.59            3.66            0.00          434.49
AnonPages                5787.61           12.66        27698.61            0.00        33498.88
PageTables                 97.53            0.28            0.00            0.00           97.80
WritebackTmp                0.00            0.00            0.00            0.00            0.00
