MemTotal                63861.90        64493.11       514048.00       514048.00      1156451.01
MemFree                 53395.46        55751.77       514047.97       514047.94      1137243.13
MemUsed                 10466.44         8741.35            0.03            0.06        19207.88
Dirty                       0.10            0.01            0.00            0.00            0.11
Writeback                   0.00            0.00            0.00            0.00            0.00
FilePages                 359.41            2.41            0.00            0.00          361.82
AnonPages                 709.16           13.87            0.00            0.00          723.04
PageTables                 31.08            0.12            0.00            0.00           31.20
WritebackTmp                0.00            0.00            0.00            0.00            0.00
MemTotal                63861.90        64493.11       514048.00       514048.00      1156451.01
MemFree                 48392.61        55747.38       514047.97       514047.94      1132235.89
MemUsed                 15469.29         8745.74            0.03            0.06        24215.12
Dirty                       0.04            0.00            0.00            0.00            0.04
Writeback                   0.00            0.00            0.00            0.00            0.00
FilePages                2850.55            2.41            0.00            0.00         2852.96
AnonPages                3200.38           13.87            0.00            0.00         3214.25
PageTables                 36.21            0.12            0.00            0.00           36.33
WritebackTmp                0.00            0.00            0.00            0.00            0.00
MemTotal                63861.90        64493.11       514048.00       514048.00      1156451.01
MemFree                 43419.81        55747.64       514047.97       514047.94      1127263.35
MemUsed                 20442.09         8745.48            0.03            0.06        29187.66
Dirty                       0.02            0.00            0.00            0.00            0.02
Writeback                   0.00            0.00            0.00            0.00            0.00
FilePages                5328.47            2.41            0.00            0.00         5330.88
AnonPages                5678.81           13.87            0.00            0.00         5692.68
PageTables                 40.45            0.12            0.00            0.00           40.57
WritebackTmp                0.00            0.00            0.00            0.00            0.00
MemTotal                63861.90        64493.11       514048.00       514048.00      1156451.01
MemFree                 38421.74        55747.64       514047.97       514047.94      1122265.29
MemUsed                 25440.16         8745.48            0.03            0.06        34185.73
Dirty                       0.01            0.00            0.00            0.00            0.01
Writeback                   0.00            0.00            0.00            0.00            0.00
FilePages                7819.88            2.41            0.00            0.00         7822.29
AnonPages                8169.29           13.87            0.00            0.00         8183.15
PageTables                 45.21            0.12            0.00            0.00           45.33
WritebackTmp                0.00            0.00            0.00            0.00            0.00
MemTotal                63861.90        64493.11       514048.00       514048.00      1156451.01
MemFree                 33576.41        55747.64       514047.97       514047.94      1117419.95
MemUsed                 30285.49         8745.48            0.03            0.06        39031.06
Dirty                       0.02            0.00            0.00            0.00            0.02
Writeback                   0.00            0.00            0.00            0.00            0.00
FilePages               10235.60            2.41            0.00            0.00        10238.01
AnonPages               10584.91           13.87            0.00            0.00        10598.77
PageTables                 50.03            0.12            0.00            0.00           50.14
WritebackTmp                0.00            0.00            0.00            0.00            0.00
MemTotal                63861.90        64493.11       514048.00       514048.00      1156451.01
MemFree                 28518.32        55747.64       514047.97       514047.94      1112361.86
MemUsed                 35343.58         8745.48            0.03            0.06        44089.15
Dirty                       0.00            0.00            0.00            0.00            0.00
Writeback                   0.00            0.00            0.00            0.00            0.00
FilePages               12757.60            2.41            0.00            0.00        12760.01
AnonPages               13106.72           13.89            0.00            0.00        13120.61
PageTables                 54.96            0.12            0.00            0.00           55.08
WritebackTmp                0.00            0.00            0.00            0.00            0.00
MemTotal                63861.90        64493.11       514048.00       514048.00      1156451.01
MemFree                 23544.24        55747.64       514047.97       514047.94      1107387.78
MemUsed                 40317.66         8745.48            0.03            0.06        49063.23
Dirty                       0.02            0.00            0.00            0.00            0.02
Writeback                   0.00            0.00            0.00            0.00            0.00
FilePages               15236.41            2.41            0.00            0.00        15238.82
AnonPages               15584.77           13.89            0.00            0.00        15598.65
PageTables                 59.78            0.12            0.00            0.00           59.90
WritebackTmp                0.00            0.00            0.00            0.00            0.00
MemTotal                63861.90        64493.11       514048.00       514048.00      1156451.01
MemFree                 20475.77        55747.82       512510.09       514047.94      1102781.63
MemUsed                 43386.12         8745.29         1537.91            0.06        53669.38
Dirty                       0.01            0.00            0.00            0.00            0.01
Writeback                   0.00            0.00            0.00            0.00            0.00
FilePages               16391.67            2.41         1141.26            0.00        17535.34
AnonPages               17486.63           13.89          394.11            0.00        17894.63
PageTables                 64.21            0.12            0.00            0.00           64.33
WritebackTmp                0.00            0.00            0.00            0.00            0.00
MemTotal                63861.90        64493.11       514048.00       514048.00      1156451.01
MemFree                 20509.45        55747.82       508517.43       514047.94      1098822.64
MemUsed                 43352.45         8745.29         5530.57            0.06        57628.37
Dirty                       0.01            0.00            0.01            0.00            0.02
Writeback                   0.00            0.00            0.00            0.00            0.00
FilePages               15540.86            2.41         3964.07            0.00        19507.35
AnonPages               18290.84           13.89         1562.07            0.00        19866.80
PageTables                 68.12            0.12            0.00            0.00           68.23
WritebackTmp                0.00            0.00            0.00            0.00            0.00
MemTotal                63861.90        64493.11       514048.00       514048.00      1156451.01
MemFree                 20493.44        55747.82       504522.44       514047.94      1094811.64
MemUsed                 43368.46         8745.29         9525.56            0.06        61639.37
Dirty                       0.00            0.00            0.01            0.00            0.02
Writeback                   0.00            0.00            0.00            0.00            0.00
FilePages               14656.40            2.41         6847.50            0.00        21506.32
AnonPages               19177.29           13.89         2676.00            0.00        21867.17
PageTables                 72.07            0.12            0.00            0.00           72.19
WritebackTmp                0.00            0.00            0.00            0.00            0.00
MemTotal                63861.90        64493.11       514048.00       514048.00      1156451.01
MemFree                 20385.26        55747.82       500648.57       514047.94      1090829.59
MemUsed                 43476.64         8745.29        13399.43            0.06        65621.42
Dirty                       0.02            0.00            0.00            0.00            0.02
Writeback                   0.00            0.00            0.00            0.00            0.00
FilePages               13971.92            2.41         9517.04            0.00        23491.37
AnonPages               19959.21           13.89         3878.21            0.00        23851.30
PageTables                 75.98            0.12            0.00            0.00           76.09
WritebackTmp                0.00            0.00            0.00            0.00            0.00
MemTotal                63861.90        64493.11       514048.00       514048.00      1156451.01
MemFree                 20474.34        55747.82       496691.73       514047.94      1086961.84
MemUsed                 43387.55         8745.29        17356.27            0.06        69489.18
Dirty                       0.02            0.00            0.01            0.00            0.03
Writeback                   0.00            0.00            0.00            0.00            0.00
FilePages               13039.52            2.41        12376.77            0.00        25418.70
AnonPages               20791.28           13.89         4974.15            0.00        25779.32
PageTables                 79.76            0.12            0.00            0.00           79.88
WritebackTmp                0.00            0.00            0.00            0.00            0.00
MemTotal                63861.90        64493.11       514048.00       514048.00      1156451.01
MemFree                 20474.14        55747.82       492101.45       514047.94      1082371.36
MemUsed                 43387.76         8745.29        21946.55            0.06        74079.66
Dirty                       0.01            0.00            0.00            0.00            0.01
Writeback                   0.00            0.00            0.00            0.00            0.00
FilePages               11741.22            2.41        15964.07            0.00        27707.70
AnonPages               22075.48           13.89         5978.00            0.00        28067.37
PageTables                 84.22            0.12            0.00            0.00           84.34
WritebackTmp                0.00            0.00            0.00            0.00            0.00
MemTotal                63861.90        64493.11       514048.00       514048.00      1156451.01
MemFree                 20470.58        55747.82       487425.70       514047.94      1077692.04
MemUsed                 43391.32         8745.29        26622.30            0.06        78758.98
Dirty                       0.01            0.00            0.01            0.00            0.02
Writeback                   0.00            0.00            0.00            0.00            0.00
FilePages               10309.83            2.41        19727.48            0.00        30039.72
AnonPages               23493.53           13.89         6892.00            0.00        30399.42
PageTables                 88.74            0.12            0.00            0.00           88.86
WritebackTmp                0.00            0.00            0.00            0.00            0.00
MemTotal                63861.90        64493.11       514048.00       514048.00      1156451.01
MemFree                 20471.35        55747.82       482716.27       514047.94      1072983.39
MemUsed                 43390.55         8745.29        31331.73            0.06        83467.62
Dirty                       0.01            0.00            0.00            0.00            0.01
Writeback                   0.00            0.00            0.00            0.00            0.00
FilePages                8817.62            2.41        23565.68            0.00        32385.71
AnonPages               24969.52           13.89         7762.00            0.00        32745.40
PageTables                 93.19            0.12            0.00            0.00           93.30
WritebackTmp                0.00            0.00            0.00            0.00            0.00
MemTotal                63861.90        64493.11       514048.00       514048.00      1156451.01
MemFree                 20418.35        55747.82       478094.84       514047.94      1068308.96
MemUsed                 43443.55         8745.29        35953.16            0.06        88142.05
Dirty                       0.01            0.00            0.02            0.00            0.03
Writeback                   0.00            0.00            0.00            0.00            0.00
FilePages                7427.57            2.41        27287.07            0.00        34717.05
AnonPages               26399.82           13.89         8664.00            0.00        35077.70
PageTables                 97.88            0.12            0.00            0.00           98.00
WritebackTmp                0.00            0.00            0.00            0.00            0.00
MemTotal                63861.90        64493.11       514048.00       514048.00      1156451.01
MemFree                 20455.98        55748.07       473414.20       514047.94      1063666.20
MemUsed                 43405.92         8745.04        40633.80            0.06        92784.82
Dirty                       0.02            0.00            0.00            0.00            0.02
Writeback                   0.00            0.00            0.00            0.00            0.00
FilePages                6015.80            2.41        31012.53            0.00        37030.73
AnonPages               27759.96           13.89         9618.00            0.00        37391.84
PageTables                102.46            0.12            0.00            0.00          102.58
WritebackTmp                0.00            0.00            0.00            0.00            0.00
MemTotal                63861.90        64493.11       514048.00       514048.00      1156451.01
MemFree                 20417.03        55748.07       468742.20       514047.94      1058955.24
MemUsed                 43444.87         8745.04        45305.80            0.06        97495.77
Dirty                       0.00            0.00            0.02            0.00            0.02
Writeback                   0.00            0.00            0.00            0.00            0.00
FilePages                4583.77            2.41        34792.57            0.00        39378.76
AnonPages               29213.93           13.89        10512.00            0.00        39739.83
PageTables                106.97            0.12            0.00            0.00          107.09
WritebackTmp                0.00            0.00            0.00            0.00            0.00
MemTotal                63861.90        64493.11       514048.00       514048.00      1156451.01
MemFree                 20408.61        55748.07       464098.36       514047.94      1054302.98
MemUsed                 43453.29         8745.04        49949.64            0.06       102148.03
Dirty                       0.01            0.00            0.00            0.00            0.01
Writeback                   0.00            0.00            0.00            0.00            0.00
FilePages                3221.45            2.41        38472.39            0.00        41696.26
AnonPages               30569.43           13.89        11474.00            0.00        42057.32
PageTables                111.40            0.12            0.00            0.00          111.52
WritebackTmp                0.00            0.00            0.00            0.00            0.00
MemTotal                63861.90        64493.11       514048.00       514048.00      1156451.01
MemFree                 20374.21        55747.83       459494.64       514047.94      1049664.61
MemUsed                 43487.69         8745.29        54553.36            0.06       106786.40
Dirty                       0.16            0.01            0.02            0.00            0.19
Writeback                   0.00            0.00            0.00            0.00            0.00
FilePages                1851.19            2.41        42156.41            0.00        44010.02
AnonPages               31961.23           13.91        12394.00            0.00        44369.14
PageTables                115.94            0.12            0.00            0.00          116.06
WritebackTmp                0.00            0.00            0.00            0.00            0.00
MemTotal                63861.90        64493.11       514048.00       514048.00      1156451.01
MemFree                 20469.63        55747.58       454898.50       514047.94      1045163.65
MemUsed                 43392.27         8745.53        59149.50            0.06       111287.36
Dirty                       0.01            0.00            0.00            0.00            0.02
Writeback                   0.00            0.00            0.00            0.00            0.00
FilePages                 874.99            2.41        45376.64            0.00        46254.05
AnonPages               32831.05           13.91        13768.34            0.00        46613.29
PageTables                120.38            0.12            0.00            0.00          120.49
WritebackTmp                0.00            0.00            0.00            0.00            0.00
MemTotal                63861.90        64493.11       514048.00       514048.00      1156451.01
MemFree                 20329.18        55747.87       450317.78       514047.94      1040442.76
MemUsed                 43532.72         8745.25        63730.22            0.06       116008.25
Dirty                       0.02            0.00            0.02            0.00            0.03
Writeback                   0.00            0.00            0.00            0.00            0.00
FilePages                 879.68            2.41        47725.34            0.00        48607.43
AnonPages               32951.18           13.91        16000.34            0.00        48965.42
PageTables                124.98            0.12            0.00            0.00          125.09
WritebackTmp                0.00            0.00            0.00            0.00            0.00
MemTotal                63861.90        64493.11       514048.00       514048.00      1156451.01
MemFree                 20445.98        55747.87       445430.32       514047.94      1035672.11
MemUsed                 43415.92         8745.25        68617.68            0.06       120778.91
Dirty                       0.01            0.00            0.00            0.00            0.01
Writeback                   0.00            0.00            0.00            0.00            0.00
FilePages                 779.92            2.41        50200.43            0.00        50982.77
AnonPages               32915.20           13.91        18410.34            0.00        51339.45
PageTables                129.40            0.12            0.00            0.00          129.52
WritebackTmp                0.00            0.00            0.00            0.00            0.00
MemTotal                63861.90        64493.11       514048.00       514048.00      1156451.01
MemFree                 20182.64        55747.87       440951.21       514047.94      1030929.65
MemUsed                 43679.26         8745.25        73096.79            0.06       125521.36
Dirty                       0.01            0.00            0.02            0.00            0.02
Writeback                   0.00            0.00            0.00            0.00            0.00
FilePages                1028.05            2.41        52315.00            0.00        53345.46
AnonPages               32916.48           13.91        20772.34            0.00        53702.73
PageTables                134.25            0.12            0.00            0.00          134.37
WritebackTmp                0.00            0.00            0.00            0.00            0.00
MemTotal                63861.90        64493.11       514048.00       514048.00      1156451.01
MemFree                 20362.30        55748.86       435996.72       514047.94      1026155.81
MemUsed                 43499.60         8744.26        78051.28            0.06       130295.20
Dirty                       0.02            0.00            0.01            0.00            0.02
Writeback                   0.00            0.00            0.00            0.00            0.00
FilePages                 732.39            2.41        54992.30            0.00        55727.10
AnonPages               33018.34           13.91        23050.39            0.00        56082.63
PageTables                138.82            0.12            0.00            0.00          138.94
WritebackTmp                0.00            0.00            0.00            0.00            0.00
MemTotal                63861.90        64493.11       514048.00       514048.00      1156451.01
MemFree                 20196.74        55748.86       431450.50       514047.94      1021444.03
MemUsed                 43665.16         8744.26        82597.50            0.06       135006.98
Dirty                       0.00            0.00            0.02            0.00            0.02
Writeback                   0.00            0.00            0.00            0.00            0.00
FilePages                 991.55            2.41        57082.65            0.00        58076.61
AnonPages               32913.65           13.88        25508.34            0.00        58435.87
PageTables                143.57            0.12            0.00            0.00          143.68
WritebackTmp                0.00            0.00            0.00            0.00            0.00
MemTotal                63861.90        64493.11       514048.00       514048.00      1156451.01
MemFree                 20231.75        55748.89       425411.54       514047.94      1015440.12
MemUsed                 43630.14         8744.23        88636.46            0.06       141010.89
Dirty                       0.15            0.02            0.00            0.00            0.17
Writeback                   0.00            0.00            0.00            0.00            0.00
FilePages                 695.55            2.41        58460.65            0.00        59158.62
AnonPages               33141.80           13.88        30141.80            0.00        63297.48
PageTables                152.52            0.12            0.00            0.00          152.64
WritebackTmp                0.00            0.00            0.00            0.00            0.00
MemTotal                63861.90        64493.11       514048.00       514048.00      1156451.01
MemFree                 19263.11        55751.73       427896.30       514047.94      1016959.07
MemUsed                 44598.79         8741.39        86151.70            0.06       139491.94
Dirty                       0.00            0.00            0.02            0.00            0.02
Writeback                   0.00            0.00            0.00            0.00            0.00
FilePages                 360.29            2.41        58796.03            0.00        59158.73
AnonPages               34457.17           14.02        27307.59            0.00        61778.79
PageTables                151.95            0.12            0.00            0.00          152.07
WritebackTmp                0.00            0.00            0.00            0.00            0.00
MemTotal                63861.90        64493.11       514048.00       514048.00      1156451.01
MemFree                 20909.86        55751.73       426296.37       514047.94      1017005.89
MemUsed                 42952.04         8741.38        87751.63            0.06       139445.12
Dirty                       0.11            0.02            0.00            0.00            0.13
Writeback                   0.00            0.00            0.00            0.00            0.00
FilePages                 364.73            2.41        58796.03            0.00        59163.18
AnonPages               32760.89           14.02        28917.57            0.00        61692.49
PageTables                169.82            0.12            0.00            0.00          169.94
WritebackTmp                0.00            0.00            0.00            0.00            0.00
MemTotal                63861.90        64493.11       514048.00       514048.00      1156451.01
MemFree                 22804.91        55751.98       424401.30       514047.94      1017006.14
MemUsed                 41056.98         8741.13        89646.70            0.06       139444.88
Dirty                       0.07            0.01            0.00            0.00            0.08
Writeback                   0.00            0.00            0.00            0.00            0.00
FilePages                 365.64            2.41        58796.03            0.00        59164.09
AnonPages               30877.26           14.03        30814.63            0.00        61705.92
PageTables                169.87            0.12            0.00            0.00          169.98
WritebackTmp                0.00            0.00            0.00            0.00            0.00
MemTotal                63861.90        64493.11       514048.00       514048.00      1156451.01
MemFree                 24304.14        55751.98       422896.06       514047.94      1017000.12
MemUsed                 39557.76         8741.13        91151.94            0.06       139450.89
Dirty                       0.03            0.00            0.02            0.00            0.05
Writeback                   0.00            0.00            0.00            0.00            0.00
FilePages                 365.65            2.41        58796.03            0.00        59164.09
AnonPages               29356.08           14.03        32324.61            0.00        61694.72
PageTables                169.87            0.12            0.00            0.00          169.98
WritebackTmp                0.00            0.00            0.00            0.00            0.00
MemTotal                63861.90        64493.11       514048.00       514048.00      1156451.01
MemFree                 20189.73        55752.24       427018.28       514047.94      1017008.18
MemUsed                 43672.17         8740.88        87029.72            0.06       139442.83
Dirty                       0.00            0.00            0.00            0.00            0.00
Writeback                   0.00            0.00            0.00            0.00            0.00
FilePages                 365.66            2.41        58796.03            0.00        59164.10
AnonPages               33478.12           13.84        28205.28            0.00        61697.24
PageTables                169.80            0.12            0.00            0.00          169.92
WritebackTmp                0.00            0.00            0.00            0.00            0.00
MemTotal                63861.90        64493.11       514048.00       514048.00      1156451.01
MemFree                 21155.87        55752.48       426051.54       514047.94      1017007.83
MemUsed                 42706.03         8740.63        87996.46            0.06       139443.18
Dirty                       0.01            0.00            0.00            0.00            0.01
Writeback                   0.00            0.00            0.00            0.00            0.00
FilePages                 365.66            2.41        58796.03            0.00        59164.11
AnonPages               32512.29           13.84        29171.60            0.00        61697.72
PageTables                169.96            0.12            0.00            0.00          170.07
WritebackTmp                0.00            0.00            0.00            0.00            0.00
MemTotal                63861.90        64493.11       514048.00       514048.00      1156451.01
MemFree                 21158.13        55752.67       425918.82       514047.94      1016877.56
MemUsed                 42703.77         8740.44        88129.18            0.06       139573.45
Dirty                       0.00            0.00            0.02            0.00            0.02
Writeback                   0.00            0.00            0.00            0.00            0.00
FilePages                 365.67            2.41        58796.04            0.00        59164.12
AnonPages               32519.44           13.84        29310.65            0.00        61843.93
PageTables                170.29            0.12            0.00            0.00          170.41
WritebackTmp                0.00            0.00            0.00            0.00            0.00
MemTotal                63861.90        64493.11       514048.00       514048.00      1156451.01
MemFree                 20945.92        55753.16       426157.91       514047.94      1016904.93
MemUsed                 42915.98         8739.95        87890.09            0.06       139546.08
Dirty                       0.16            0.01            0.00            0.00            0.17
Writeback                   0.00            0.00            0.00            0.00            0.00
FilePages                 365.70            2.41        58796.04            0.00        59164.14
AnonPages               32743.13           13.84        29066.61            0.00        61823.59
PageTables                170.08            0.12            0.00            0.00          170.20
WritebackTmp                0.00            0.00            0.00            0.00            0.00
MemTotal                63861.90        64493.11       514048.00       514048.00      1156451.01
MemFree                 20358.96        55754.07       426858.54       514047.94      1017019.51
MemUsed                 43502.93         8739.05        87189.46            0.06       139431.50
Dirty                       0.00            0.00            0.02            0.00            0.02
Writeback                   0.00            0.00            0.00            0.00            0.00
FilePages                 365.70            2.41        58796.04            0.00        59164.15
AnonPages               33311.26           13.93        28368.61            0.00        61693.80
PageTables                169.82            0.17            0.00            0.00          169.99
WritebackTmp                0.00            0.00            0.00            0.00            0.00
MemTotal                63861.90        64493.11       514048.00       514048.00      1156451.01
MemFree                 21160.82        55753.43       426064.35       514047.94      1017026.54
MemUsed                 42701.08         8739.68        87983.65            0.06       139424.48
Dirty                       0.01            0.00            0.00            0.00            0.01
Writeback                   0.00            0.00            0.00            0.00            0.00
FilePages                 365.71            2.41        58796.04            0.00        59164.16
AnonPages               32519.39           13.84        29164.92            0.00        61698.14
PageTables                169.78            0.12            0.00            0.00          169.90
WritebackTmp                0.00            0.00            0.00            0.00            0.00
MemTotal                63861.90        64493.11       514048.00       514048.00      1156451.01
MemFree                 21131.08        55753.60       425899.45       514047.94      1016832.06
MemUsed                 42730.82         8739.52        88148.55            0.06       139618.95
Dirty                       0.00            0.00            0.02            0.00            0.02
Writeback                   0.00            0.00            0.00            0.00            0.00
FilePages                 365.72            2.41        58796.04            0.00        59164.17
AnonPages               32553.40           13.84        29329.20            0.00        61896.45
PageTables                170.26            0.12            0.00            0.00          170.38
WritebackTmp                0.00            0.00            0.00            0.00            0.00
MemTotal                63861.90        64493.11       514048.00       514048.00      1156451.01
MemFree                 21160.41        55753.60       425737.03       514047.94      1016698.98
MemUsed                 42701.49         8739.52        88310.97            0.06       139752.04
Dirty                       0.02            0.00            0.00            0.00            0.02
Writeback                   0.00            0.00            0.00            0.00            0.00
FilePages                 365.73            2.41        58796.04            0.00        59164.18
AnonPages               32518.56           13.84        29495.41            0.00        62027.80
PageTables                170.52            0.12            0.00            0.00          170.64
WritebackTmp                0.00            0.00            0.00            0.00            0.00
MemTotal                63861.90        64493.11       514048.00       514048.00      1156451.01
MemFree                 20813.10        55753.60       428162.88       514047.94      1018777.51
MemUsed                 43048.80         8739.52        85885.12            0.06       137673.50
Dirty                       0.01            0.00            0.02            0.00            0.02
Writeback                   0.00            0.00            0.00            0.00            0.00
FilePages                 365.73            2.41        58796.04            0.00        59164.19
AnonPages               32854.22           13.84        27053.46            0.00        59921.52
PageTables                165.95            0.12            0.00            0.00          166.07
WritebackTmp                0.00            0.00            0.00            0.00            0.00
