MemTotal                63888.29        64461.80       514048.00       514048.00      1156446.08
MemFree                 53813.40        55831.34       514047.78       514047.78      1137740.30
MemUsed                 10074.89         8630.45            0.22            0.22        18705.78
Dirty                       0.01            0.03            0.00            0.00            0.04
Writeback                   0.00            0.00            0.00            0.00            0.00
FilePages                 399.43            5.84            0.00            0.00          405.27
AnonPages                 606.62            5.93            0.00            0.00          612.55
PageTables                 31.34            0.25            0.00            0.00           31.59
WritebackTmp                0.00            0.00            0.00            0.00            0.00
MemTotal                63888.29        64461.80       514048.00       514048.00      1156446.08
MemFree                 48666.76        55826.78       513451.68       514047.97      1131993.19
MemUsed                 15221.52         8635.02          596.32            0.03        24452.89
Dirty                       0.19            0.07            0.00            0.00            0.26
Writeback                   0.00            0.00            0.00            0.00            0.00
FilePages                 400.41            6.15            0.00            0.00          406.56
AnonPages                5721.81            5.93          595.32            0.00         6323.07
PageTables                 42.25            0.25            0.00            0.00           42.50
WritebackTmp                0.00            0.00            0.00            0.00            0.00
MemTotal                63888.29        64461.80       514048.00       514048.00      1156446.08
MemFree                 48651.71        55826.75       509892.43       514047.97      1128418.86
MemUsed                 15236.57         8635.05         4155.57            0.03        28027.23
Dirty                       0.22            0.08            0.01            0.00            0.31
Writeback                   0.00            0.00            0.00            0.00            0.00
FilePages                 396.82            6.16            3.60            0.00          406.58
AnonPages                5725.45            5.93         4149.35            0.00         9880.73
PageTables                 49.43            0.25            0.00            0.00           49.69
WritebackTmp                0.00            0.00            0.00            0.00            0.00
MemTotal                63888.29        64461.80       514048.00       514048.00      1156446.08
MemFree                 48637.26        55827.05       506484.52       514047.97      1124996.80
MemUsed                 15251.03         8634.75         7563.48            0.03        31449.28
Dirty                       0.13            0.07            0.01            0.00            0.21
Writeback                   0.00            0.00            0.00            0.00            0.00
FilePages                 396.96            6.16            3.61            0.00          406.73
AnonPages                5725.93            5.93         7556.48            0.00        13288.35
PageTables                 56.64            0.25            0.00            0.00           56.90
WritebackTmp                0.00            0.00            0.00            0.00            0.00
MemTotal                63888.29        64461.80       514048.00       514048.00      1156446.08
MemFree                 48625.87        55826.56       503385.45       514047.97      1121885.85
MemUsed                 15262.41         8635.23        10662.55            0.03        34560.23
Dirty                       0.12            0.03            0.00            0.00            0.15
Writeback                   0.00            0.00            0.00            0.00            0.00
FilePages                 396.97            6.18            3.61            0.00          406.75
AnonPages                5727.11            5.94        10656.27            0.00        16389.31
PageTables                 62.28            0.25            0.00            0.00           62.54
WritebackTmp                0.00            0.00            0.00            0.00            0.00
MemTotal                63888.29        64461.80       514048.00       514048.00      1156446.08
MemFree                 48601.01        55826.56       500212.29       514047.97      1118687.83
MemUsed                 15287.27         8635.23        13835.71            0.03        37758.25
Dirty                       0.22            0.06            0.02            0.00            0.30
Writeback                   0.00            0.00            0.00            0.00            0.00
FilePages                 396.98            6.18            3.61            0.00          406.77
AnonPages                5740.75            5.94        13828.16            0.00        19574.84
PageTables                 68.65            0.25            0.00            0.00           68.90
WritebackTmp                0.00            0.00            0.00            0.00            0.00
MemTotal                63888.29        64461.80       514048.00       514048.00      1156446.08
MemFree                 48600.27        55826.56       496738.02       514047.97      1115212.82
MemUsed                 15288.02         8635.23        17309.98            0.03        41233.26
Dirty                       0.32            0.06            0.00            0.00            0.38
Writeback                   0.00            0.00            0.00            0.00            0.00
FilePages                 396.98            6.18            3.61            0.00          406.78
AnonPages                5726.25            5.94        17301.68            0.00        23033.86
PageTables                 74.94            0.25            0.00            0.00           75.20
WritebackTmp                0.00            0.00            0.00            0.00            0.00
MemTotal                63888.29        64461.80       514048.00       514048.00      1156446.08
MemFree                 48588.55        55826.56       493938.84       514047.97      1112401.92
MemUsed                 15299.73         8635.23        20109.16            0.03        44044.16
Dirty                       0.39            0.07            0.01            0.00            0.47
Writeback                   0.00            0.00            0.00            0.00            0.00
FilePages                 397.46            6.19            3.61            0.00          407.26
AnonPages                5727.53            5.94        20101.07            0.00        25834.54
PageTables                 80.71            0.25            0.00            0.00           80.96
WritebackTmp                0.00            0.00            0.00            0.00            0.00
MemTotal                63888.29        64461.80       514048.00       514048.00      1156446.08
MemFree                 48579.82        55826.33       491258.63       514047.97      1109712.75
MemUsed                 15308.46         8635.46        22789.37            0.03        46733.33
Dirty                       0.47            0.08            0.00            0.00            0.55
Writeback                   0.00            0.00            0.00            0.00            0.00
FilePages                 397.47            6.19            3.61            0.00          407.27
AnonPages                5727.05            5.94        22781.57            0.00        28514.55
PageTables                 85.73            0.25            0.00            0.00           85.98
WritebackTmp                0.00            0.00            0.00            0.00            0.00
MemTotal                63888.29        64461.80       514048.00       514048.00      1156446.08
MemFree                 48570.27        55826.33       488398.14       514047.97      1106842.71
MemUsed                 15318.02         8635.46        25649.86            0.03        49603.37
Dirty                       0.50            0.09            0.01            0.00            0.61
Writeback                   0.00            0.00            0.00            0.00            0.00
FilePages                 397.48            6.20            3.61            0.00          407.28
AnonPages                5727.98            5.94        25641.04            0.00        31374.95
PageTables                 91.40            0.25            0.00            0.00           91.66
WritebackTmp                0.00            0.00            0.00            0.00            0.00
MemTotal                63888.29        64461.80       514048.00       514048.00      1156446.08
MemFree                 48561.82        55826.33       486385.88       514047.97      1104822.00
MemUsed                 15326.46         8635.46        27662.12            0.03        51624.08
Dirty                       0.16            0.13            0.00            0.00            0.30
Writeback                   0.00            0.00            0.00            0.00            0.00
FilePages                 397.48            6.34            3.61            0.00          407.43
AnonPages                5725.75            5.94        27654.42            0.00        33386.11
PageTables                 95.44            0.25            0.00            0.00           95.69
WritebackTmp                0.00            0.00            0.00            0.00            0.00
MemTotal                63888.29        64461.80       514048.00       514048.00      1156446.08
MemFree                 48565.71        55826.33       486382.89       514047.97      1104822.90
MemUsed                 15322.58         8635.46        27665.11            0.03        51623.18
Dirty                       0.19            0.06            0.01            0.00            0.27
Writeback                   0.00            0.00            0.00            0.00            0.00
FilePages                 397.49            6.34            3.61            0.00          407.44
AnonPages                5720.63            5.44        27658.41            0.00        33384.49
PageTables                 95.51            0.25            0.00            0.00           95.77
WritebackTmp                0.00            0.00            0.00            0.00            0.00
MemTotal                63888.29        64461.80       514048.00       514048.00      1156446.08
MemFree                 48574.19        55826.58       486378.14       514047.97      1104826.87
MemUsed                 15314.10         8635.22        27669.86            0.03        51619.21
Dirty                       0.23            0.06            0.00            0.00            0.29
Writeback                   0.00            0.00            0.00            0.00            0.00
FilePages                 397.93            6.34            3.61            0.00          407.88
AnonPages                5712.69            5.43        27664.38            0.00        33382.50
PageTables                 95.38            0.25            0.00            0.00           95.63
WritebackTmp                0.00            0.00            0.00            0.00            0.00
MemTotal                63888.29        64461.80       514048.00       514048.00      1156446.08
MemFree                 48578.43        55826.58       486374.26       514047.97      1104827.24
MemUsed                 15309.86         8635.22        27673.74            0.03        51618.84
Dirty                       0.34            0.07            0.01            0.00            0.42
Writeback                   0.00            0.00            0.00            0.00            0.00
FilePages                 397.94            6.34            3.61            0.00          407.89
AnonPages                5708.36            5.41        27668.41            0.00        33382.19
PageTables                 95.55            0.25            0.00            0.00           95.80
WritebackTmp                0.00            0.00            0.00            0.00            0.00
MemTotal                63888.29        64461.80       514048.00       514048.00      1156446.08
MemFree                 48584.11        55826.78       486371.20       514047.97      1104830.06
MemUsed                 15304.18         8635.02        27676.80            0.03        51616.02
Dirty                       0.00            0.02            0.00            0.00            0.02
Writeback                   0.00            0.00            0.00            0.00            0.00
FilePages                 397.95            6.35            3.61            0.00          407.91
AnonPages                5703.69            5.41        27672.41            0.00        33381.52
PageTables                 95.47            0.25            0.00            0.00           95.72
WritebackTmp                0.00            0.00            0.00            0.00            0.00
MemTotal                63888.29        64461.80       514048.00       514048.00      1156446.08
MemFree                 48591.17        55826.78       486365.30       514047.97      1104831.21
MemUsed                 15297.12         8635.02        27682.70            0.03        51614.87
Dirty                       0.18            0.05            0.02            0.00            0.24
Writeback                   0.00            0.00            0.00            0.00            0.00
FilePages                 398.09            6.35            3.62            0.00          408.06
AnonPages                5698.08            5.41        27678.41            0.00        33381.91
PageTables                 95.41            0.25            0.00            0.00           95.66
WritebackTmp                0.00            0.00            0.00            0.00            0.00
MemTotal                63888.29        64461.80       514048.00       514048.00      1156446.08
MemFree                 48597.61        55827.02       486361.22       514047.97      1104833.82
MemUsed                 15290.67         8634.77        27686.78            0.03        51612.26
Dirty                       0.15            0.04            0.01            0.00            0.20
Writeback                   0.00            0.00            0.00            0.00            0.00
FilePages                 398.31            6.35            3.62            0.00          408.28
AnonPages                5692.34            5.41        27682.41            0.00        33380.17
PageTables                 95.13            0.25            0.00            0.00           95.39
WritebackTmp                0.00            0.00            0.00            0.00            0.00
MemTotal                63888.29        64461.80       514048.00       514048.00      1156446.08
MemFree                 48602.36        55827.27       486355.31       514047.97      1104832.91
MemUsed                 15285.92         8634.53        27692.69            0.03        51613.17
Dirty                       0.11            0.03            0.01            0.00            0.16
Writeback                   0.00            0.00            0.00            0.00            0.00
FilePages                 398.70            6.36            3.62            0.00          408.67
AnonPages                5686.34            5.41        27688.38            0.00        33380.14
PageTables                 95.19            0.25            0.00            0.00           95.44
WritebackTmp                0.00            0.00            0.00            0.00            0.00
MemTotal                63888.29        64461.80       514048.00       514048.00      1156446.08
MemFree                 48604.30        55827.27       486351.38       514047.97      1104830.92
MemUsed                 15283.98         8634.53        27696.62            0.03        51615.16
Dirty                       0.00            0.01            0.00            0.00            0.02
Writeback                   0.00            0.00            0.00            0.00            0.00
FilePages                 399.09            6.36            3.62            0.00          409.07
AnonPages                5682.94            5.41        27692.41            0.00        33380.77
PageTables                 95.71            0.25            0.00            0.00           95.97
WritebackTmp                0.00            0.00            0.00            0.00            0.00
MemTotal                63888.29        64461.80       514048.00       514048.00      1156446.08
MemFree                 48606.12        55827.44       486345.22       514047.97      1104826.75
MemUsed                 15282.16         8634.36        27702.78            0.03        51619.33
Dirty                       0.26            0.04            0.02            0.00            0.32
Writeback                   0.00            0.00            0.00            0.00            0.00
FilePages                 399.23            6.36            3.62            0.00          409.21
AnonPages                5681.54            5.41        27698.41            0.00        33385.37
PageTables                 95.54            0.25            0.00            0.00           95.80
WritebackTmp                0.00            0.00            0.00            0.00            0.00
MemTotal                63888.29        64461.80       514048.00       514048.00      1156446.08
MemFree                 48610.30        55827.44       486341.29       514047.97      1104826.99
MemUsed                 15277.99         8634.36        27706.71            0.03        51619.09
Dirty                       0.00            0.02            0.00            0.00            0.02
Writeback                   0.00            0.00            0.00            0.00            0.00
FilePages                 399.23            6.36            3.62            0.00          409.22
AnonPages                5676.91            5.41        27702.41            0.00        33384.74
PageTables                 95.34            0.25            0.00            0.00           95.59
WritebackTmp                0.00            0.00            0.00            0.00            0.00
MemTotal                63888.29        64461.80       514048.00       514048.00      1156446.08
MemFree                 48619.40        55827.44       486335.38       514047.97      1104830.19
MemUsed                 15268.89         8634.36        27712.62            0.03        51615.89
Dirty                       0.18            0.04            0.01            0.00            0.23
Writeback                   0.00            0.00            0.00            0.00            0.00
FilePages                 399.24            6.37            3.62            0.00          409.23
AnonPages                5667.55            5.51        27708.38            0.00        33381.44
PageTables                 95.35            0.25            0.00            0.00           95.61
WritebackTmp                0.00            0.00            0.00            0.00            0.00
MemTotal                63888.29        64461.80       514048.00       514048.00      1156446.08
MemFree                 48623.19        55827.44       486331.20       514047.97      1104829.80
MemUsed                 15265.09         8634.36        27716.80            0.03        51616.29
Dirty                       0.14            0.04            0.00            0.00            0.17
Writeback                   0.00            0.00            0.00            0.00            0.00
FilePages                 399.25            6.37            3.62            0.00          409.24
AnonPages                5664.64            5.51        27712.41            0.00        33382.57
PageTables                 95.30            0.25            0.00            0.00           95.55
WritebackTmp                0.00            0.00            0.00            0.00            0.00
MemTotal                63888.29        64461.80       514048.00       514048.00      1156446.08
MemFree                 48614.52        55827.20       486325.29       514047.97      1104814.97
MemUsed                 15273.77         8634.60        27722.71            0.03        51631.11
Dirty                       0.12            0.02            0.01            0.00            0.15
Writeback                   0.00            0.00            0.00            0.00            0.00
FilePages                 399.26            6.70            3.62            0.00          409.58
AnonPages                5672.60            5.51        27718.41            0.00        33396.52
PageTables                 95.62            0.25            0.00            0.00           95.88
WritebackTmp                0.00            0.00            0.00            0.00            0.00
MemTotal                63888.29        64461.80       514048.00       514048.00      1156446.08
MemFree                 48630.99        55827.20       486321.23       514047.97      1104827.39
MemUsed                 15257.29         8634.60        27726.77            0.03        51618.69
Dirty                       0.23            0.04            0.00            0.00            0.27
Writeback                   0.00            0.00            0.00            0.00            0.00
FilePages                 399.27            6.70            3.62            0.00          409.59
AnonPages                5655.00            5.51        27722.41            0.00        33382.92
PageTables                 95.35            0.25            0.00            0.00           95.60
WritebackTmp                0.00            0.00            0.00            0.00            0.00
MemTotal                63888.29        64461.80       514048.00       514048.00      1156446.08
MemFree                 48637.40        55827.20       486315.33       514047.97      1104827.89
MemUsed                 15250.89         8634.60        27732.67            0.03        51618.19
Dirty                       0.29            0.05            0.01            0.00            0.36
Writeback                   0.00            0.00            0.00            0.00            0.00
FilePages                 399.27            6.70            3.62            0.00          409.60
AnonPages                5649.51            5.51        27728.38            0.00        33383.40
PageTables                 95.33            0.25            0.00            0.00           95.59
WritebackTmp                0.00            0.00            0.00            0.00            0.00
MemTotal                63888.29        64461.80       514048.00       514048.00      1156446.08
MemFree                 48552.99        55827.20       486311.39       514047.97      1104739.55
MemUsed                 15335.29         8634.60        27736.61            0.03        51706.54
Dirty                       0.40            0.06            0.00            0.00            0.46
Writeback                   0.00            0.00            0.00            0.00            0.00
FilePages                 464.30            6.71            3.62            0.00          474.63
AnonPages                5667.93            5.51        27732.41            0.00        33405.85
PageTables                 96.14            0.25            0.00            0.00           96.40
WritebackTmp                0.00            0.00            0.00            0.00            0.00
MemTotal                63888.29        64461.80       514048.00       514048.00      1156446.08
MemFree                 48555.52        55826.70       486305.48       514047.97      1104735.68
MemUsed                 15332.77         8635.09        27742.52            0.03        51710.41
Dirty                       0.52            0.08            0.01            0.00            0.61
Writeback                   0.00            0.00            0.00            0.00            0.00
FilePages                 464.30            7.21            3.62            0.00          475.14
AnonPages                5663.54            5.51        27738.41            0.00        33407.46
PageTables                 96.23            0.25            0.00            0.00           96.49
WritebackTmp                0.00            0.00            0.00            0.00            0.00
MemTotal                63888.29        64461.80       514048.00       514048.00      1156446.08
MemFree                 48568.88        55826.70       486301.55       514047.97      1104745.10
MemUsed                 15319.41         8635.09        27746.45            0.03        51700.98
Dirty                       0.59            0.08            0.00            0.00            0.67
Writeback                   0.00            0.00            0.00            0.00            0.00
FilePages                 464.31            7.21            3.63            0.00          475.15
AnonPages                5649.75            5.51        27742.41            0.00        33397.67
PageTables                 96.05            0.25            0.00            0.00           96.30
WritebackTmp                0.00            0.00            0.00            0.00            0.00
