MemTotal                63854.68        64492.78       514048.00       514048.00      1156443.45
MemFree                 45744.23        15880.81       406414.07       514047.88       982086.99
MemUsed                 18110.44        48611.97       107633.93            0.12       174356.46
Dirty                       0.00            0.00            0.00            0.00            0.00
Writeback                   0.00            0.00            0.00            0.00            0.00
FilePages                7369.30        39493.90       107093.20            0.00       153956.40
AnonPages                 675.79           62.23            3.32            0.00          741.34
PageTables                 45.38            1.74            0.09            0.00           47.21
WritebackTmp                0.00            0.00            0.00            0.00            0.00
MemTotal                63854.68        64492.78       514048.00       514048.00      1156443.45
MemFree                 36873.86        15881.14       406414.07       514047.88       973216.94
MemUsed                 26980.82        48611.64       107633.93            0.12       183226.51
Dirty                       0.01            0.00            0.00            0.00            0.01
Writeback                   0.00            0.00            0.00            0.00            0.00
FilePages                7369.32        39493.90       107093.20            0.00       153956.41
AnonPages                9528.65           62.27            3.32            0.00         9594.24
PageTables                 62.96            1.74            0.09            0.00           64.80
WritebackTmp                0.00            0.00            0.00            0.00            0.00
MemTotal                63854.68        64492.78       514048.00       514048.00      1156443.45
MemFree                 27725.89        15883.24       406414.07       514047.88       964071.08
MemUsed                 36128.79        48609.54       107633.93            0.12       192372.38
Dirty                       0.00            0.00            0.00            0.00            0.00
Writeback                   0.00            0.00            0.00            0.00            0.00
FilePages                7369.32        39493.91       107093.20            0.00       153956.43
AnonPages               18606.03           62.18            3.32            0.00        18671.52
PageTables                 81.15            1.74            0.09            0.00           82.99
WritebackTmp                0.00            0.00            0.00            0.00            0.00
MemTotal                63854.68        64492.78       514048.00       514048.00      1156443.45
MemFree                 25212.93        15883.11       406414.07       514047.88       961557.99
MemUsed                 38641.74        48609.67       107633.93            0.12       194885.46
Dirty                       0.02            0.00            0.00            0.00            0.02
Writeback                   0.00            0.00            0.00            0.00            0.00
FilePages                7369.34        39493.91       107093.20            0.00       153956.45
AnonPages               21159.90           62.67            3.32            0.00        21225.89
PageTables                 86.52            1.74            0.09            0.00           88.36
WritebackTmp                0.00            0.00            0.00            0.00            0.00
MemTotal                63854.68        64492.78       514048.00       514048.00      1156443.45
MemFree                 25206.51        15882.82       406414.07       514047.88       961551.27
MemUsed                 38648.17        48609.96       107633.93            0.12       194892.18
Dirty                       0.00            0.00            0.00            0.00            0.00
Writeback                   0.00            0.00            0.00            0.00            0.00
FilePages                7369.35        39493.91       107093.20            0.00       153956.46
AnonPages               21163.12           62.58            3.32            0.00        21229.01
PageTables                 86.46            1.80            0.09            0.00           88.36
WritebackTmp                0.00            0.00            0.00            0.00            0.00
MemTotal                63854.68        64492.78       514048.00       514048.00      1156443.45
MemFree                 25225.08        15884.21       406414.07       514047.88       961571.25
MemUsed                 38629.59        48608.56       107633.93            0.12       194872.21
Dirty                       0.01            0.00            0.00            0.00            0.02
Writeback                   0.00            0.00            0.00            0.00            0.00
FilePages                7369.37        39493.91       107093.20            0.00       153956.48
AnonPages               21149.89           62.59            3.32            0.00        21215.80
PageTables                 86.45            1.80            0.09            0.00           88.34
WritebackTmp                0.00            0.00            0.00            0.00            0.00
MemTotal                63854.68        64492.78       514048.00       514048.00      1156443.45
MemFree                 25220.14        15884.59       406414.07       514047.88       961566.68
MemUsed                 38634.53        48608.19       107633.93            0.12       194876.77
Dirty                       0.01            0.00            0.00            0.00            0.01
Writeback                   0.00            0.00            0.00            0.00            0.00
FilePages                7369.39        39493.91       107093.20            0.00       153956.50
AnonPages               21163.09           62.76            3.32            0.00        21229.16
PageTables                 86.46            1.80            0.09            0.00           88.36
WritebackTmp                0.00            0.00            0.00            0.00            0.00
MemTotal                63854.68        64492.78       514048.00       514048.00      1156443.45
MemFree                 25667.58        15884.10       406414.07       514047.88       962013.63
MemUsed                 38187.09        48608.68       107633.93            0.12       194429.82
Dirty                       0.00            0.00            0.00            0.00            0.00
Writeback                   0.00            0.00            0.00            0.00            0.00
FilePages                7369.41        39493.91       107093.20            0.00       153956.51
AnonPages               20700.71           62.61            3.32            0.00        20766.63
PageTables                 84.89            1.80            0.09            0.00           86.78
WritebackTmp                0.00            0.00            0.00            0.00            0.00
MemTotal                63854.68        64492.78       514048.00       514048.00      1156443.45
MemFree                 25212.05        15883.95       406414.07       514047.88       961557.96
MemUsed                 38642.62        48608.82       107633.93            0.12       194885.50
Dirty                       0.00            0.00            0.00            0.00            0.00
Writeback                   0.00            0.00            0.00            0.00            0.00
FilePages                7369.41        39493.91       107093.20            0.00       153956.52
AnonPages               21162.82           62.61            3.32            0.00        21228.75
PageTables                 86.46            1.80            0.09            0.00           88.36
WritebackTmp                0.00            0.00            0.00            0.00            0.00
MemTotal                63854.68        64492.78       514048.00       514048.00      1156443.45
MemFree                 25208.29        15884.03       406414.07       514047.88       961554.26
MemUsed                 38646.39        48608.75       107633.93            0.12       194889.19
Dirty                       0.01            0.00            0.02            0.00            0.03
Writeback                   0.01            0.00            0.00            0.00            0.01
FilePages                7369.44        39493.91       107093.20            0.00       153956.55
AnonPages               21163.03           62.59            3.32            0.00        21228.93
PageTables                 88.49            1.74            0.09            0.00           90.32
WritebackTmp                0.00            0.00            0.00            0.00            0.00
MemTotal                63854.68        64492.78       514048.00       514048.00      1156443.45
MemFree                 25234.27        15884.76       406414.07       514047.88       961580.98
MemUsed                 38620.41        48608.02       107633.93            0.12       194862.48
Dirty                       0.01            0.00            0.00            0.00            0.02
Writeback                   0.00            0.00            0.00            0.00            0.00
FilePages                7369.46        39493.91       107093.20            0.00       153956.57
AnonPages               21138.64           62.70            3.32            0.00        21204.66
PageTables                 86.43            1.80            0.09            0.00           88.32
WritebackTmp                0.00            0.00            0.00            0.00            0.00
MemTotal                63854.68        64492.78       514048.00       514048.00      1156443.45
MemFree                 25212.79        15883.72       406414.07       514047.88       961558.46
MemUsed                 38641.89        48609.05       107633.93            0.12       194885.00
Dirty                       0.01            0.00            0.00            0.00            0.02
Writeback                   0.00            0.00            0.00            0.00            0.00
FilePages                7369.48        39493.91       107093.20            0.00       153956.59
AnonPages               21162.45           62.88            3.32            0.00        21228.65
PageTables                 86.46            1.79            0.09            0.00           88.35
WritebackTmp                0.00            0.00            0.00            0.00            0.00
MemTotal                63854.68        64492.78       514048.00       514048.00      1156443.45
MemFree                 25408.13        15883.46       406414.07       514047.88       961753.55
MemUsed                 38446.54        48609.31       107633.93            0.12       194689.91
Dirty                       0.00            0.00            0.00            0.00            0.00
Writeback                   0.00            0.00            0.00            0.00            0.00
FilePages                7369.48        39493.91       107093.20            0.00       153956.59
AnonPages               20970.05           62.64            3.32            0.00        21036.01
PageTables                 85.86            1.74            0.09            0.00           87.70
WritebackTmp                0.00            0.00            0.00            0.00            0.00
MemTotal                63854.68        64492.78       514048.00       514048.00      1156443.45
MemFree                 25212.98        15883.57       406414.07       514047.88       961558.50
MemUsed                 38641.70        48609.21       107633.93            0.12       194884.96
Dirty                       0.00            0.00            0.00            0.00            0.01
Writeback                   0.00            0.00            0.00            0.00            0.00
FilePages                7369.50        39493.91       107093.20            0.00       153956.61
AnonPages               21163.00           62.65            3.32            0.00        21228.97
PageTables                 86.52            1.74            0.09            0.00           88.36
WritebackTmp                0.00            0.00            0.00            0.00            0.00
MemTotal                63854.68        64492.78       514048.00       514048.00      1156443.45
MemFree                 25211.60        15883.26       406414.07       514047.88       961556.81
MemUsed                 38643.08        48609.52       107633.93            0.12       194886.64
Dirty                       0.00            0.00            0.00            0.00            0.00
Writeback                   0.00            0.00            0.00            0.00            0.00
FilePages                7369.52        39493.91       107093.20            0.00       153956.63
AnonPages               21163.48           62.65            3.32            0.00        21229.45
PageTables                 86.52            1.74            0.09            0.00           88.36
WritebackTmp                0.00            0.00            0.00            0.00            0.00
MemTotal                63854.68        64492.78       514048.00       514048.00      1156443.45
MemFree                 25224.24        15883.26       406414.07       514047.88       961569.45
MemUsed                 38630.44        48609.52       107633.93            0.12       194874.01
Dirty                       0.00            0.00            0.00            0.00            0.01
Writeback                   0.00            0.00            0.00            0.00            0.00
FilePages                7369.53        39493.91       107093.20            0.00       153956.64
AnonPages               21154.78           62.73            3.32            0.00        21220.83
PageTables                 86.51            1.79            0.09            0.00           88.39
WritebackTmp                0.00            0.00            0.00            0.00            0.00
MemTotal                63854.68        64492.78       514048.00       514048.00      1156443.45
MemFree                 25221.16        15883.03       406414.07       514047.88       961566.14
MemUsed                 38633.52        48609.75       107633.93            0.12       194877.31
Dirty                       0.00            0.00            0.00            0.00            0.00
Writeback                   0.00            0.00            0.00            0.00            0.00
FilePages                7369.55        39493.91       107093.20            0.00       153956.66
AnonPages               21147.80           62.65            3.32            0.00        21213.77
PageTables                 85.57            1.74            0.09            0.00           87.40
WritebackTmp                0.00            0.00            0.00            0.00            0.00
MemTotal                63854.68        64492.78       514048.00       514048.00      1156443.45
MemFree                 25373.39        15883.02       406414.07       514047.88       961718.36
MemUsed                 38481.29        48609.75       107633.93            0.12       194725.09
Dirty                       0.02            0.00            0.00            0.00            0.02
Writeback                   0.00            0.00            0.00            0.00            0.00
FilePages                7369.56        39493.91       107093.20            0.00       153956.67
AnonPages               20978.84           62.65            3.32            0.00        21044.81
PageTables                 85.77            1.74            0.09            0.00           87.61
WritebackTmp                0.00            0.00            0.00            0.00            0.00
MemTotal                63854.68        64492.78       514048.00       514048.00      1156443.45
MemFree                 25211.73        15882.56       406414.07       514047.88       961556.24
MemUsed                 38642.94        48610.22       107633.93            0.12       194887.21
Dirty                       0.00            0.00            0.00            0.00            0.00
Writeback                   0.00            0.00            0.00            0.00            0.00
FilePages                7369.57        39493.91       107093.20            0.00       153956.68
AnonPages               21163.52           62.65            3.32            0.00        21229.49
PageTables                 86.52            1.74            0.09            0.00           88.36
WritebackTmp                0.00            0.00            0.00            0.00            0.00
MemTotal                63854.68        64492.78       514048.00       514048.00      1156443.45
MemFree                 25210.52        15882.57       406414.07       514047.88       961555.04
MemUsed                 38644.15        48610.21       107633.93            0.12       194888.41
Dirty                       0.00            0.00            0.00            0.00            0.01
Writeback                   0.00            0.00            0.00            0.00            0.00
FilePages                7369.59        39493.92       107093.20            0.00       153956.70
AnonPages               21163.89           62.65            3.32            0.00        21229.85
PageTables                 86.52            1.74            0.09            0.00           88.36
WritebackTmp                0.00            0.00            0.00            0.00            0.00
MemTotal                63854.68        64492.78       514048.00       514048.00      1156443.45
MemFree                 25221.77        15882.10       406414.07       514047.88       961565.82
MemUsed                 38632.90        48610.68       107633.93            0.12       194877.63
Dirty                       0.01            0.01            0.00            0.00            0.02
Writeback                   0.00            0.00            0.00            0.00            0.00
FilePages                7369.60        39493.92       107093.20            0.00       153956.71
AnonPages               21155.96           62.65            3.32            0.00        21221.93
PageTables                 86.51            1.74            0.09            0.00           88.35
WritebackTmp                0.00            0.00            0.00            0.00            0.00
MemTotal                63854.68        64492.78       514048.00       514048.00      1156443.45
MemFree                 25216.23        15882.61       406414.07       514047.88       961560.79
MemUsed                 38638.45        48610.16       107633.93            0.12       194882.66
Dirty                       0.00            0.00            0.00            0.00            0.00
Writeback                   0.00            0.00            0.00            0.00            0.00
FilePages                7369.62        39493.92       107093.20            0.00       153956.73
AnonPages               21163.27           62.39            3.32            0.00        21228.97
PageTables                 86.52            1.74            0.09            0.00           88.36
WritebackTmp                0.00            0.00            0.00            0.00            0.00
MemTotal                63854.68        64492.78       514048.00       514048.00      1156443.45
MemFree                 25576.08        15882.39       406414.07       514047.88       961920.42
MemUsed                 38278.59        48610.39       107633.93            0.12       194523.03
Dirty                       0.00            0.00            0.00            0.00            0.01
Writeback                   0.00            0.00            0.00            0.00            0.00
FilePages                7369.62        39493.92       107093.20            0.00       153956.74
AnonPages               20780.43           62.39            3.32            0.00        20846.14
PageTables                 81.31            1.74            0.09            0.00           83.14
WritebackTmp                0.00            0.00            0.00            0.00            0.00
MemTotal                63854.68        64492.78       514048.00       514048.00      1156443.45
MemFree                 25216.37        15883.26       406414.07       514047.88       961561.58
MemUsed                 38638.30        48609.52       107633.93            0.12       194881.87
Dirty                       0.00            0.00            0.00            0.00            0.00
Writeback                   0.00            0.00            0.00            0.00            0.00
FilePages                7369.64        39493.92       107093.20            0.00       153956.75
AnonPages               21161.36           62.39            3.32            0.00        21227.06
PageTables                 86.52            1.74            0.09            0.00           88.36
WritebackTmp                0.00            0.00            0.00            0.00            0.00
MemTotal                63854.68        64492.78       514048.00       514048.00      1156443.45
MemFree                 25213.03        15882.78       406414.07       514047.88       961557.76
MemUsed                 38641.64        48610.00       107633.93            0.12       194885.69
Dirty                       0.00            0.01            0.00            0.00            0.01
Writeback                   0.00            0.00            0.00            0.00            0.00
FilePages                7369.65        39493.93       107093.20            0.00       153956.77
AnonPages               21163.68           62.39            3.32            0.00        21229.39
PageTables                 86.52            1.74            0.09            0.00           88.36
WritebackTmp                0.00            0.00            0.00            0.00            0.00
MemTotal                63854.68        64492.78       514048.00       514048.00      1156443.45
MemFree                 25217.78        15878.72       406414.08       514047.88       961558.46
MemUsed                 38636.89        48614.06       107633.92            0.12       194885.00
Dirty                       0.00            0.00            0.00            0.00            0.00
Writeback                   0.00            0.00            0.00            0.00            0.00
FilePages                7369.66        39494.08       107093.20            0.00       153956.93
AnonPages               21157.97           64.04            3.31            0.00        21225.32
PageTables                 86.46            1.98            0.09            0.00           88.54
WritebackTmp                0.00            0.00            0.00            0.00            0.00
MemTotal                63854.68        64492.78       514048.00       514048.00      1156443.45
MemFree                 25212.02        15880.85       406414.08       514047.88       961554.83
MemUsed                 38642.65        48611.93       107633.92            0.12       194888.62
Dirty                       0.00            0.01            0.00            0.00            0.01
Writeback                   0.00            0.00            0.00            0.00            0.00
FilePages                7369.66        39494.09       107093.20            0.00       153956.95
AnonPages               21163.36           64.14            3.31            0.00        21230.81
PageTables                 86.53            1.98            0.09            0.00           88.60
WritebackTmp                0.00            0.00            0.00            0.00            0.00
MemTotal                63854.68        64492.78       514048.00       514048.00      1156443.45
MemFree                 25275.39        15880.26       406414.08       514047.88       961617.61
MemUsed                 38579.29        48612.52       107633.92            0.12       194825.84
Dirty                       0.00            0.00            0.00            0.00            0.01
Writeback                   0.00            0.00            0.00            0.00            0.00
FilePages                7369.67        39494.09       107093.20            0.00       153956.96
AnonPages               21088.73           64.08            3.31            0.00        21156.12
PageTables                 86.26            1.98            0.09            0.00           88.33
WritebackTmp                0.00            0.00            0.00            0.00            0.00
MemTotal                63854.68        64492.78       514048.00       514048.00      1156443.45
MemFree                 25215.07        15880.47       406414.08       514047.88       961557.49
MemUsed                 38639.61        48612.31       107633.92            0.12       194885.96
Dirty                       0.00            0.00            0.00            0.00            0.00
Writeback                   0.00            0.00            0.00            0.00            0.00
FilePages                7369.68        39494.10       107093.20            0.00       153956.98
AnonPages               21162.27           64.30            3.31            0.00        21229.88
PageTables                 86.46            1.98            0.09            0.00           88.54
WritebackTmp                0.00            0.00            0.00            0.00            0.00
MemTotal                63854.68        64492.78       514048.00       514048.00      1156443.45
MemFree                 26478.05        15878.47       406414.08       514047.88       962818.48
MemUsed                 37376.62        48614.31       107633.92            0.12       193624.97
Dirty                       0.00            0.00            0.00            0.00            0.01
Writeback                   0.00            0.00            0.00            0.00            0.00
FilePages                7369.69        39494.10       107093.20            0.00       153956.99
AnonPages               19866.38           65.04            3.31            0.00        19934.73
PageTables                 81.02            2.04            0.09            0.00           83.14
WritebackTmp                0.00            0.00            0.00            0.00            0.00
MemTotal                63854.68        64492.78       514048.00       514048.00      1156443.45
MemFree                 25219.91        15879.24       406414.08       514047.88       961561.11
MemUsed                 38634.77        48613.54       107633.92            0.12       194882.35
Dirty                       0.01            0.00            0.00            0.00            0.02
Writeback                   0.00            0.00            0.00            0.00            0.00
FilePages                7369.70        39494.11       107093.20            0.00       153957.00
AnonPages               21156.48           64.62            3.31            0.00        21224.41
PageTables                 86.46            1.80            0.09            0.00           88.35
WritebackTmp                0.00            0.00            0.00            0.00            0.00
MemTotal                63854.68        64492.78       514048.00       514048.00      1156443.45
MemFree                 25222.43        15879.03       406414.08       514047.88       961563.42
MemUsed                 38632.25        48613.75       107633.92            0.12       194880.04
Dirty                       0.00            0.00            0.00            0.00            0.00
Writeback                   0.00            0.00            0.00            0.00            0.00
FilePages                7369.71        39494.12       107093.20            0.00       153957.02
AnonPages               21150.46           64.76            3.31            0.00        21218.52
PageTables                 86.41            1.85            0.09            0.00           88.36
WritebackTmp                0.00            0.00            0.00            0.00            0.00
MemTotal                63854.68        64492.78       514048.00       514048.00      1156443.45
MemFree                 25256.27        15879.74       406414.11       514047.88       961598.00
MemUsed                 38598.40        48613.04       107633.89            0.12       194845.45
Dirty                       0.06            0.01            0.16            0.00            0.23
Writeback                   0.00            0.00            0.00            0.00            0.00
FilePages                7369.67        39494.17       107093.20            0.00       153957.04
AnonPages               21109.46           64.48            3.31            0.00        21177.25
PageTables                 85.73            2.07            0.09            0.00           87.89
WritebackTmp                0.00            0.00            0.00            0.00            0.00
MemTotal                63854.68        64492.78       514048.00       514048.00      1156443.45
MemFree                 25218.59        15880.63       406414.14       514047.88       961561.23
MemUsed                 38636.09        48612.15       107633.86            0.12       194882.22
Dirty                       0.02            0.00            0.02            0.00            0.04
Writeback                   0.00            0.00            0.00            0.00            0.00
FilePages                7369.68        39494.18       107093.20            0.00       153957.06
AnonPages               21159.36           63.93            3.31            0.00        21226.60
PageTables                 85.78            1.91            0.09            0.00           87.78
WritebackTmp                0.00            0.00            0.00            0.00            0.00
MemTotal                63854.68        64492.78       514048.00       514048.00      1156443.45
MemFree                 27165.33        15880.89       406414.14       514047.88       963508.23
MemUsed                 36689.35        48611.89       107633.86            0.12       192935.22
Dirty                       0.00            0.00            0.00            0.00            0.00
Writeback                   0.00            0.00            0.00            0.00            0.00
FilePages                7369.69        39494.19       107093.20            0.00       153957.07
AnonPages               19188.64           64.30            3.31            0.00        19256.24
PageTables                 79.94            1.79            0.09            0.00           81.83
WritebackTmp                0.00            0.00            0.00            0.00            0.00
MemTotal                63854.68        64492.78       514048.00       514048.00      1156443.45
MemFree                 25216.68        15880.27       406414.14       514047.88       961558.96
MemUsed                 38638.00        48612.51       107633.86            0.12       194884.49
Dirty                       0.02            0.00            0.02            0.00            0.04
Writeback                   0.00            0.00            0.00            0.00            0.00
FilePages                7369.70        39494.20       107093.20            0.00       153957.09
AnonPages               21156.46           64.68            3.31            0.00        21224.45
PageTables                 85.83            1.85            0.09            0.00           87.78
WritebackTmp                0.00            0.00            0.00            0.00            0.00
MemTotal                63854.68        64492.78       514048.00       514048.00      1156443.45
MemFree                 25212.65        15880.69       406414.14       514047.88       961555.36
MemUsed                 38642.02        48612.09       107633.86            0.12       194888.09
Dirty                       0.00            0.00            0.00            0.00            0.00
Writeback                   0.00            0.00            0.00            0.00            0.00
FilePages                7369.71        39494.20       107093.20            0.00       153957.10
AnonPages               21160.32           64.22            3.31            0.00        21227.86
PageTables                 85.84            1.85            0.09            0.00           87.78
WritebackTmp                0.00            0.00            0.00            0.00            0.00
MemTotal                63854.68        64492.78       514048.00       514048.00      1156443.45
MemFree                 25248.81        15879.62       406414.14       514047.88       961590.45
MemUsed                 38605.87        48613.16       107633.86            0.12       194853.01
Dirty                       0.00            0.00            0.00            0.00            0.00
Writeback                   0.00            0.00            0.00            0.00            0.00
FilePages                7369.71        39494.20       107093.20            0.00       153957.11
AnonPages               21117.01           65.28            3.31            0.00        21185.60
PageTables                 85.79            1.87            0.09            0.00           87.75
WritebackTmp                0.00            0.00            0.00            0.00            0.00
MemTotal                63854.68        64492.78       514048.00       514048.00      1156443.45
MemFree                 25217.25        15879.98       406414.14       514047.88       961559.24
MemUsed                 38637.43        48612.80       107633.86            0.12       194884.21
Dirty                       0.00            0.00            0.00            0.00            0.00
Writeback                   0.00            0.00            0.00            0.00            0.00
FilePages                7369.73        39494.32       107093.20            0.00       153957.24
AnonPages               21158.48           65.69            3.31            0.00        21227.48
PageTables                 85.83            2.12            0.09            0.00           88.05
WritebackTmp                0.00            0.00            0.00            0.00            0.00
MemTotal                63854.68        64492.78       514048.00       514048.00      1156443.45
MemFree                 25464.29        15879.83       406414.14       514047.88       961806.14
MemUsed                 38390.39        48612.95       107633.86            0.12       194637.32
Dirty                       0.01            0.00            0.00            0.00            0.01
Writeback                   0.00            0.00            0.00            0.00            0.00
FilePages                7369.73        39494.45       107093.20            0.00       153957.38
AnonPages               20899.68           64.82            3.31            0.00        20967.81
PageTables                 84.79            1.85            0.09            0.00           86.73
WritebackTmp                0.00            0.00            0.00            0.00            0.00
MemTotal                63854.68        64492.78       514048.00       514048.00      1156443.45
MemFree                 25218.44        15880.14       406414.14       514047.88       961560.60
MemUsed                 38636.24        48612.63       107633.86            0.12       194882.85
Dirty                       0.01            0.00            0.00            0.00            0.01
Writeback                   0.00            0.00            0.00            0.00            0.00
FilePages                7369.74        39494.47       107093.20            0.00       153957.41
AnonPages               21157.74           64.82            3.31            0.00        21225.87
PageTables                 85.78            1.85            0.09            0.00           87.72
WritebackTmp                0.00            0.00            0.00            0.00            0.00
MemTotal                63854.68        64492.78       514048.00       514048.00      1156443.45
MemFree                 25214.14        15880.18       406414.14       514047.88       961556.34
MemUsed                 38640.53        48612.60       107633.86            0.12       194887.11
Dirty                       0.00            0.00            0.00            0.00            0.00
Writeback                   0.00            0.00            0.00            0.00            0.00
FilePages                7369.75        39494.47       107093.20            0.00       153957.41
AnonPages               21159.25           64.82            3.31            0.00        21227.37
PageTables                 85.78            1.85            0.09            0.00           87.72
WritebackTmp                0.00            0.00            0.00            0.00            0.00
MemTotal                63854.68        64492.78       514048.00       514048.00      1156443.45
MemFree                 25219.45        15880.43       406414.14       514047.88       961561.90
MemUsed                 38635.22        48612.35       107633.86            0.12       194881.55
Dirty                       0.01            0.00            0.00            0.00            0.01
Writeback                   0.00            0.00            0.00            0.00            0.00
FilePages                7369.76        39494.48       107093.20            0.00       153957.43
AnonPages               21155.57           64.45            3.31            0.00        21223.34
PageTables                 85.77            1.85            0.09            0.00           87.72
WritebackTmp                0.00            0.00            0.00            0.00            0.00
MemTotal                63854.68        64492.78       514048.00       514048.00      1156443.45
MemFree                 25221.62        15880.55       406414.14       514047.88       961564.19
MemUsed                 38633.06        48612.23       107633.86            0.12       194879.27
Dirty                       0.00            0.00            0.00            0.00            0.01
Writeback                   0.00            0.00            0.00            0.00            0.00
FilePages                7369.78        39494.48       107093.20            0.00       153957.46
AnonPages               21143.96           64.45            3.31            0.00        21211.72
PageTables                 84.85            1.85            0.09            0.00           86.80
WritebackTmp                0.00            0.00            0.00            0.00            0.00
MemTotal                63854.68        64492.78       514048.00       514048.00      1156443.45
MemFree                 25479.31        15880.59       406414.14       514047.88       961821.92
MemUsed                 38375.37        48612.19       107633.86            0.12       194621.54
Dirty                       0.01            0.00            0.00            0.00            0.02
Writeback                   0.00            0.00            0.00            0.00            0.00
FilePages                7369.78        39494.49       107093.20            0.00       153957.46
AnonPages               20882.15           64.53            3.31            0.00        20949.98
PageTables                 84.14            1.85            0.09            0.00           86.09
WritebackTmp                0.00            0.00            0.00            0.00            0.00
MemTotal                63854.68        64492.78       514048.00       514048.00      1156443.45
MemFree                 25213.86        15880.34       406414.14       514047.88       961556.21
MemUsed                 38640.82        48612.44       107633.86            0.12       194887.24
Dirty                       0.01            0.00            0.02            0.00            0.02
Writeback                   0.00            0.00            0.00            0.00            0.00
FilePages                7369.79        39494.50       107093.20            0.00       153957.48
AnonPages               21158.41           64.50            3.31            0.00        21226.22
PageTables                 85.78            1.85            0.09            0.00           87.72
WritebackTmp                0.00            0.00            0.00            0.00            0.00
MemTotal                63854.68        64492.78       514048.00       514048.00      1156443.45
MemFree                 25211.25        15880.66       406414.14       514047.88       961553.93
MemUsed                 38643.43        48612.11       107633.86            0.12       194889.52
Dirty                       0.01            0.00            0.02            0.00            0.03
Writeback                   0.00            0.00            0.00            0.00            0.00
FilePages                7369.79        39494.50       107093.20            0.00       153957.49
AnonPages               21158.12           65.07            3.31            0.00        21226.49
PageTables                 85.78            1.80            0.09            0.00           87.67
WritebackTmp                0.00            0.00            0.00            0.00            0.00
MemTotal                63854.68        64492.78       514048.00       514048.00      1156443.45
MemFree                 25224.22        15880.46       406414.14       514047.88       961566.70
MemUsed                 38630.45        48612.32       107633.86            0.12       194876.75
Dirty                       0.01            0.00            0.00            0.00            0.01
Writeback                   0.00            0.00            0.00            0.00            0.00
FilePages                7369.80        39494.51       107093.20            0.00       153957.51
AnonPages               21149.70           65.17            3.31            0.00        21218.18
PageTables                 85.77            1.85            0.09            0.00           87.71
WritebackTmp                0.00            0.00            0.00            0.00            0.00
MemTotal                63854.68        64492.78       514048.00       514048.00      1156443.45
MemFree                 25213.76        15879.48       406414.14       514047.88       961555.26
MemUsed                 38640.91        48613.30       107633.86            0.12       194888.20
Dirty                       0.00            0.00            0.00            0.00            0.00
Writeback                   0.00            0.00            0.00            0.00            0.00
FilePages                7369.81        39494.52       107093.20            0.00       153957.52
AnonPages               21157.80           64.42            3.31            0.00        21225.53
PageTables                 85.76            1.85            0.09            0.00           87.70
WritebackTmp                0.00            0.00            0.00            0.00            0.00
MemTotal                63854.68        64492.78       514048.00       514048.00      1156443.45
MemFree                 25245.18        15879.67       406414.14       514047.88       961586.87
MemUsed                 38609.49        48613.11       107633.86            0.12       194856.58
Dirty                       0.01            0.00            0.00            0.00            0.02
Writeback                   0.00            0.00            0.00            0.00            0.00
FilePages                7369.82        39494.52       107093.20            0.00       153957.54
AnonPages               21122.05           65.38            3.31            0.00        21190.73
PageTables                 85.90            1.89            0.09            0.00           87.88
WritebackTmp                0.00            0.00            0.00            0.00            0.00
MemTotal                63854.68        64492.78       514048.00       514048.00      1156443.45
MemFree                 25212.51        15878.05       406414.14       514047.88       961552.58
MemUsed                 38642.16        48614.73       107633.86            0.12       194890.88
Dirty                       0.00            0.00            0.00            0.00            0.00
Writeback                   0.00            0.00            0.00            0.00            0.00
FilePages                7369.83        39494.53       107093.20            0.00       153957.55
AnonPages               21158.73           64.52            3.31            0.00        21226.56
PageTables                 85.73            1.91            0.09            0.00           87.73
WritebackTmp                0.00            0.00            0.00            0.00            0.00
MemTotal                63854.68        64492.78       514048.00       514048.00      1156443.45
MemFree                 26751.21        15877.73       406414.14       514047.88       963090.96
MemUsed                 37103.46        48615.05       107633.86            0.12       193352.49
Dirty                       0.00            0.00            0.00            0.00            0.00
Writeback                   0.00            0.00            0.00            0.00            0.00
FilePages                7369.84        39494.53       107093.20            0.00       153957.56
AnonPages               19623.64           64.56            3.31            0.00        19691.51
PageTables                 82.78            1.85            0.09            0.00           84.72
WritebackTmp                0.00            0.00            0.00            0.00            0.00
