MemTotal                63888.29        64466.73       514048.00       514048.00      1156451.01
MemFree                 53964.19        55612.50       514047.97       514047.97      1137672.63
MemUsed                  9924.09         8854.23            0.03            0.03        18778.38
Dirty                       0.11            0.01            0.00            0.00            0.12
Writeback                   0.00            0.00            0.00            0.00            0.00
FilePages                 318.45           31.56            0.00            0.00          350.01
AnonPages                 550.52           40.57            0.00            0.00          591.09
PageTables                 28.21            2.55            0.00            0.00           30.75
WritebackTmp                0.00            0.00            0.00            0.00            0.00
MemTotal                63888.29        64466.73       514048.00       514048.00      1156451.01
MemFree                 24403.33        55608.99       514047.97       514047.97      1108108.26
MemUsed                 39484.96         8857.73            0.03            0.03        48342.75
Dirty                       0.06            0.00            0.00            0.00            0.06
Writeback                   0.01            0.00            0.00            0.00            0.01
FilePages                 319.04           31.57            0.00            0.00          350.61
AnonPages               29987.88           40.57            0.00            0.00        30028.45
PageTables                 85.41            2.55            0.00            0.00           87.96
WritebackTmp                0.00            0.00            0.00            0.00            0.00
MemTotal                63888.29        64466.73       514048.00       514048.00      1156451.01
MemFree                 24019.56        55609.27       511082.77       514047.97      1104759.57
MemUsed                 39868.73         8857.46         2965.23            0.03        51691.45
Dirty                       0.09            0.00            0.02            0.00            0.11
Writeback                   0.00            0.01            0.00            0.00            0.01
FilePages                 315.86           31.86            3.20            0.00          350.91
AnonPages               30362.64           40.57         2958.00            0.00        33361.22
PageTables                 92.06            2.55            0.00            0.00           94.61
WritebackTmp                0.00            0.00            0.00            0.00            0.00
MemTotal                63888.29        64466.73       514048.00       514048.00      1156451.01
MemFree                 24037.41        55609.52       511066.77       514047.97      1104761.67
MemUsed                 39850.87         8857.21         2981.23            0.03        51689.34
Dirty                       0.05            0.01            0.00            0.00            0.07
Writeback                   0.00            0.00            0.00            0.00            0.00
FilePages                 315.86           31.86            3.20            0.00          350.91
AnonPages               30346.16           40.57         2974.00            0.00        33360.73
PageTables                 92.27            2.55            0.00            0.00           94.82
WritebackTmp                0.00            0.00            0.00            0.00            0.00
MemTotal                63888.29        64466.73       514048.00       514048.00      1156451.01
MemFree                 24061.02        55609.77       511040.77       514047.97      1104759.52
MemUsed                 39827.27         8856.96         3007.23            0.03        51691.49
Dirty                       0.03            0.01            0.02            0.00            0.05
Writeback                   0.00            0.00            0.00            0.00            0.00
FilePages                 315.87           31.86            3.20            0.00          350.92
AnonPages               30324.23           40.57         2998.00            0.00        33362.81
PageTables                 92.23            2.55            0.00            0.00           94.78
WritebackTmp                0.00            0.00            0.00            0.00            0.00
MemTotal                63888.29        64466.73       514048.00       514048.00      1156451.01
MemFree                 24093.56        55609.77       511008.52       514047.97      1104759.82
MemUsed                 39794.73         8856.96         3039.48            0.03        51691.20
Dirty                       0.05            0.00            0.00            0.00            0.06
Writeback                   0.00            0.00            0.00            0.00            0.00
FilePages                 315.88           31.86            3.20            0.00          350.93
AnonPages               30292.11           40.57         3030.00            0.00        33362.68
PageTables                 92.06            2.55            0.00            0.00           94.61
WritebackTmp                0.00            0.00            0.00            0.00            0.00
MemTotal                63888.29        64466.73       514048.00       514048.00      1156451.01
MemFree                 24035.16        55609.77       511062.52       514047.97      1104755.41
MemUsed                 39853.13         8856.96         2985.48            0.03        51695.60
Dirty                       0.08            0.01            0.02            0.00            0.11
Writeback                   0.00            0.00            0.00            0.00            0.00
FilePages                 315.88           31.86            3.20            0.00          350.94
AnonPages               30346.54           40.56         2976.00            0.00        33363.10
PageTables                 92.24            2.55            0.00            0.00           94.79
WritebackTmp                0.00            0.00            0.00            0.00            0.00
MemTotal                63888.29        64466.73       514048.00       514048.00      1156451.01
MemFree                 24034.91        55610.30       511066.52       514047.97      1104759.70
MemUsed                 39853.37         8856.43         2981.48            0.03        51691.31
Dirty                       0.02            0.00            0.00            0.00            0.03
Writeback                   0.00            0.00            0.00            0.00            0.01
FilePages                 316.34           31.86            3.20            0.00          351.40
AnonPages               30346.29           40.55         2976.00            0.00        33362.84
PageTables                 92.06            2.55            0.00            0.00           94.61
WritebackTmp                0.00            0.00            0.00            0.00            0.00
MemTotal                63888.29        64466.73       514048.00       514048.00      1156451.01
MemFree                 24034.91        55610.32       511064.52       514047.97      1104757.72
MemUsed                 39853.37         8856.41         2983.48            0.03        51693.29
Dirty                       0.05            0.02            0.02            0.00            0.09
Writeback                   0.00            0.00            0.00            0.00            0.00
FilePages                 316.35           31.86            3.20            0.00          351.41
AnonPages               30346.46           40.55         2976.00            0.00        33363.02
PageTables                 92.12            2.55            0.00            0.00           94.67
WritebackTmp                0.00            0.00            0.00            0.00            0.00
MemTotal                63888.29        64466.73       514048.00       514048.00      1156451.01
MemFree                 24030.18        55610.47       511068.52       514047.97      1104757.14
MemUsed                 39858.11         8856.25         2979.48            0.03        51693.87
Dirty                       0.02            0.00            0.00            0.00            0.02
Writeback                   0.00            0.00            0.00            0.00            0.00
FilePages                 316.36           31.86            3.20            0.00          351.42
AnonPages               30350.74           40.55         2972.00            0.00        33363.30
PageTables                 92.15            2.55            0.00            0.00           94.70
WritebackTmp                0.00            0.00            0.00            0.00            0.00
MemTotal                63888.29        64466.73       514048.00       514048.00      1156451.01
MemFree                 24032.96        55611.46       511066.52       514047.97      1104758.91
MemUsed                 39855.32         8855.27         2981.48            0.03        51692.10
Dirty                       0.05            0.01            0.02            0.00            0.09
Writeback                   0.00            0.00            0.00            0.00            0.00
FilePages                 317.03           31.86            3.21            0.00          352.09
AnonPages               30348.89           40.50         2976.00            0.00        33365.40
PageTables                 92.15            2.55            0.00            0.00           94.70
WritebackTmp                0.00            0.00            0.00            0.00            0.00
MemTotal                63888.29        64466.73       514048.00       514048.00      1156451.01
MemFree                 24031.45        55611.70       511068.52       514047.97      1104759.65
MemUsed                 39856.83         8855.02         2979.48            0.03        51691.36
Dirty                       0.07            0.00            0.00            0.00            0.08
Writeback                   0.00            0.00            0.00            0.00            0.00
FilePages                 317.17           31.86            3.21            0.00          352.24
AnonPages               30351.01           40.52         2974.00            0.00        33365.52
PageTables                 92.14            2.55            0.00            0.00           94.68
WritebackTmp                0.00            0.00            0.00            0.00            0.00
MemTotal                63888.29        64466.73       514048.00       514048.00      1156451.01
MemFree                 24033.70        55611.70       511064.52       514047.97      1104757.89
MemUsed                 39854.59         8855.02         2983.48            0.03        51693.12
Dirty                       0.05            0.00            0.00            0.00            0.06
Writeback                   0.00            0.00            0.02            0.00            0.02
FilePages                 317.18           31.86            3.21            0.00          352.25
AnonPages               30349.20           40.52         2976.00            0.00        33365.72
PageTables                 92.16            2.55            0.00            0.00           94.71
WritebackTmp                0.00            0.00            0.00            0.00            0.00
MemTotal                63888.29        64466.73       514048.00       514048.00      1156451.01
MemFree                 24033.95        55611.70       511066.52       514047.97      1104760.15
MemUsed                 39854.33         8855.02         2981.48            0.03        51690.86
Dirty                       0.08            0.01            0.02            0.00            0.11
Writeback                   0.00            0.00            0.00            0.00            0.00
FilePages                 317.19           31.86            3.21            0.00          352.25
AnonPages               30348.46           40.53         2976.00            0.00        33364.99
PageTables                 92.11            2.55            0.00            0.00           94.66
WritebackTmp                0.00            0.00            0.00            0.00            0.00
MemTotal                63888.29        64466.73       514048.00       514048.00      1156451.01
MemFree                 24031.53        55611.70       511062.52       514047.97      1104753.73
MemUsed                 39856.75         8855.02         2985.48            0.03        51697.29
Dirty                       0.06            0.00            0.00            0.00            0.07
Writeback                   0.00            0.00            0.00            0.00            0.00
FilePages                 317.20           31.86            3.21            0.00          352.26
AnonPages               30349.02           40.54         2978.00            0.00        33367.55
PageTables                 92.22            2.55            0.00            0.00           94.77
WritebackTmp                0.00            0.00            0.00            0.00            0.00
MemTotal                63888.29        64466.73       514048.00       514048.00      1156451.01
MemFree                 24027.86        55611.78       511064.52       514047.97      1104752.13
MemUsed                 39860.43         8854.95         2983.48            0.03        51698.88
Dirty                       0.07            0.00            0.02            0.00            0.09
Writeback                   0.00            0.00            0.00            0.00            0.00
FilePages                 319.79           31.86            3.21            0.00          354.86
AnonPages               30351.23           40.55         2976.00            0.00        33367.78
PageTables                 92.23            2.55            0.00            0.00           94.78
WritebackTmp                0.00            0.00            0.00            0.00            0.00
MemTotal                63888.29        64466.73       514048.00       514048.00      1156451.01
MemFree                 24027.87        55611.94       511064.52       514047.97      1104752.30
MemUsed                 39860.41         8854.79         2983.48            0.03        51698.71
Dirty                       0.00            0.00            0.00            0.00            0.00
Writeback                   0.00            0.00            0.00            0.00            0.00
FilePages                 319.79           31.86            3.21            0.00          354.86
AnonPages               30353.82           40.55         2974.00            0.00        33368.38
PageTables                 92.15            2.55            0.00            0.00           94.70
WritebackTmp                0.00            0.00            0.00            0.00            0.00
MemTotal                63888.29        64466.73       514048.00       514048.00      1156451.01
MemFree                 24028.18        55611.94       511068.53       514047.97      1104756.61
MemUsed                 39860.11         8854.79         2979.47            0.03        51694.40
Dirty                       0.00            0.00            0.00            0.00            0.01
Writeback                   0.00            0.00            0.00            0.00            0.00
FilePages                 319.80           31.86            3.21            0.00          354.87
AnonPages               30354.14           40.54         2974.00            0.00        33368.68
PageTables                 92.19            2.55            0.00            0.00           94.73
WritebackTmp                0.00            0.00            0.00            0.00            0.00
MemTotal                63888.29        64466.73       514048.00       514048.00      1156451.01
MemFree                 24024.19        55611.94       511062.53       514047.97      1104746.62
MemUsed                 39864.09         8854.79         2985.47            0.03        51704.39
Dirty                       0.00            0.00            0.02            0.00            0.02
Writeback                   0.00            0.00            0.00            0.00            0.00
FilePages                 319.81           31.86            3.21            0.00          354.88
AnonPages               30357.41           40.54         2976.00            0.00        33373.95
PageTables                 92.25            2.55            0.00            0.00           94.80
WritebackTmp                0.00            0.00            0.00            0.00            0.00
MemTotal                63888.29        64466.73       514048.00       514048.00      1156451.01
MemFree                 24023.46        55611.95       511064.53       514047.97      1104747.91
MemUsed                 39864.82         8854.77         2983.47            0.03        51703.10
Dirty                       0.02            0.00            0.00            0.00            0.02
Writeback                   0.00            0.00            0.00            0.00            0.00
FilePages                 319.82           31.86            3.21            0.00          354.89
AnonPages               30357.73           40.44         2976.00            0.00        33374.16
PageTables                 92.23            2.55            0.00            0.00           94.78
WritebackTmp                0.00            0.00            0.00            0.00            0.00
MemTotal                63888.29        64466.73       514048.00       514048.00      1156451.01
MemFree                 24023.21        55611.95       511062.53       514047.97      1104745.66
MemUsed                 39865.07         8854.77         2985.47            0.03        51705.35
Dirty                       0.06            0.00            0.02            0.00            0.08
Writeback                   0.00            0.00            0.00            0.00            0.00
FilePages                 319.82           31.86            3.21            0.00          354.90
AnonPages               30358.05           40.44         2976.00            0.00        33374.49
PageTables                 92.25            2.55            0.00            0.00           94.79
WritebackTmp                0.00            0.00            0.00            0.00            0.00
MemTotal                63888.29        64466.73       514048.00       514048.00      1156451.01
MemFree                 24021.30        55612.20       511062.53       514047.97      1104743.99
MemUsed                 39866.99         8854.53         2985.47            0.03        51707.02
Dirty                       0.01            0.00            0.00            0.00            0.01
Writeback                   0.00            0.00            0.00            0.00            0.00
FilePages                 319.83           31.86            3.21            0.00          354.91
AnonPages               30359.49           40.44         2976.00            0.00        33375.93
PageTables                 92.24            2.55            0.00            0.00           94.79
WritebackTmp                0.00            0.00            0.00            0.00            0.00
MemTotal                63888.29        64466.73       514048.00       514048.00      1156451.01
MemFree                 24021.03        55612.69       511064.53       514047.97      1104746.21
MemUsed                 39867.26         8854.04         2983.47            0.03        51704.80
Dirty                       0.00            0.00            0.00            0.00            0.00
Writeback                   0.00            0.00            0.00            0.00            0.00
FilePages                 319.84           31.86            3.21            0.00          354.91
AnonPages               30357.16           40.24         2976.00            0.00        33373.40
PageTables                 92.11            2.55            0.00            0.00           94.66
WritebackTmp                0.00            0.00            0.00            0.00            0.00
MemTotal                63888.29        64466.73       514048.00       514048.00      1156451.01
MemFree                 24020.60        55612.94       511066.53       514047.97      1104748.04
MemUsed                 39867.68         8853.79         2981.47            0.03        51702.98
Dirty                       0.01            0.00            0.00            0.00            0.01
Writeback                   0.00            0.00            0.00            0.00            0.00
FilePages                 319.85           31.86            3.21            0.00          354.92
AnonPages               30357.59           40.24         2976.00            0.00        33373.84
PageTables                 92.23            2.55            0.00            0.00           94.77
WritebackTmp                0.00            0.00            0.00            0.00            0.00
MemTotal                63888.29        64466.73       514048.00       514048.00      1156451.01
MemFree                 24020.85        55612.94       511068.53       514047.97      1104750.29
MemUsed                 39867.43         8853.79         2979.47            0.03        51700.73
Dirty                       0.00            0.00            0.02            0.00            0.02
Writeback                   0.00            0.00            0.00            0.00            0.00
FilePages                 319.86           31.86            3.21            0.00          354.93
AnonPages               30357.71           40.24         2976.00            0.00        33373.95
PageTables                 92.11            2.55            0.00            0.00           94.66
WritebackTmp                0.00            0.00            0.00            0.00            0.00
MemTotal                63888.29        64466.73       514048.00       514048.00      1156451.01
MemFree                 24023.11        55611.48       511062.51       514047.97      1104745.06
MemUsed                 39865.18         8855.25         2985.49            0.03        51705.95
Dirty                       0.02            0.00            0.00            0.00            0.02
Writeback                   0.00            0.00            0.00            0.00            0.00
FilePages                 319.86           31.86            3.22            0.00          354.95
AnonPages               30357.36           41.60         2976.00            0.00        33374.96
PageTables                 92.12            2.55            0.00            0.00           94.67
WritebackTmp                0.00            0.00            0.00            0.00            0.00
MemTotal                63888.29        64466.73       514048.00       514048.00      1156451.01
MemFree                 24021.40        55611.72       511064.75       514047.97      1104745.84
MemUsed                 39866.88         8855.00         2983.25            0.03        51705.17
Dirty                       0.00            0.00            0.00            0.00            0.00
Writeback                   0.00            0.00            0.00            0.00            0.00
FilePages                 319.87           31.86            3.22            0.00          354.95
AnonPages               30357.05           41.60         2976.00            0.00        33374.65
PageTables                 92.24            2.55            0.00            0.00           94.79
WritebackTmp                0.00            0.00            0.00            0.00            0.00
MemTotal                63888.29        64466.73       514048.00       514048.00      1156451.01
MemFree                 24018.91        55611.72       511066.75       514047.97      1104745.35
MemUsed                 39869.38         8855.00         2981.25            0.03        51705.66
Dirty                       0.00            0.00            0.02            0.00            0.02
Writeback                   0.00            0.00            0.00            0.00            0.00
FilePages                 319.88           31.86            3.22            0.00          354.96
AnonPages               30359.16           41.60         2974.00            0.00        33374.76
PageTables                 92.13            2.55            0.00            0.00           94.68
WritebackTmp                0.00            0.00            0.00            0.00            0.00
MemTotal                63888.29        64466.73       514048.00       514048.00      1156451.01
MemFree                 24020.66        55611.72       511068.75       514047.97      1104749.10
MemUsed                 39867.62         8855.00         2979.25            0.03        51701.91
Dirty                       0.00            0.00            0.00            0.00            0.00
Writeback                   0.00            0.00            0.00            0.00            0.00
FilePages                 319.89           31.86            3.22            0.00          354.97
AnonPages               30357.45           41.60         2976.00            0.00        33375.05
PageTables                 92.13            2.55            0.00            0.00           94.68
WritebackTmp                0.00            0.00            0.00            0.00            0.00
MemTotal                63888.29        64466.73       514048.00       514048.00      1156451.01
MemFree                 24023.51        55609.73       511062.50       514047.97      1104743.70
MemUsed                 39864.78         8857.00         2985.50            0.03        51707.31
Dirty                       0.01            0.00            0.00            0.00            0.02
Writeback                   0.00            0.00            0.00            0.00            0.00
FilePages                 319.89           31.86            3.23            0.00          354.98
AnonPages               30356.91           43.59         2976.00            0.00        33376.50
PageTables                 92.09            2.55            0.00            0.00           94.64
WritebackTmp                0.00            0.00            0.00            0.00            0.00
MemTotal                63888.29        64466.73       514048.00       514048.00      1156451.01
MemFree                 24019.27        55609.73       511068.50       514047.97      1104745.46
MemUsed                 39869.02         8857.00         2979.50            0.03        51705.55
Dirty                       0.00            0.00            0.02            0.00            0.02
Writeback                   0.00            0.00            0.00            0.00            0.00
FilePages                 319.90           31.86            3.23            0.00          354.99
AnonPages               30359.23           43.59         2974.00            0.00        33376.82
PageTables                 92.12            2.55            0.00            0.00           94.67
WritebackTmp                0.00            0.00            0.00            0.00            0.00
MemTotal                63888.29        64466.73       514048.00       514048.00      1156451.01
MemFree                 24020.78        55610.27       511066.50       514047.97      1104745.52
MemUsed                 39867.51         8856.46         2981.50            0.03        51705.50
Dirty                       0.01            0.00            0.00            0.00            0.01
Writeback                   0.00            0.00            0.00            0.00            0.00
FilePages                 319.91           31.86            3.23            0.00          355.00
AnonPages               30357.62           43.59         2976.00            0.00        33377.21
PageTables                 92.20            2.55            0.00            0.00           94.74
WritebackTmp                0.00            0.00            0.00            0.00            0.00
MemTotal                63888.29        64466.73       514048.00       514048.00      1156451.01
MemFree                 24022.54        55610.28       511066.50       514047.97      1104747.29
MemUsed                 39865.75         8856.45         2981.50            0.03        51703.73
Dirty                       0.00            0.00            0.02            0.00            0.02
Writeback                   0.00            0.00            0.00            0.00            0.00
FilePages                 319.92           31.86            3.23            0.00          355.00
AnonPages               30357.14           43.59         2976.00            0.00        33376.73
PageTables                 92.17            2.55            0.00            0.00           94.71
WritebackTmp                0.00            0.00            0.00            0.00            0.00
MemTotal                63888.29        64466.73       514048.00       514048.00      1156451.01
MemFree                 24022.58        55610.28       511066.50       514047.97      1104747.33
MemUsed                 39865.70         8856.45         2981.50            0.03        51703.68
Dirty                       0.02            0.00            0.00            0.00            0.02
Writeback                   0.00            0.00            0.00            0.00            0.00
FilePages                 319.93           31.86            3.23            0.00          355.02
AnonPages               30358.22           43.59         2976.00            0.00        33377.82
PageTables                 92.17            2.55            0.00            0.00           94.71
WritebackTmp                0.00            0.00            0.00            0.00            0.00
MemTotal                63888.29        64466.73       514048.00       514048.00      1156451.01
MemFree                 24020.86        55610.77       511064.50       514047.97      1104744.10
MemUsed                 39867.43         8855.95         2983.50            0.03        51706.91
Dirty                       0.00            0.00            0.00            0.00            0.00
Writeback                   0.00            0.00            0.00            0.00            0.00
FilePages                 319.93           31.86            3.23            0.00          355.02
AnonPages               30358.54           43.54         2976.00            0.00        33378.08
PageTables                 92.21            2.55            0.00            0.00           94.75
WritebackTmp                0.00            0.00            0.00            0.00            0.00
MemTotal                63888.29        64466.73       514048.00       514048.00      1156451.01
MemFree                 24021.89        55609.02       511068.50       514047.97      1104747.38
MemUsed                 39866.39         8857.70         2979.50            0.03        51703.63
Dirty                       0.01            0.00            0.02            0.00            0.02
Writeback                   0.00            0.00            0.00            0.00            0.00
FilePages                 319.94           31.86            3.23            0.00          355.03
AnonPages               30360.57           45.53         2974.00            0.00        33380.10
PageTables                 92.22            2.55            0.00            0.00           94.77
WritebackTmp                0.00            0.00            0.00            0.00            0.00
MemTotal                63888.29        64466.73       514048.00       514048.00      1156451.01
MemFree                 24020.97        55609.02       511068.74       514047.97      1104746.70
MemUsed                 39867.31         8857.70         2979.26            0.03        51704.31
Dirty                       0.00            0.00            0.00            0.00            0.00
Writeback                   0.00            0.00            0.00            0.00            0.00
FilePages                 319.95           31.86            3.23            0.00          355.04
AnonPages               30358.16           45.54         2976.00            0.00        33379.70
PageTables                 92.30            2.55            0.00            0.00           94.85
WritebackTmp                0.00            0.00            0.00            0.00            0.00
MemTotal                63888.29        64466.73       514048.00       514048.00      1156451.01
MemFree                 24021.36        55610.04       511062.74       514047.97      1104742.11
MemUsed                 39866.92         8856.69         2985.26            0.03        51708.91
Dirty                       0.01            0.00            0.02            0.00            0.03
Writeback                   0.00            0.00            0.00            0.00            0.00
FilePages                 319.96           31.86            3.23            0.00          355.05
AnonPages               30359.16           45.55         2976.00            0.00        33380.71
PageTables                 92.17            2.55            0.00            0.00           94.72
WritebackTmp                0.00            0.00            0.00            0.00            0.00
