94.17646922345189
96.05509964830011
96.04021700672249
96.28290340526455
96.00946557704745
95.56998880179171
96.11145401640067
95.66990667004063
95.93492317731506
95.66349706256435
96.3848899812734
96.46092823792866
96.16207502930833
96.81266826853486
96.06576629477392
91.78625954198473
94.72728902433559
95.98670605612999
95.92926603210098
96.15519817207137
96.14036121504965
95.72722381635582
95.92428929150095
95.58130896664439
95.89985324854361
95.77839549299125
96.08837537484565
96.18856716461586
96.1160498528141
96.683123163122
96.14545454545454
