MemTotal                63856.97        64493.11       514048.00       514048.00      1156446.08
MemFree                 51688.25        54842.68       514040.69       514047.94      1134619.57
MemUsed                 12168.71         9650.43            7.31            0.06        21826.52
Dirty                       0.43            0.00            0.00            0.00            0.43
Writeback                   0.00            0.00            0.00            0.00            0.00
FilePages                 435.12            2.50            0.05            0.00          437.66
AnonPages                2766.94         1000.95            0.00            0.00         3767.88
PageTables                 34.89            3.83            0.00            0.00           38.72
WritebackTmp                0.00            0.00            0.00            0.00            0.00
MemTotal                63856.97        64493.11       514048.00       514048.00      1156446.08
MemFree                 46545.57        54843.58       513365.93       514047.94      1128803.02
MemUsed                 17311.40         9649.54          682.07            0.06        27643.06
Dirty                       2.21            0.00            0.00            0.00            2.21
Writeback                   0.00            0.00            0.00            0.00            0.00
FilePages                 436.64            2.50            2.01            0.00          441.15
AnonPages                7886.59         1001.00          670.92            0.00         9558.50
PageTables                 46.43            3.70            0.00            0.00           50.12
WritebackTmp                0.00            0.00            0.00            0.00            0.00
MemTotal                63856.97        64493.11       514048.00       514048.00      1156446.08
MemFree                 46531.42        54843.34       509806.68       514047.94      1125229.38
MemUsed                 17325.55         9649.78         4241.32            0.06        31216.71
Dirty                       3.10            0.00            0.02            0.00            3.12
Writeback                   0.00            0.00            0.00            0.00            0.00
FilePages                 435.55            2.50            3.89            0.00          441.94
AnonPages                7887.65         1000.77         4226.36            0.00        13114.77
PageTables                 53.02            3.70            0.00            0.00           56.72
WritebackTmp                0.00            0.00            0.00            0.00            0.00
MemTotal                63856.97        64493.11       514048.00       514048.00      1156446.08
MemFree                 46517.93        54843.11       506475.80       514047.94      1121884.78
MemUsed                 17339.04         9650.00         7572.20            0.06        34561.30
Dirty                       3.58            0.01            0.00            0.00            3.59
Writeback                   0.00            0.00            0.00            0.00            0.00
FilePages                 436.21            2.64            3.89            0.00          442.74
AnonPages                7888.05         1000.94         7554.80            0.00        16443.79
PageTables                 59.89            3.70            0.00            0.00           63.59
WritebackTmp                0.00            0.00            0.00            0.00            0.00
MemTotal                63856.97        64493.11       514048.00       514048.00      1156446.08
MemFree                 46506.41        54843.09       503255.42       514047.94      1118652.86
MemUsed                 17350.56         9650.02        10792.58            0.06        37793.22
Dirty                       2.34            0.00            0.02            0.00            2.36
Writeback                   0.00            0.00            0.00            0.00            0.00
FilePages                 436.91            2.98            3.89            0.00          443.78
AnonPages                7886.57          999.98        10775.18            0.00        19661.73
PageTables                 65.96            3.70            0.00            0.00           69.66
WritebackTmp                0.00            0.00            0.00            0.00            0.00
MemTotal                63856.97        64493.11       514048.00       514048.00      1156446.08
MemFree                 46492.70        54844.98       500075.15       514047.94      1115460.76
MemUsed                 17364.27         9648.14        13972.85            0.06        40985.32
Dirty                       2.55            0.00            0.00            0.00            2.55
Writeback                   0.00            0.00            0.00            0.00            0.00
FilePages                 437.19            2.98            3.89            0.00          444.05
AnonPages                7886.68          999.67        13955.00            0.00        22841.35
PageTables                 72.09            4.42            0.00            0.00           76.51
WritebackTmp                0.00            0.00            0.00            0.00            0.00
MemTotal                63856.97        64493.11       514048.00       514048.00      1156446.08
MemFree                 46476.53        54844.13       496618.76       514047.94      1111987.36
MemUsed                 17380.44         9648.98        17429.24            0.06        44458.72
Dirty                       5.64            0.00            0.02            0.00            5.66
Writeback                   0.00            0.00            0.00            0.00            0.00
FilePages                 438.56            2.98            3.89            0.00          445.43
AnonPages                7887.41         1000.43        17410.10            0.00        26297.94
PageTables                 79.00            4.39            0.00            0.00           83.39
WritebackTmp                0.00            0.00            0.00            0.00            0.00
MemTotal                63856.97        64493.11       514048.00       514048.00      1156446.08
MemFree                 46466.56        54843.86       493801.48       514047.94      1109159.84
MemUsed                 17390.41         9649.25        20246.52            0.06        47286.24
Dirty                       8.21            0.00            0.00            0.00            8.21
Writeback                   0.00            0.00            0.00            0.00            0.00
FilePages                 439.44            2.98            3.89            0.00          446.31
AnonPages                7886.18         1000.49        20226.91            0.00        29113.57
PageTables                 84.62            3.70            0.00            0.00           88.31
WritebackTmp                0.00            0.00            0.00            0.00            0.00
MemTotal                63856.97        64493.11       514048.00       514048.00      1156446.08
MemFree                 46453.80        54843.87       490856.48       514047.94      1106202.09
MemUsed                 17403.17         9649.24        23191.52            0.06        50244.00
Dirty                       0.08            0.00            0.02            0.00            0.10
Writeback                   0.00            0.00            0.00            0.00            0.00
FilePages                 440.12            2.98            3.89            0.00          446.98
AnonPages                7886.70         1000.56        23170.38            0.00        32057.64
PageTables                 90.02            3.70            0.00            0.00           93.71
WritebackTmp                0.00            0.00            0.00            0.00            0.00
MemTotal                63856.97        64493.11       514048.00       514048.00      1156446.08
MemFree                 46441.47        54843.87       487913.30       514047.94      1103246.58
MemUsed                 17415.50         9649.24        26134.70            0.06        53199.50
Dirty                       4.86            0.00            0.00            0.00            4.86
Writeback                   0.00            0.00            0.00            0.00            0.00
FilePages                 440.28            2.98            3.89            0.00          447.15
AnonPages                7886.85         1000.77        26114.88            0.00        35002.49
PageTables                 95.93            3.70            0.00            0.00           99.63
WritebackTmp                0.00            0.00            0.00            0.00            0.00
MemTotal                63856.97        64493.11       514048.00       514048.00      1156446.08
MemFree                 46433.49        54843.87       486376.20       514047.94      1101701.49
MemUsed                 17423.48         9649.24        27671.80            0.06        54744.59
Dirty                       3.86            0.00            0.02            0.00            3.88
Writeback                   0.00            0.00            0.00            0.00            0.00
FilePages                 441.03            2.98            3.89            0.00          447.90
AnonPages                7887.36         1000.84        27650.78            0.00        36538.98
PageTables                 99.25            3.70            0.00            0.00          102.94
WritebackTmp                0.00            0.00            0.00            0.00            0.00
MemTotal                63856.97        64493.11       514048.00       514048.00      1156446.08
MemFree                 46434.23        54843.87       486376.04       514047.94      1101702.08
MemUsed                 17422.73         9649.24        27671.96            0.06        54744.00
Dirty                       7.46            0.00            0.00            0.00            7.46
Writeback                   0.00            0.00            0.00            0.00            0.00
FilePages                 441.78            2.98            3.89            0.00          448.65
AnonPages                7886.96         1000.93        27650.99            0.00        36538.88
PageTables                 99.25            3.70            0.00            0.00          102.94
WritebackTmp                0.00            0.00            0.00            0.00            0.00
MemTotal                63856.97        64493.11       514048.00       514048.00      1156446.08
MemFree                 46433.75        54843.87       486374.81       514047.94      1101700.36
MemUsed                 17423.22         9649.24        27673.19            0.06        54745.72
Dirty                       2.86            0.00            0.02            0.00            2.88
Writeback                   0.00            0.00            0.00            0.00            0.00
FilePages                 441.94            2.98            3.89            0.00          448.81
AnonPages                7886.59         1000.99        27651.11            0.00        36538.70
PageTables                 99.21            3.70            0.00            0.00          102.90
WritebackTmp                0.00            0.00            0.00            0.00            0.00
MemTotal                63856.97        64493.11       514048.00       514048.00      1156446.08
MemFree                 46433.01        54844.04       486374.32       514047.94      1101699.30
MemUsed                 17423.96         9649.07        27673.68            0.06        54746.78
Dirty                       6.84            0.00            0.00            0.00            6.84
Writeback                   0.00            0.00            0.00            0.00            0.00
FilePages                 442.68            2.98            3.89            0.00          449.55
AnonPages                7886.59         1001.04        27651.18            0.00        36538.82
PageTables                 99.12            3.70            0.00            0.00          102.81
WritebackTmp                0.00            0.00            0.00            0.00            0.00
MemTotal                63856.97        64493.11       514048.00       514048.00      1156446.08
MemFree                 46429.52        54843.79       486374.32       514047.94      1101695.57
MemUsed                 17427.45         9649.32        27673.68            0.06        54750.52
Dirty                       1.88            0.00            0.02            0.00            1.89
Writeback                   0.00            0.00            0.00            0.00            0.00
FilePages                 446.24            2.98            3.89            0.00          453.11
AnonPages                7886.72         1001.08        27651.36            0.00        36539.16
PageTables                 99.16            3.70            0.00            0.00          102.86
WritebackTmp                0.00            0.00            0.00            0.00            0.00
MemTotal                63856.97        64493.11       514048.00       514048.00      1156446.08
MemFree                 46428.79        54843.79       486373.80       514047.94      1101694.32
MemUsed                 17428.18         9649.32        27674.20            0.06        54751.77
Dirty                       6.02            0.00            0.00            0.00            6.02
Writeback                   0.00            0.00            0.00            0.00            0.00
FilePages                 447.52            2.98            3.90            0.00          454.39
AnonPages                7886.21         1001.14        27652.11            0.00        36539.46
PageTables                 99.16            3.70            0.00            0.00          102.85
WritebackTmp                0.00            0.00            0.00            0.00            0.00
MemTotal                63856.97        64493.11       514048.00       514048.00      1156446.08
MemFree                 46428.05        54845.34       486372.62       514047.94      1101693.94
MemUsed                 17428.92         9647.78        27675.38            0.06        54752.14
Dirty                       0.39            0.00            0.02            0.00            0.41
Writeback                   0.16            0.00            0.00            0.00            0.16
FilePages                 448.19            2.98            3.90            0.00          455.06
AnonPages                7885.94         1000.25        27651.75            0.00        36537.95
PageTables                 99.17            3.70            0.00            0.00          102.86
WritebackTmp                0.00            0.00            0.00            0.00            0.00
MemTotal                63856.97        64493.11       514048.00       514048.00      1156446.08
MemFree                 46427.55        54845.34       486372.86       514047.94      1101693.69
MemUsed                 17429.41         9647.78        27675.14            0.06        54752.39
Dirty                       5.47            0.00            0.00            0.00            5.48
Writeback                   0.00            0.00            0.00            0.00            0.00
FilePages                 448.68            2.98            3.90            0.00          455.55
AnonPages                7885.98         1000.30        27652.01            0.00        36538.30
PageTables                 99.21            3.70            0.00            0.00          102.91
WritebackTmp                0.00            0.00            0.00            0.00            0.00
MemTotal                63856.97        64493.11       514048.00       514048.00      1156446.08
MemFree                 46427.07        54845.34       486372.05       514047.94      1101692.39
MemUsed                 17429.90         9647.78        27675.95            0.06        54753.69
Dirty                       0.32            0.00            0.02            0.00            0.34
Writeback                   0.49            0.00            0.00            0.00            0.49
FilePages                 448.85            2.98            3.90            0.00          455.73
AnonPages                7885.65         1000.38        27652.61            0.00        36538.64
PageTables                 99.25            3.70            0.00            0.00          102.94
WritebackTmp                0.00            0.00            0.00            0.00            0.00
MemTotal                63856.97        64493.11       514048.00       514048.00      1156446.08
MemFree                 46425.84        54845.34       486371.07       514047.94      1101690.18
MemUsed                 17431.13         9647.78        27676.93            0.06        54755.90
Dirty                       5.14            0.00            0.00            0.00            5.14
Writeback                   0.00            0.00            0.00            0.00            0.00
FilePages                 450.42            2.98            3.90            0.00          457.30
AnonPages                7885.64         1000.41        27652.81            0.00        36538.86
PageTables                 99.22            3.70            0.00            0.00          102.92
WritebackTmp                0.00            0.00            0.00            0.00            0.00
MemTotal                63856.97        64493.11       514048.00       514048.00      1156446.08
MemFree                 46426.08        54845.58       486371.56       514047.94      1101691.16
MemUsed                 17430.89         9647.53        27676.44            0.06        54754.92
Dirty                       4.23            0.00            0.02            0.00            4.25
Writeback                   0.00            0.00            0.00            0.00            0.00
FilePages                 450.59            2.98            3.90            0.00          457.46
AnonPages                7886.21         1000.48        27652.56            0.00        36539.25
PageTables                 99.26            3.70            0.00            0.00          102.95
WritebackTmp                0.00            0.00            0.00            0.00            0.00
MemTotal                63856.97        64493.11       514048.00       514048.00      1156446.08
MemFree                 46425.84        54845.83       486370.70       514047.94      1101690.30
MemUsed                 17431.13         9647.29        27677.30            0.06        54755.78
Dirty                       4.45            0.00            0.00            0.00            4.46
Writeback                   0.00            0.00            0.00            0.00            0.00
FilePages                 451.32            2.98            3.90            0.00          458.20
AnonPages                7885.32         1000.53        27652.54            0.00        36538.39
PageTables                 99.14            3.70            0.00            0.00          102.83
WritebackTmp                0.00            0.00            0.00            0.00            0.00
MemTotal                63856.97        64493.11       514048.00       514048.00      1156446.08
MemFree                 46425.44        54846.00       486368.72       514047.94      1101688.10
MemUsed                 17431.53         9647.11        27679.28            0.06        54757.98
Dirty                       2.78            0.00            0.02            0.00            2.80
Writeback                   0.00            0.00            0.00            0.00            0.00
FilePages                 451.91            2.98            3.90            0.00          458.79
AnonPages                7885.06         1000.61        27653.10            0.00        36538.77
PageTables                 99.27            3.70            0.00            0.00          102.96
WritebackTmp                0.00            0.00            0.00            0.00            0.00
MemTotal                63856.97        64493.11       514048.00       514048.00      1156446.08
MemFree                 46424.25        54846.00       486369.52       514047.94      1101687.71
MemUsed                 17432.71         9647.11        27678.48            0.06        54758.37
Dirty                       7.20            0.00            0.00            0.00            7.20
Writeback                   0.00            0.00            0.00            0.00            0.00
FilePages                 452.73            2.98            3.90            0.00          459.61
AnonPages                7885.26         1000.66        27653.19            0.00        36539.11
PageTables                 99.27            3.70            0.00            0.00          102.96
WritebackTmp                0.00            0.00            0.00            0.00            0.00
MemTotal                63856.97        64493.11       514048.00       514048.00      1156446.08
MemFree                 46424.01        54846.00       486369.52       514047.94      1101687.47
MemUsed                 17432.96         9647.11        27678.48            0.06        54758.61
Dirty                       0.08            0.00            0.02            0.00            0.10
Writeback                   0.00            0.00            0.00            0.00            0.00
FilePages                 452.88            2.98            3.91            0.00          459.77
AnonPages                7885.61         1000.41        27652.82            0.00        36538.84
PageTables                 99.26            3.70            0.00            0.00          102.96
WritebackTmp                0.00            0.00            0.00            0.00            0.00
MemTotal                63856.97        64493.11       514048.00       514048.00      1156446.08
MemFree                 46424.01        54846.00       486370.51       514047.94      1101688.46
MemUsed                 17432.96         9647.11        27677.49            0.06        54757.62
Dirty                       3.82            0.00            0.00            0.00            3.82
Writeback                   0.12            0.00            0.00            0.00            0.12
FilePages                 453.57            2.98            3.91            0.00          460.45
AnonPages                7885.29         1000.46        27653.35            0.00        36539.10
PageTables                 99.27            3.70            0.00            0.00          102.96
WritebackTmp                0.00            0.00            0.00            0.00            0.00
MemTotal                63856.97        64493.11       514048.00       514048.00      1156446.08
MemFree                 46423.28        54846.25       486371.25       514047.94      1101688.71
MemUsed                 17433.69         9646.86        27676.75            0.06        54757.37
Dirty                       6.35            0.00            0.02            0.00            6.36
Writeback                   0.00            0.00            0.00            0.00            0.00
FilePages                 454.30            2.98            3.91            0.00          461.18
AnonPages                7884.96         1000.51        27652.99            0.00        36538.46
PageTables                 99.26            3.70            0.00            0.00          102.96
WritebackTmp                0.00            0.00            0.00            0.00            0.00
MemTotal                63856.97        64493.11       514048.00       514048.00      1156446.08
MemFree                 46420.33        54846.25       486371.50       514047.94      1101686.01
MemUsed                 17436.64         9646.86        27676.50            0.06        54760.07
Dirty                       2.92            0.00            0.00            0.00            2.92
Writeback                   0.38            0.00            0.00            0.00            0.38
FilePages                 457.43            2.98            3.91            0.00          464.31
AnonPages                7884.67         1000.56        27653.53            0.00        36538.76
PageTables                 99.26            3.70            0.00            0.00          102.96
WritebackTmp                0.00            0.00            0.00            0.00            0.00
MemTotal                63856.97        64493.11       514048.00       514048.00      1156446.08
MemFree                 46424.79        54846.25       486371.31       514047.94      1101690.28
MemUsed                 17432.18         9646.86        27676.69            0.06        54755.80
Dirty                       5.82            0.00            0.02            0.00            5.84
Writeback                   0.00            0.00            0.00            0.00            0.00
FilePages                 457.59            2.98            3.91            0.00          464.48
AnonPages                7880.93         1000.62        27653.55            0.00        36535.10
PageTables                 99.26            3.70            0.00            0.00          102.95
WritebackTmp                0.00            0.00            0.00            0.00            0.00
MemTotal                63856.97        64493.11       514048.00       514048.00      1156446.08
MemFree                 46424.30        54846.25       486371.55       514047.94      1101690.04
MemUsed                 17432.67         9646.86        27676.45            0.06        54756.04
Dirty                       6.01            0.00            0.00            0.00            6.01
Writeback                   0.00            0.00            0.00            0.00            0.00
FilePages                 458.33            2.98            3.91            0.00          465.22
AnonPages                7881.50         1000.68        27653.25            0.00        36535.43
PageTables                 99.27            3.70            0.00            0.00          102.96
WritebackTmp                0.00            0.00            0.00            0.00            0.00
MemTotal                63856.97        64493.11       514048.00       514048.00      1156446.08
MemFree                 46422.57        54846.00       486371.31       514047.94      1101687.82
MemUsed                 17434.39         9647.11        27676.69            0.06        54758.26
Dirty                       3.61            0.00            0.02            0.00            3.62
Writeback                   0.00            0.00            0.00            0.00            0.00
FilePages                 459.50            2.98            3.91            0.00          466.39
AnonPages                7881.70         1000.73        27653.28            0.00        36535.70
PageTables                 99.27            3.70            0.00            0.00          102.96
WritebackTmp                0.00            0.00            0.00            0.00            0.00
MemTotal                63856.97        64493.11       514048.00       514048.00      1156446.08
MemFree                 46421.87        54845.76       486371.39       514047.94      1101686.96
MemUsed                 17435.10         9647.36        27676.61            0.06        54759.12
Dirty                       3.78            0.00            0.00            0.00            3.78
Writeback                   0.00            0.00            0.00            0.00            0.00
FilePages                 459.66            2.98            3.91            0.00          466.55
AnonPages                7881.41         1000.77        27653.78            0.00        36535.96
PageTables                 99.27            3.70            0.00            0.00          102.96
WritebackTmp                0.00            0.00            0.00            0.00            0.00
MemTotal                63856.97        64493.11       514048.00       514048.00      1156446.08
MemFree                 46422.36        54846.00       486371.64       514047.94      1101687.94
MemUsed                 17434.61         9647.11        27676.36            0.06        54758.14
Dirty                       6.37            0.00            0.02            0.00            6.38
Writeback                   0.00            0.00            0.00            0.00            0.00
FilePages                 460.32            2.98            3.91            0.00          467.21
AnonPages                7880.75         1000.84        27653.82            0.00        36535.41
PageTables                 99.27            3.70            0.00            0.00          102.96
WritebackTmp                0.00            0.00            0.00            0.00            0.00
MemTotal                63856.97        64493.11       514048.00       514048.00      1156446.08
MemFree                 46420.72        54846.25       486372.13       514047.94      1101687.04
MemUsed                 17436.25         9646.86        27675.87            0.06        54759.04
Dirty                       0.54            0.00            0.00            0.00            0.54
Writeback                   0.61            0.00            0.00            0.00            0.61
FilePages                 461.07            2.98            3.92            0.00          467.96
AnonPages                7881.41         1000.89        27653.41            0.00        36535.71
PageTables                 99.28            3.70            0.00            0.00          102.97
WritebackTmp                0.00            0.00            0.00            0.00            0.00
MemTotal                63856.97        64493.11       514048.00       514048.00      1156446.08
MemFree                 46412.92        54845.52       486371.94       514047.72      1101678.11
MemUsed                 17444.05         9647.59        27676.06            0.28        54767.98
Dirty                       5.78            0.00            0.02            0.00            5.80
Writeback                   0.00            0.00            0.00            0.00            0.00
FilePages                 467.04            2.98            3.92            0.00          473.94
AnonPages                7883.31         1000.39        27653.53            0.00        36537.23
PageTables                 99.27            3.70            0.00            0.00          102.97
WritebackTmp                0.00            0.00            0.00            0.00            0.00
MemTotal                63856.97        64493.11       514048.00       514048.00      1156446.08
MemFree                 46413.16        54846.11       486372.68       514047.72      1101679.67
MemUsed                 17443.81         9647.01        27675.32            0.28        54766.41
Dirty                       1.21            0.00            0.00            0.00            1.21
Writeback                   1.71            0.00            0.00            0.00            1.71
FilePages                 467.71            2.98            3.92            0.00          474.61
AnonPages                7884.12         1000.00        27653.54            0.00        36537.66
PageTables                 99.28            3.70            0.00            0.00          102.98
WritebackTmp                0.00            0.00            0.00            0.00            0.00
MemTotal                63856.97        64493.11       514048.00       514048.00      1156446.08
MemFree                 46411.52        54846.35       486372.04       514047.72      1101677.64
MemUsed                 17445.45         9646.76        27675.96            0.28        54768.45
Dirty                       6.12            0.00            0.02            0.00            6.13
Writeback                   0.00            0.00            0.00            0.00            0.00
FilePages                 468.45            2.98            3.92            0.00          475.34
AnonPages                7884.21         1000.05        27653.66            0.00        36537.92
PageTables                 99.29            3.70            0.00            0.00          102.98
WritebackTmp                0.00            0.00            0.00            0.00            0.00
MemTotal                63856.97        64493.11       514048.00       514048.00      1156446.08
MemFree                 46411.77        54846.35       486372.05       514047.72      1101677.89
MemUsed                 17445.20         9646.76        27675.95            0.28        54768.19
Dirty                       3.59            0.00            0.00            0.00            3.59
Writeback                   0.00            0.00            0.00            0.00            0.00
FilePages                 468.61            2.98            3.92            0.00          475.50
AnonPages                7883.44         1000.12        27653.68            0.00        36537.24
PageTables                 99.28            3.70            0.00            0.00          102.98
WritebackTmp                0.00            0.00            0.00            0.00            0.00
MemTotal                63856.97        64493.11       514048.00       514048.00      1156446.08
MemFree                 46411.94        54847.41       486372.54       514047.72      1101679.61
MemUsed                 17445.03         9645.70        27675.46            0.28        54766.47
Dirty                       7.45            0.00            0.02            0.00            7.46
Writeback                   0.00            0.00            0.00            0.00            0.00
FilePages                 469.35            2.98            3.93            0.00          476.25
AnonPages                7883.60         1000.18        27653.81            0.00        36537.59
PageTables                 99.28            3.70            0.00            0.00          102.98
WritebackTmp                0.00            0.00            0.00            0.00            0.00
MemTotal                63856.97        64493.11       514048.00       514048.00      1156446.08
MemFree                 46411.20        54848.39       486372.47       514047.72      1101679.79
MemUsed                 17445.77         9644.72        27675.53            0.28        54766.29
Dirty                       2.43            0.00            0.00            0.00            2.43
Writeback                   0.00            0.00            0.00            0.00            0.00
FilePages                 469.68            2.98            3.93            0.00          476.59
AnonPages                7883.80          999.30        27653.84            0.00        36536.95
PageTables                 99.29            3.70            0.00            0.00          102.98
WritebackTmp                0.00            0.00            0.00            0.00            0.00
MemTotal                63856.97        64493.11       514048.00       514048.00      1156446.08
MemFree                 46410.47        54848.39       486372.72       514047.72      1101679.30
MemUsed                 17446.50         9644.72        27675.28            0.28        54766.78
Dirty                       4.44            0.00            0.02            0.00            4.46
Writeback                   0.00            0.00            0.00            0.00            0.00
FilePages                 469.93            2.98            3.93            0.00          476.83
AnonPages                7883.84          999.35        27653.92            0.00        36537.11
PageTables                 99.24            3.70            0.00            0.00          102.93
WritebackTmp                0.00            0.00            0.00            0.00            0.00
MemTotal                63856.97        64493.11       514048.00       514048.00      1156446.08
MemFree                 46409.48        54847.96       486372.73       514047.72      1101677.89
MemUsed                 17447.48         9645.16        27675.27            0.28        54768.20
Dirty                       6.84            0.00            0.00            0.00            6.84
Writeback                   0.00            0.00            0.00            0.00            0.00
FilePages                 471.25            3.40            3.93            0.00          478.57
AnonPages                7884.06          999.41        27654.01            0.00        36537.48
PageTables                 99.30            3.70            0.00            0.00          103.00
WritebackTmp                0.00            0.00            0.00            0.00            0.00
MemTotal                63856.97        64493.11       514048.00       514048.00      1156446.08
MemFree                 46409.74        54847.71       486372.24       514047.72      1101677.41
MemUsed                 17447.23         9645.40        27675.76            0.28        54768.67
Dirty                       3.04            0.00            0.02            0.00            3.05
Writeback                   0.00            0.00            0.00            0.00            0.00
FilePages                 471.51            3.40            3.93            0.00          478.84
AnonPages                7883.25          999.71        27654.04            0.00        36536.99
PageTables                 99.25            3.70            0.00            0.00          102.95
WritebackTmp                0.00            0.00            0.00            0.00            0.00
MemTotal                63856.97        64493.11       514048.00       514048.00      1156446.08
MemFree                 46408.02        54847.90       486372.49       514047.72      1101676.12
MemUsed                 17448.95         9645.21        27675.51            0.28        54769.96
Dirty                       5.83            0.00            0.00            0.00            5.83
Writeback                   0.00            0.00            0.00            0.00            0.00
FilePages                 472.17            3.40            3.93            0.00          479.50
AnonPages                7883.50          999.75        27654.13            0.00        36537.38
PageTables                 99.32            3.70            0.00            0.00          103.02
WritebackTmp                0.00            0.00            0.00            0.00            0.00
MemTotal                63856.97        64493.11       514048.00       514048.00      1156446.08
MemFree                 46407.06        54847.65       486372.50       514047.72      1101674.94
MemUsed                 17449.91         9645.46        27675.50            0.28        54771.14
Dirty                       2.22            0.00            0.02            0.00            2.23
Writeback                   0.00            0.00            0.00            0.00            0.00
FilePages                 473.12            3.40            3.93            0.00          480.46
AnonPages                7883.63          999.81        27654.21            0.00        36537.65
PageTables                 99.31            3.70            0.00            0.00          103.00
WritebackTmp                0.00            0.00            0.00            0.00            0.00
MemTotal                63856.97        64493.11       514048.00       514048.00      1156446.08
MemFree                 46406.08        54847.16       486372.26       514047.72      1101673.21
MemUsed                 17450.89         9645.95        27675.74            0.28        54772.87
Dirty                       5.32            0.00            0.00            0.00            5.32
Writeback                   0.00            0.00            0.00            0.00            0.00
FilePages                 473.29            3.40            3.93            0.00          480.62
AnonPages                7883.80          999.41        27654.21            0.00        36537.41
PageTables                 99.26            3.70            0.00            0.00          102.95
WritebackTmp                0.00            0.00            0.00            0.00            0.00
MemTotal                63856.97        64493.11       514048.00       514048.00      1156446.08
MemFree                 46405.66        54846.67       486372.87       514047.72      1101672.91
MemUsed                 17451.31         9646.45        27675.13            0.28        54773.17
Dirty                       2.61            0.00            0.02            0.00            2.63
Writeback                   0.00            0.00            0.00            0.00            0.00
FilePages                 474.03            3.40            3.93            0.00          481.36
AnonPages                7884.00         1000.00        27654.31            0.00        36538.31
PageTables                 99.31            3.70            0.00            0.00          103.00
WritebackTmp                0.00            0.00            0.00            0.00            0.00
MemTotal                63856.97        64493.11       514048.00       514048.00      1156446.08
MemFree                 46406.18        54845.74       486373.36       514047.72      1101673.00
MemUsed                 17450.79         9647.38        27674.64            0.28        54773.09
Dirty                       5.59            0.00            0.00            0.00            5.59
Writeback                   0.00            0.00            0.00            0.00            0.00
FilePages                 474.69            3.40            3.93            0.00          482.02
AnonPages                7883.35          999.70        27654.34            0.00        36537.39
PageTables                 99.31            3.70            0.00            0.00          103.00
WritebackTmp                0.00            0.00            0.00            0.00            0.00
MemTotal                63856.97        64493.11       514048.00       514048.00      1156446.08
MemFree                 46404.99        54844.80       486371.26       514047.72      1101668.76
MemUsed                 17451.98         9648.32        27676.74            0.28        54777.32
Dirty                       0.87            0.00            0.02            0.00            0.89
Writeback                   0.00            0.00            0.00            0.00            0.00
FilePages                 475.43            3.40            3.93            0.00          482.77
AnonPages                7883.77         1000.62        27654.41            0.00        36538.80
PageTables                 99.27            3.70            0.00            0.00          102.96
WritebackTmp                0.00            0.00            0.00            0.00            0.00
MemTotal                63856.97        64493.11       514048.00       514048.00      1156446.08
MemFree                 46404.56        54845.84       486371.49       514047.72      1101669.61
MemUsed                 17452.41         9647.28        27676.51            0.28        54776.48
Dirty                       1.00            0.00            0.00            0.00            1.00
Writeback                   0.00            0.00            0.00            0.00            0.00
FilePages                 475.59            3.40            3.93            0.00          482.93
AnonPages                7884.10         1000.44        27654.46            0.00        36539.00
PageTables                 99.31            3.70            0.00            0.00          103.00
WritebackTmp                0.00            0.00            0.00            0.00            0.00
MemTotal                63856.97        64493.11       514048.00       514048.00      1156446.08
MemFree                 46403.84        54845.20       486371.69       514047.72      1101668.45
MemUsed                 17453.13         9647.91        27676.31            0.28        54777.63
Dirty                       6.31            0.00            0.02            0.00            6.33
Writeback                   0.00            0.00            0.00            0.00            0.00
FilePages                 476.33            3.40            3.93            0.00          483.67
AnonPages                7883.02         1000.70        27655.00            0.00        36538.71
PageTables                 99.31            3.70            0.00            0.00          103.01
WritebackTmp                0.00            0.00            0.00            0.00            0.00
MemTotal                63856.97        64493.11       514048.00       514048.00      1156446.08
MemFree                 46388.37        54845.76       486371.80       514047.72      1101653.64
MemUsed                 17468.60         9647.36        27676.20            0.28        54792.44
Dirty                       7.36            0.00            0.00            0.00            7.36
Writeback                   0.43            0.00            0.00            0.00            0.43
FilePages                 492.64            3.40            3.93            0.00          499.98
AnonPages                7883.77         1000.48        27654.57            0.00        36538.82
PageTables                 99.36            3.70            0.00            0.00          103.05
WritebackTmp                0.00            0.00            0.00            0.00            0.00
MemTotal                63856.97        64493.11       514048.00       514048.00      1156446.08
MemFree                 46388.13        54845.76       486371.59       514047.72      1101653.20
MemUsed                 17468.84         9647.35        27676.41            0.28        54792.88
Dirty                       8.00            0.00            0.02            0.00            8.02
Writeback                   0.00            0.00            0.00            0.00            0.00
FilePages                 493.37            3.40            3.94            0.00          500.71
AnonPages                7883.72         1000.64        27654.72            0.00        36539.08
PageTables                 99.33            3.70            0.00            0.00          103.02
WritebackTmp                0.00            0.00            0.00            0.00            0.00
MemTotal                63856.97        64493.11       514048.00       514048.00      1156446.08
MemFree                 46386.17        54845.27       486371.84       514047.72      1101651.00
MemUsed                 17470.80         9647.84        27676.16            0.28        54795.09
Dirty                       1.95            0.00            0.00            0.00            1.95
Writeback                   0.05            0.00            0.00            0.00            0.05
FilePages                 494.04            3.40            3.94            0.00          501.38
AnonPages                7884.00         1001.02        27654.75            0.00        36539.77
PageTables                 99.33            3.70            0.00            0.00          103.02
WritebackTmp                0.00            0.00            0.00            0.00            0.00
MemTotal                63856.97        64493.11       514048.00       514048.00      1156446.08
MemFree                 46385.92        54846.01       486371.60       514047.72      1101651.25
MemUsed                 17471.05         9647.11        27676.40            0.28        54794.84
Dirty                       4.45            0.00            0.02            0.00            4.46
Writeback                   0.00            0.00            0.00            0.00            0.00
FilePages                 494.28            3.40            3.94            0.00          501.62
AnonPages                7884.14         1000.62        27654.88            0.00        36539.64
PageTables                 99.33            3.70            0.00            0.00          103.02
WritebackTmp                0.00            0.00            0.00            0.00            0.00
MemTotal                63856.97        64493.11       514048.00       514048.00      1156446.08
MemFree                 46384.94        54845.57       486371.60       514047.72      1101649.82
MemUsed                 17472.03         9647.55        27676.40            0.28        54796.26
Dirty                       2.32            0.00            0.00            0.00            2.32
Writeback                   0.00            0.00            0.00            0.00            0.00
FilePages                 495.19            3.40            3.94            0.00          502.54
AnonPages                7883.56         1000.34        27654.91            0.00        36538.81
PageTables                 99.33            3.70            0.00            0.00          103.02
WritebackTmp                0.00            0.00            0.00            0.00            0.00
