100.0
83.33333333333333
57.645418585046365
58.96158930802803
60.848260467142154
59.900790005511666
61.99393479909022
60.4172984775884
63.29513275177224
62.127888852541034
61.51219802687734
59.98114305201709
62.20056760672396
62.77458407888225
60.045246151074096
60.32920138183296
64.25531099010661
61.66119474695708
57.13081058290292
61.526008854908234
63.48450550308329
62.361524944609975
63.52884615384615
60.25029440530129
62.29355802132162
62.95089552526557
61.262808626915195
61.15371073119205
59.277497310270626
64.31789857156552
61.659456549909294
62.241412032643765
59.4137632938622
61.72935323383084
62.65748493622349
62.27809231359754
59.52270293208317
64.06561695039994
63.714057811372356
63.10240111662297
58.83103675194927
60.907511255035146
62.41610738255034
60.83091940796
61.598326196202656
60.981457491444154
63.187800776946716
61.96260031787767
62.34187932030518
61.71408431399424
62.8428927680798
61.81742967457253
60.40389972144847
62.54707823723549
63.41268759854398
