MemTotal                63854.68        64492.78       514048.00       514048.00      1156443.45
MemFree                  4812.25        51754.84       487843.73       495301.02      1039711.84
MemUsed                 59042.43        12737.94        26204.27        18746.98       116731.62
Dirty                       0.01            0.01            0.00            0.00            0.02
Writeback                   0.00            0.00            0.00            0.00            0.00
FilePages               46999.06         3805.16        25112.11        18728.57        94644.91
AnonPages                1496.27          366.34          259.52           15.35         2137.48
PageTables                 74.16           18.61            0.04            0.00           92.81
WritebackTmp                0.00            0.00            0.00            0.00            0.00
MemTotal                63854.68        64492.78       514048.00       514048.00      1156443.45
MemFree                   504.31        51753.06       486772.04       495301.02      1034330.43
MemUsed                 63350.36        12739.72        27275.96        18746.98       122113.02
Dirty                       0.07            0.01            0.00            0.00            0.09
Writeback                   0.00            0.00            0.00            0.00            0.00
FilePages               46999.12         3805.16        25112.12        18728.57        94644.98
AnonPages                5775.35          367.29         1299.73           15.35         7457.72
PageTables                 84.94           18.61            1.88            0.00          105.42
WritebackTmp                0.00            0.00            0.00            0.00            0.00
MemTotal                63854.68        64492.78       514048.00       514048.00      1156443.45
MemFree                   511.61        51757.07       483520.67       495301.02      1031090.38
MemUsed                 63343.06        12735.71        30527.33        18746.98       125353.08
Dirty                       0.03            0.00            0.00            0.00            0.03
Writeback                   0.00            0.00            0.00            0.00            0.00
FilePages               46999.12         3805.17        25112.13        18728.57        94645.00
AnonPages                5785.32          367.45         4552.32           15.35        10720.45
PageTables                 84.95           18.66            8.48            0.00          112.09
WritebackTmp                0.00            0.00            0.00            0.00            0.00
MemTotal                63854.68        64492.78       514048.00       514048.00      1156443.45
MemFree                   511.00        51759.30       483410.23       495301.02      1030981.55
MemUsed                 63343.68        12733.48        30637.77        18746.98       125461.90
Dirty                       0.04            0.00            0.00            0.00            0.04
Writeback                   0.00            0.00            0.00            0.00            0.00
FilePages               46999.12         3805.18        25112.13        18728.57        94645.00
AnonPages                5786.73          367.36         4654.08           15.35        10823.52
PageTables                 84.95           18.66            8.68            0.00          112.29
WritebackTmp                0.00            0.00            0.00            0.00            0.00
MemTotal                63854.68        64492.78       514048.00       514048.00      1156443.45
MemFree                   508.21        51759.34       483416.28       495301.02      1030984.85
MemUsed                 63346.47        12733.44        30631.72        18746.98       125458.61
Dirty                       0.02            0.00            0.00            0.00            0.02
Writeback                   0.00            0.00            0.00            0.00            0.00
FilePages               46999.12         3805.19        25112.14        18728.57        94645.02
AnonPages                5787.06          367.73         4654.11           15.35        10824.25
PageTables                 84.95           18.66            8.60            0.00          112.21
WritebackTmp                0.00            0.00            0.00            0.00            0.00
MemTotal                63854.68        64492.78       514048.00       514048.00      1156443.45
MemFree                   511.16        51757.68       483427.21       495301.02      1030997.07
MemUsed                 63343.52        12735.10        30620.79        18746.98       125446.39
Dirty                       0.02            0.00            0.00            0.00            0.02
Writeback                   0.00            0.00            0.00            0.00            0.00
FilePages               46999.12         3805.20        25112.14        18728.57        94645.03
AnonPages                5787.32          367.82         4654.15           15.35        10824.64
PageTables                 84.96           18.66            8.60            0.00          112.21
WritebackTmp                0.00            0.00            0.00            0.00            0.00
MemTotal                63854.68        64492.78       514048.00       514048.00      1156443.45
MemFree                   509.23        51756.31       483425.95       495301.02      1030992.51
MemUsed                 63345.45        12736.47        30622.05        18746.98       125450.95
Dirty                       0.02            0.01            0.00            0.00            0.03
Writeback                   0.00            0.00            0.00            0.00            0.00
FilePages               46999.13         3805.20        25112.15        18728.57        94645.05
AnonPages                5787.79          367.87         4654.32           15.35        10825.32
PageTables                 84.96           18.66            8.60            0.00          112.22
WritebackTmp                0.00            0.00            0.00            0.00            0.00
MemTotal                63854.68        64492.78       514048.00       514048.00      1156443.45
MemFree                   510.93        51756.31       483423.32       495301.02      1030991.58
MemUsed                 63343.75        12736.47        30624.68        18746.98       125451.88
Dirty                       0.02            0.00            0.00            0.00            0.02
Writeback                   0.00            0.00            0.00            0.00            0.00
FilePages               46999.13         3805.20        25112.16        18728.57        94645.05
AnonPages                5788.03          367.89         4655.58           15.35        10826.84
PageTables                 84.96           18.66            8.61            0.00          112.23
WritebackTmp                0.00            0.00            0.00            0.00            0.00
MemTotal                63854.68        64492.78       514048.00       514048.00      1156443.45
MemFree                   508.47        51756.82       483419.23       495301.02      1030985.54
MemUsed                 63346.21        12735.96        30628.77        18746.98       125457.91
Dirty                       0.01            0.00            0.00            0.00            0.02
Writeback                   0.00            0.00            0.00            0.00            0.00
FilePages               46999.13         3805.20        25112.17        18728.57        94645.07
AnonPages                5787.73          367.91         4655.88           15.35        10826.86
PageTables                 84.96           18.61            8.67            0.00          112.24
WritebackTmp                0.00            0.00            0.00            0.00            0.00
MemTotal                63854.68        64492.78       514048.00       514048.00      1156443.45
MemFree                   509.94        51757.09       483415.94       495301.02      1030983.99
MemUsed                 63344.73        12735.69        30632.06        18746.98       125459.46
Dirty                       0.02            0.00            0.00            0.00            0.02
Writeback                   0.00            0.00            0.00            0.00            0.00
FilePages               46999.13         3805.20        25112.19        18728.57        94645.09
AnonPages                5788.14          367.98         4656.25           15.35        10827.72
PageTables                 84.96           18.66            8.62            0.00          112.25
WritebackTmp                0.00            0.00            0.00            0.00            0.00
MemTotal                63854.68        64492.78       514048.00       514048.00      1156443.45
MemFree                   508.33        51757.20       483412.50       495301.02      1030979.05
MemUsed                 63346.34        12735.58        30635.50        18746.98       125464.40
Dirty                       0.01            0.00            0.00            0.00            0.02
Writeback                   0.00            0.00            0.00            0.00            0.00
FilePages               46999.13         3805.20        25112.20        18728.57        94645.10
AnonPages                5788.15          367.95         4656.06           15.35        10827.51
PageTables                 84.96           18.61            8.70            0.00          112.27
WritebackTmp                0.00            0.00            0.00            0.00            0.00
MemTotal                63854.68        64492.78       514048.00       514048.00      1156443.45
MemFree                   508.96        51757.30       483407.32       495301.02      1030974.60
MemUsed                 63345.72        12735.47        30640.68        18746.98       125468.85
Dirty                       0.04            0.00            0.00            0.00            0.04
Writeback                   0.00            0.00            0.00            0.00            0.00
FilePages               46999.13         3805.20        25112.21        18728.57        94645.11
AnonPages                5787.83          367.98         4656.35           15.35        10827.50
PageTables                 84.97           18.61            8.73            0.00          112.30
WritebackTmp                0.00            0.00            0.00            0.00            0.00
MemTotal                63854.68        64492.78       514048.00       514048.00      1156443.45
MemFree                   510.34        51758.31       483396.00       495301.02      1030965.68
MemUsed                 63344.34        12734.46        30652.00        18746.98       125477.77
Dirty                       0.03            0.00            0.00            0.00            0.04
Writeback                   0.00            0.00            0.00            0.00            0.00
FilePages               46999.13         3805.21        25112.22        18728.57        94645.13
AnonPages                5787.55          367.63         4656.38           15.35        10826.91
PageTables                 84.98           18.66            8.70            0.00          112.34
WritebackTmp                0.00            0.00            0.00            0.00            0.00
MemTotal                63854.68        64492.78       514048.00       514048.00      1156443.45
MemFree                   511.00        51754.39       483385.55       495301.02      1030951.97
MemUsed                 63343.68        12738.38        30662.45        18746.98       125491.48
Dirty                       0.18            0.21            0.14            0.01            0.54
Writeback                   0.00            0.00            0.00            0.00            0.00
FilePages               46999.13         3805.26        25112.23        18728.57        94645.19
AnonPages                5782.96          371.55         4657.47           15.35        10827.33
PageTables                 84.98           18.66            8.72            0.00          112.36
WritebackTmp                0.00            0.00            0.00            0.00            0.00
MemTotal                63854.68        64492.78       514048.00       514048.00      1156443.45
MemFree                   507.34        51753.67       483387.89       495301.02      1030949.92
MemUsed                 63347.34        12739.11        30660.11        18746.98       125493.53
Dirty                       0.13            0.17            0.00            0.00            0.31
Writeback                   0.00            0.00            0.00            0.00            0.00
FilePages               46999.13         3805.26        25112.25        18728.57        94645.21
AnonPages                5782.47          372.05         4657.76           15.35        10827.62
PageTables                 84.99           18.61            8.79            0.00          112.38
WritebackTmp                0.00            0.00            0.00            0.00            0.00
MemTotal                63854.68        64492.78       514048.00       514048.00      1156443.45
MemFree                   510.96        51752.05       483380.14       495301.02      1030944.18
MemUsed                 63343.71        12740.72        30667.86        18746.98       125499.28
Dirty                       0.03            0.00            0.00            0.00            0.03
Writeback                   0.00            0.00            0.00            0.00            0.00
FilePages               46999.13         3805.26        25112.27        18728.57        94645.23
AnonPages                5781.27          372.86         4659.54           15.35        10829.03
PageTables                 84.99           18.61            8.80            0.00          112.40
WritebackTmp                0.00            0.00            0.00            0.00            0.00
MemTotal                63854.68        64492.78       514048.00       514048.00      1156443.45
MemFree                   511.20        51752.34       483373.23       495301.02      1030937.80
MemUsed                 63343.48        12740.43        30674.77        18746.98       125505.65
Dirty                       0.04            0.00            0.00            0.00            0.04
Writeback                   0.00            0.00            0.00            0.00            0.00
FilePages               46999.13         3805.26        25112.29        18728.57        94645.24
AnonPages                5781.29          373.08         4659.31           15.35        10829.03
PageTables                 84.99           18.68            8.77            0.00          112.44
WritebackTmp                0.00            0.00            0.00            0.00            0.00
MemTotal                63854.68        64492.78       514048.00       514048.00      1156443.45
MemFree                   511.91        51752.93       483369.06       495301.02      1030934.93
MemUsed                 63342.77        12739.84        30678.94        18746.98       125508.53
Dirty                       0.03            0.00            0.00            0.00            0.03
Writeback                   0.00            0.00            0.00            0.00            0.00
FilePages               46999.13         3805.26        25112.29        18728.57        94645.25
AnonPages                5781.43          373.19         4659.89           15.35        10829.86
PageTables                 85.00           18.61            8.84            0.00          112.44
WritebackTmp                0.00            0.00            0.00            0.00            0.00
MemTotal                63854.68        64492.78       514048.00       514048.00      1156443.45
MemFree                   510.93        51752.18       483359.81       495301.02      1030923.94
MemUsed                 63343.75        12740.60        30688.19        18746.98       125519.52
Dirty                       0.03            0.00            0.00            0.00            0.03
Writeback                   0.00            0.00            0.00            0.00            0.00
FilePages               46999.13         3805.26        25112.31        18728.57        94645.27
AnonPages                5780.66          374.15         4660.74           15.35        10830.90
PageTables                 85.00           18.66            8.80            0.00          112.46
WritebackTmp                0.00            0.00            0.00            0.00            0.00
MemTotal                63854.68        64492.78       514048.00       514048.00      1156443.45
MemFree                   510.73        51752.67       483355.24       495301.02      1030919.66
MemUsed                 63343.95        12740.11        30692.76        18746.98       125523.79
Dirty                       0.03            0.00            0.00            0.00            0.03
Writeback                   0.00            0.00            0.00            0.00            0.00
FilePages               46999.13         3805.26        25112.32        18728.57        94645.29
AnonPages                5779.86          373.75         4662.87           15.35        10831.82
PageTables                 85.00           18.61            8.88            0.00          112.49
WritebackTmp                0.00            0.00            0.00            0.00            0.00
MemTotal                63854.68        64492.78       514048.00       514048.00      1156443.45
MemFree                   511.02        51753.28       483345.16       495301.02      1030910.49
MemUsed                 63343.66        12739.50        30702.84        18746.98       125532.96
Dirty                       0.04            0.01            0.00            0.00            0.04
Writeback                   0.00            0.00            0.00            0.00            0.00
FilePages               46999.14         3805.26        25112.33        18728.57        94645.30
AnonPages                5780.03          373.75         4663.37           15.35        10832.49
PageTables                 85.00           18.61            8.89            0.00          112.51
WritebackTmp                0.00            0.00            0.00            0.00            0.00
MemTotal                63854.68        64492.78       514048.00       514048.00      1156443.45
MemFree                   511.59        51751.83       483340.62       495301.02      1030905.07
MemUsed                 63343.09        12740.95        30707.38        18746.98       125538.38
Dirty                       0.03            0.00            0.00            0.00            0.03
Writeback                   0.00            0.00            0.00            0.00            0.00
FilePages               46999.14         3805.26        25112.35        18728.57        94645.32
AnonPages                5780.21          373.90         4663.66           15.35        10833.12
PageTables                 85.00           18.64            9.11            0.00          112.75
WritebackTmp                0.00            0.00            0.00            0.00            0.00
MemTotal                63854.68        64492.78       514048.00       514048.00      1156443.45
MemFree                   511.19        51753.24       483339.07       495301.02      1030904.53
MemUsed                 63343.49        12739.54        30708.93        18746.98       125538.93
Dirty                       0.02            0.00            0.00            0.00            0.02
Writeback                   0.00            0.00            0.00            0.00            0.00
FilePages               46999.14         3805.26        25112.36        18728.57        94645.32
AnonPages                5780.02          373.77         4664.16           15.35        10833.30
PageTables                 84.95           18.64            9.14            0.00          112.73
WritebackTmp                0.00            0.00            0.00            0.00            0.00
MemTotal                63854.68        64492.78       514048.00       514048.00      1156443.45
MemFree                   510.88        51752.04       483342.52       495301.02      1030906.46
MemUsed                 63343.80        12740.73        30705.48        18746.98       125537.00
Dirty                       0.02            0.00            0.00            0.00            0.02
Writeback                   0.00            0.00            0.00            0.00            0.00
FilePages               46999.14         3805.27        25112.36        18728.57        94645.34
AnonPages                5780.73          374.28         4663.72           15.35        10834.08
PageTables                 84.95           19.16            8.91            0.00          113.02
WritebackTmp                0.00            0.00            0.00            0.00            0.00
