MemTotal                63854.68        64492.78       514048.00       514048.00      1156443.45
MemFree                 15150.23          211.40       311624.84       472304.47       799290.94
MemUsed                 48704.45        64281.38       202423.16        41743.53       357152.51
Dirty                    8155.59            0.00         4011.12            0.00        12166.70
Writeback                 135.21            0.00            0.00            0.00          135.21
FilePages               35792.31        54228.06       201592.62        41714.14       333327.14
AnonPages                 673.25           66.25            3.52            0.01          743.03
PageTables                 45.05            2.16            0.10            0.00           47.32
WritebackTmp                0.00            0.00            0.00            0.00            0.00
MemTotal                63854.68        64492.78       514048.00       514048.00      1156443.45
MemFree                  4532.10          211.33       311047.56       472304.47       788095.46
MemUsed                 59322.57        64281.45       203000.44        41743.53       368348.00
Dirty                    8608.89            0.07         4588.97            0.00        13197.93
Writeback                  38.42            0.00            0.00            0.00           38.42
FilePages               38356.57        54228.09       202170.47        41714.14       336469.28
AnonPages                8613.86           66.25            3.52            0.01         8683.64
PageTables                 60.25            2.16            0.10            0.00           62.52
WritebackTmp                0.00            0.00            0.00            0.00            0.00
MemTotal                63854.68        64492.78       514048.00       514048.00      1156443.45
MemFree                   325.29          210.62       309080.05       472304.47       781920.43
MemUsed                 63529.39        64282.16       204967.95        41743.53       374523.03
Dirty                    6756.03            0.00         4721.04            0.00        11477.07
Writeback                  31.62            0.00           24.38            0.00           56.00
FilePages               38583.10        54228.32       202481.04        41714.14       337006.61
AnonPages               12577.28           65.82         1647.24            0.01        14290.35
PageTables                 68.18            2.16            3.23            0.00           73.57
WritebackTmp                0.00            0.00            0.00            0.00            0.00
MemTotal                63854.68        64492.78       514048.00       514048.00      1156443.45
MemFree                   326.57          210.19       303562.37       472304.47       776403.59
MemUsed                 63528.11        64282.59       210485.63        41743.53       380039.86
Dirty                    5426.80            0.08         4521.29            0.00         9948.17
Writeback                   8.23            0.00            0.04            0.00            8.27
FilePages               34853.30        54228.52       206858.28        41714.14       337654.24
AnonPages               16290.45           65.85         2760.61            0.01        19116.92
PageTables                 75.23            2.16            5.45            0.00           82.84
WritebackTmp                0.00            0.00            0.00            0.00            0.00
MemTotal                63854.68        64492.78       514048.00       514048.00      1156443.45
MemFree                   326.70          208.61       298185.63       472304.47       771025.40
MemUsed                 63527.98        64284.17       215862.37        41743.53       385418.05
Dirty                    4291.34            0.15         3626.43            0.00         7917.92
Writeback                   0.00            0.00           23.74            0.00           23.74
FilePages               32219.45        54228.86       210837.14        41714.14       338999.60
AnonPages               18899.02           65.86         4137.37            0.01        23102.26
PageTables                 80.48            2.16            8.15            0.00           90.79
WritebackTmp                0.00            0.00            0.00            0.00            0.00
MemTotal                63854.68        64492.78       514048.00       514048.00      1156443.45
MemFree                   325.77          207.53       293315.29       472304.47       766153.05
MemUsed                 63528.91        64285.25       220732.71        41743.53       390290.40
Dirty                    4161.14            0.26         2192.86            0.00         6354.26
Writeback                 112.00            0.00            0.00            0.00          112.00
FilePages               29239.83        54229.08       214381.27        41714.14       339564.32
AnonPages               21866.55           65.88         5445.37            0.01        27377.80
PageTables                 86.23            2.16           10.75            0.00           99.15
WritebackTmp                0.00            0.00            0.00            0.00            0.00
MemTotal                63854.68        64492.78       514048.00       514048.00      1156443.45
MemFree                   335.32          207.81       287989.79       472304.47       760837.39
MemUsed                 63519.36        64284.97       226058.21        41743.53       395606.07
Dirty                    1921.93            0.32         2233.36            0.00         4155.61
Writeback                   7.88            0.00           15.12            0.00           22.99
FilePages               26067.20        54229.35       218178.68        41714.14       340189.37
AnonPages               25010.99           65.90         6934.64            0.01        32011.54
PageTables                 92.47            2.16           13.46            0.00          108.10
WritebackTmp                0.00            0.00            0.00            0.00            0.00
MemTotal                63854.68        64492.78       514048.00       514048.00      1156443.45
MemFree                  6102.87          113.56       279759.77       472304.47       758280.68
MemUsed                 57751.80        64379.21       234288.23        41743.53       398162.78
Dirty                     949.13           89.74          905.08            0.00         1943.95
Writeback                 269.02            0.00          291.10            0.00          560.12
FilePages               26015.63        54318.91       218373.74        41714.14       340422.43
AnonPages               19277.85           65.97        14951.48            0.01        34295.30
PageTables                 92.81            2.16           29.56            0.00          124.53
WritebackTmp                0.00            0.00            0.00            0.00            0.00
MemTotal                63854.68        64492.78       514048.00       514048.00      1156443.45
MemFree                  4045.32          247.81       279784.23       472158.53       756235.89
MemUsed                 59809.36        64244.97       234263.77        41889.47       400207.57
Dirty                     400.75           89.82           53.60            0.00          544.17
Writeback                   0.00            0.00            0.00            0.00            0.00
FilePages               26229.19        54173.12       218373.74        41860.09       340636.13
AnonPages               20951.98           77.27        14951.23            0.01        35980.50
PageTables                261.28            2.25           29.50            0.00          293.04
WritebackTmp                0.00            0.00            0.00            0.00            0.00
MemTotal                63854.68        64492.78       514048.00       514048.00      1156443.45
MemFree                  2887.41          259.48       279795.89       472158.53       755101.30
MemUsed                 60967.27        64233.30       234252.11        41889.47       401342.15
Dirty                    1481.59           89.84           40.89            0.00         1612.32
Writeback                   4.43            0.00            3.45            0.00            7.88
FilePages               27327.37        54173.14       218373.74        41860.09       341734.33
AnonPages               20949.03           66.00        14951.09            0.01        35966.13
PageTables                296.38            2.22           29.50            0.00          328.10
WritebackTmp                0.00            0.00            0.00            0.00            0.00
MemTotal                63854.68        64492.78       514048.00       514048.00      1156443.45
MemFree                  2475.01          259.92       279799.80       472158.53       754693.25
MemUsed                 61379.66        64232.86       234248.20        41889.47       401750.20
Dirty                     225.54            0.04            0.01            0.00          225.59
Writeback                   0.00            0.00            0.00            0.00            0.00
FilePages               27726.96        54173.34       218373.74        41860.09       342134.12
AnonPages               20949.38           66.04        14951.07            0.01        35966.49
PageTables                296.41            2.22           29.50            0.00          328.13
WritebackTmp                0.00            0.00            0.00            0.00            0.00
MemTotal                63854.68        64492.78       514048.00       514048.00      1156443.45
MemFree                  1410.01          259.53       279801.54       472158.53       753629.60
MemUsed                 62444.67        64233.25       234246.46        41889.47       402813.85
Dirty                    1241.77            0.07            0.01            0.00         1241.86
Writeback                   0.00            0.00            0.00            0.00            0.00
FilePages               28743.21        54173.34       218373.74        41860.09       343150.38
AnonPages               20963.76           66.07        14951.07            0.01        35980.90
PageTables                296.67            2.22           29.50            0.00          328.39
WritebackTmp                0.00            0.00            0.00            0.00            0.00
MemTotal                63854.68        64492.78       514048.00       514048.00      1156443.45
MemFree                   420.35          260.03       279804.77       472158.53       752643.67
MemUsed                 63434.32        64232.75       234243.23        41889.47       403799.78
Dirty                    2216.74            0.07            0.00            0.00         2216.81
Writeback                   0.00            0.00            0.00            0.00            0.00
FilePages               29718.19        54173.35       218373.74        41860.09       344125.37
AnonPages               20949.97           66.09        14951.07            0.01        35967.14
PageTables                296.41            2.22           29.50            0.00          328.13
WritebackTmp                0.00            0.00            0.00            0.00            0.00
MemTotal                63854.68        64492.78       514048.00       514048.00      1156443.45
MemFree                  3012.22          259.89       279217.65       472158.53       754648.29
MemUsed                 60842.46        64232.89       234830.35        41889.47       401795.16
Dirty                    2483.90            0.07          568.45            0.00         3052.42
Writeback                   0.00            0.00            0.00            0.00            0.00
FilePages               29985.36        54173.35       218942.21        41860.09       344961.00
AnonPages               18071.26           66.14        14951.13            0.01        33088.54
PageTables                296.41            2.22           29.50            0.00          328.13
WritebackTmp                0.00            0.00            0.00            0.00            0.00
MemTotal                63854.68        64492.78       514048.00       514048.00      1156443.45
MemFree                   325.52          259.16       278396.84       472158.53       751140.04
MemUsed                 63529.16        64233.62       235651.16        41889.47       405303.42
Dirty                    2735.45            0.07          921.80            0.00         3657.32
Writeback                   0.00            0.00            0.00            0.00            0.00
FilePages               30073.95        54173.36       219458.54        41860.09       345565.93
AnonPages               20673.70           66.15        15226.68            0.01        35966.54
PageTables                296.27            2.22           29.64            0.00          328.13
WritebackTmp                0.00            0.00            0.00            0.00            0.00
MemTotal                63854.68        64492.78       514048.00       514048.00      1156443.45
MemFree                   320.08          259.38       277491.63       472158.53       750229.61
MemUsed                 63534.60        64233.40       236556.37        41889.47       406213.84
Dirty                    3575.07            0.08         1046.18            0.00         4621.32
Writeback                   0.00            0.00            0.00            0.00            0.00
FilePages               30217.68        54173.36       220278.81        41860.09       346529.94
AnonPages               20493.98           66.16        15287.84            0.01        35847.98
PageTables                291.85            2.22           29.57            0.00          323.64
WritebackTmp                0.00            0.00            0.00            0.00            0.00
MemTotal                63854.68        64492.78       514048.00       514048.00      1156443.45
MemFree                   312.92          259.87       277028.67       472158.53       749759.99
MemUsed                 63541.76        64232.91       237019.33        41889.47       406683.46
Dirty                    3166.63            0.00         1402.94            0.00         4569.57
Writeback                   9.11            0.00            0.00            0.00            9.11
FilePages               30218.00        54173.38       220635.59        41860.09       346887.05
AnonPages               20511.94           66.09        15388.85            0.01        35966.89
PageTables                296.02            2.16           29.95            0.00          328.13
WritebackTmp                0.00            0.00            0.00            0.00            0.00
MemTotal                63854.68        64492.78       514048.00       514048.00      1156443.45
MemFree                   317.65          259.38       276867.04       472158.53       749602.60
MemUsed                 63537.02        64233.40       237180.96        41889.47       406840.86
Dirty                    1265.73            0.04          992.27            0.00         2258.03
Writeback                   0.00            0.00            5.47            0.00            5.47
FilePages               30218.00        54173.66       220788.45        41860.09       347040.19
AnonPages               20511.94           66.18        15388.91            0.01        35967.04
PageTables                296.02            2.22           29.89            0.00          328.13
WritebackTmp                0.00            0.00            0.00            0.00            0.00
MemTotal                63854.68        64492.78       514048.00       514048.00      1156443.45
MemFree                   310.84          258.67       276704.89       472158.53       749432.93
MemUsed                 63543.84        64234.11       237343.11        41889.47       407010.52
Dirty                      55.99            0.12          453.52            0.00          509.63
Writeback                   0.32            0.00           13.24            0.00           13.56
FilePages               30273.98        54173.83       220885.40        41860.09       347193.30
AnonPages               20457.85           66.19        15443.15            0.01        35967.20
PageTables                295.92            2.22           29.99            0.00          328.13
WritebackTmp                0.00            0.00            0.00            0.00            0.00
MemTotal                63854.68        64492.78       514048.00       514048.00      1156443.45
MemFree                   316.37          256.54       276283.61       472158.53       749015.05
MemUsed                 63538.30        64236.24       237764.39        41889.47       407428.41
Dirty                       0.01            0.18          367.32            0.00          367.51
Writeback                   0.00            0.00            0.00            0.00            0.00
FilePages               30273.98        54173.91       221294.88        41860.09       347602.85
AnonPages               20456.29           67.75        15443.34            0.01        35967.39
PageTables                295.92            2.16           30.04            0.00          328.13
WritebackTmp                0.00            0.00            0.00            0.00            0.00
MemTotal                63854.68        64492.78       514048.00       514048.00      1156443.45
MemFree                   325.67          256.48       275452.43       472158.53       748193.11
MemUsed                 63529.01        64236.29       238595.57        41889.47       408250.35
Dirty                     564.66            0.17          582.48            0.00         1147.32
Writeback                   0.00            0.00            0.00            0.00            0.00
FilePages               30510.54        54173.91       221838.15        41860.09       348382.69
AnonPages               20183.30           67.82        15716.43            0.01        35967.56
PageTables                295.37            2.16           30.60            0.00          328.13
WritebackTmp                0.00            0.00            0.00            0.00            0.00
MemTotal                63854.68        64492.78       514048.00       514048.00      1156443.45
MemFree                   328.17          255.37       274935.50       472158.53       747677.57
MemUsed                 63526.50        64237.41       239112.50        41889.47       408765.88
Dirty                     979.53            0.18          673.53            0.00         1653.23
Writeback                   0.00            0.00            0.00            0.00            0.00
FilePages               30499.20        54173.92       222355.40        41860.09       348888.61
AnonPages               20183.52           67.84        15716.35            0.01        35967.71
PageTables                295.42            2.16           30.54            0.00          328.12
WritebackTmp                0.00            0.00            0.00            0.00            0.00
MemTotal                63854.68        64492.78       514048.00       514048.00      1156443.45
MemFree                   352.30          254.59       274484.14       472158.31       747249.34
MemUsed                 63502.38        64238.18       239563.86        41889.69       409194.11
Dirty                    1633.54            0.18          764.45            0.00         2398.16
Writeback                   0.00            0.00            0.00            0.00            0.00
FilePages               30577.39        54173.93       223021.93        41860.09       349633.34
AnonPages               20051.42           67.82        15497.29            0.01        35616.54
PageTables                289.91            2.16           29.66            0.00          321.73
WritebackTmp                0.00            0.00            0.00            0.00            0.00
MemTotal                63854.68        64492.78       514048.00       514048.00      1156443.45
MemFree                   376.10          254.45       273666.66       472158.50       746455.70
MemUsed                 63478.58        64238.33       240381.34        41889.50       409987.76
Dirty                    1977.26            0.00          864.66            0.00         2841.93
Writeback                   0.00            0.00            0.00            0.00            0.00
FilePages               30531.86        54173.93       223511.66        41860.09       350077.53
AnonPages               20077.84           67.94        15820.67            0.01        35966.45
PageTables                295.19            2.22           30.72            0.00          328.13
WritebackTmp                0.00            0.00            0.00            0.00            0.00
MemTotal                63854.68        64492.78       514048.00       514048.00      1156443.45
MemFree                   392.50          254.79       273072.85       472158.50       745878.63
MemUsed                 63462.18        64237.99       240975.15        41889.50       410564.82
Dirty                    2442.71            0.00          985.23            0.00         3427.95
Writeback                   0.00            0.00            0.00            0.00            0.00
FilePages               30510.77        54173.93       224118.79        41860.09       350663.58
AnonPages               20077.34           67.82        15820.49            0.01        35965.66
PageTables                295.24            2.16           30.72            0.00          328.13
WritebackTmp                0.00            0.00            0.00            0.00            0.00
MemTotal                63854.68        64492.78       514048.00       514048.00      1156443.45
MemFree                   384.52          254.80       272789.60       472158.50       745587.41
MemUsed                 63470.16        64237.98       241258.40        41889.50       410856.04
Dirty                    1413.16            0.01          274.91            0.00         1688.07
Writeback                  40.76            0.00            3.94            0.00           44.70
FilePages               30331.79        54174.10       224650.61        41860.09       351016.59
AnonPages               20228.80           67.81        15548.36            0.01        35844.97
PageTables                292.51            2.16           29.85            0.00          324.53
WritebackTmp                0.00            0.00            0.00            0.00            0.00
MemTotal                63854.68        64492.78       514048.00       514048.00      1156443.45
MemFree                   560.27          256.54       272311.68       472158.50       745286.98
MemUsed                 63294.41        64236.24       241736.32        41889.50       411156.47
Dirty                     178.40            0.09            8.72            0.00          187.21
Writeback                  11.60            0.00            2.46            0.00           14.06
FilePages               30138.35        54174.30       225032.86        41860.09       351205.59
AnonPages               20249.96           67.93        15649.29            0.01        35967.19
PageTables                295.61            2.22           30.39            0.00          328.22
WritebackTmp                0.00            0.00            0.00            0.00            0.00
MemTotal                63854.68        64492.78       514048.00       514048.00      1156443.45
MemFree                   350.96          256.30       271765.28       472158.50       744531.03
MemUsed                 63503.72        64236.48       242282.72        41889.50       411912.42
Dirty                     620.50            0.13           93.48            0.00          714.11
Writeback                   0.00            0.00            0.00            0.00            0.00
FilePages               30329.50        54174.32       225582.65        41860.09       351946.55
AnonPages               20249.05           67.56        15649.20            0.01        35965.81
PageTables                295.52            2.22           30.39            0.00          328.14
WritebackTmp                0.00            0.00            0.00            0.00            0.00
MemTotal                63854.68        64492.78       514048.00       514048.00      1156443.45
MemFree                   339.54          256.02       271095.55       472158.50       743849.61
MemUsed                 63515.13        64236.76       242952.45        41889.50       412593.85
Dirty                    1196.47            0.13          172.54            0.00         1369.15
Writeback                   0.00            0.00            0.00            0.00            0.00
FilePages               30405.55        54174.32       226161.66        41860.09       352601.62
AnonPages               20164.17           67.50        15734.50            0.01        35966.18
PageTables                295.39            2.16           30.58            0.00          328.13
WritebackTmp                0.00            0.00            0.00            0.00            0.00
MemTotal                63854.68        64492.78       514048.00       514048.00      1156443.45
MemFree                   393.70          256.02       270624.34       472158.50       743432.54
MemUsed                 63460.98        64236.76       243423.66        41889.50       413010.91
Dirty                    1504.75            0.14          256.34            0.00         1761.23
Writeback                   0.00            0.00            0.00            0.00            0.00
FilePages               30336.58        54174.32       226622.65        41860.09       352993.64
AnonPages               20171.03           67.50        15741.85            0.01        35980.39
PageTables                295.64            2.16           30.64            0.00          328.44
WritebackTmp                0.00            0.00            0.00            0.00            0.00
MemTotal                63854.68        64492.78       514048.00       514048.00      1156443.45
MemFree                   437.07          256.02       269971.86       472158.50       742823.45
MemUsed                 63417.61        64236.76       244076.14        41889.50       413620.01
Dirty                    1993.97            0.00          399.07            0.00         2393.05
Writeback                   0.00            0.00            0.00            0.00            0.00
FilePages               30299.37        54174.32       227291.91        41860.09       353625.69
AnonPages               20164.71           67.45        15734.56            0.01        35966.73
PageTables                295.45            2.11           30.58            0.00          328.13
WritebackTmp                0.00            0.00            0.00            0.00            0.00
MemTotal                63854.68        64492.78       514048.00       514048.00      1156443.45
MemFree                   471.91          256.04       269193.26       472158.50       742079.71
MemUsed                 63382.77        64236.73       244854.74        41889.50       414363.75
Dirty                    2594.01            0.01          492.54            0.00         3086.56
Writeback                   0.00            0.00            0.00            0.00            0.00
FilePages               30445.51        54174.32       227839.30        41860.09       354319.22
AnonPages               19951.30           67.52        15947.42            0.01        35966.24
PageTables                295.03            2.11           30.99            0.00          328.13
WritebackTmp                0.00            0.00            0.00            0.00            0.00
MemTotal                63854.68        64492.78       514048.00       514048.00      1156443.45
MemFree                   501.75          256.04       268807.16       472158.50       741723.45
MemUsed                 63352.93        64236.73       245240.84        41889.50       414720.00
Dirty                    2891.98            0.00          559.34            0.00         3451.32
Writeback                   0.00            0.00            0.00            0.00            0.00
FilePages               30415.15        54174.32       228234.45        41860.09       354684.01
AnonPages               19951.91           67.53        15947.75            0.01        35967.20
PageTables                295.36            2.11           31.02            0.00          328.48
WritebackTmp                0.00            0.00            0.00            0.00            0.00
MemTotal                63854.68        64492.78       514048.00       514048.00      1156443.45
MemFree                   756.71          254.62       268286.85       472158.50       741456.67
MemUsed                 63097.97        64238.16       245761.15        41889.50       414986.79
Dirty                    1288.53            0.00          203.02            0.00         1491.55
Writeback                  12.20            0.00            2.57            0.00           14.77
FilePages               30146.23        54174.52       228761.76        41860.09       354942.60
AnonPages               19956.10           67.63        15947.41            0.01        35971.14
PageTables                295.48            2.16           30.98            0.00          328.62
WritebackTmp                0.00            0.00            0.00            0.00            0.00
MemTotal                63854.68        64492.78       514048.00       514048.00      1156443.45
MemFree                   374.11          253.65       268401.32       472158.50       741187.58
MemUsed                 63480.56        64239.12       245646.68        41889.50       415255.87
Dirty                      52.07            0.07            0.01            0.00           52.15
Writeback                   0.00            0.00            0.00            0.00            0.00
FilePages               30154.12        54174.71       228992.16        41860.09       355181.07
AnonPages               20314.15           67.64        15585.27            0.01        35967.07
PageTables                295.75            2.11           30.27            0.00          328.13
WritebackTmp                0.00            0.00            0.00            0.00            0.00
MemTotal                63854.68        64492.78       514048.00       514048.00      1156443.45
MemFree                   440.33          253.66       267835.83       472158.50       740688.31
MemUsed                 63414.35        64239.12       246212.17        41889.50       415755.14
Dirty                     448.21            0.13           90.53            0.00          538.87
Writeback                   0.00            0.00            0.00            0.00            0.00
FilePages               30085.96        54174.71       229547.69        41860.09       355668.45
AnonPages               20313.08           67.52        15585.25            0.01        35965.86
PageTables                295.86            2.11           30.73            0.00          328.70
WritebackTmp                0.00            0.00            0.00            0.00            0.00
MemTotal                63854.68        64492.78       514048.00       514048.00      1156443.45
MemFree                   523.91          253.66       267165.41       472158.50       740101.48
MemUsed                 63330.77        64239.11       246882.59        41889.50       416341.97
Dirty                     858.38            0.13          266.54            0.00         1125.06
Writeback                   0.00            0.00            0.00            0.00            0.00
FilePages               29992.53        54174.71       230227.35        41860.09       356254.67
AnonPages               20313.05           67.55        15585.34            0.01        35965.95
PageTables                296.73            2.11           30.27            0.00          329.11
WritebackTmp                0.00            0.00            0.00            0.00            0.00
MemTotal                63854.68        64492.78       514048.00       514048.00      1156443.45
MemFree                   524.13          253.67       266248.80       472158.50       739185.10
MemUsed                 63330.54        64239.11       247799.20        41889.50       417258.35
Dirty                    1624.90            0.00          367.63            0.00         1992.54
Writeback                   0.00            0.00            0.00            0.00            0.00
FilePages               29902.75        54174.71       231184.77        41860.09       357122.31
AnonPages               20366.98           67.55        15531.91            0.01        35966.45
PageTables                295.81            2.11           30.21            0.00          328.13
WritebackTmp                0.00            0.00            0.00            0.00            0.00
MemTotal                63854.68        64492.78       514048.00       514048.00      1156443.45
MemFree                   523.52          253.68       265663.69       472158.50       738599.38
MemUsed                 63331.16        64239.10       248384.31        41889.50       417844.07
Dirty                    2145.97            0.00          448.68            0.00         2594.65
Writeback                   0.00            0.00            0.00            0.00            0.00
FilePages               29900.35        54174.71       231789.29        41860.09       357724.43
AnonPages               20367.43           67.61        15531.81            0.01        35966.87
PageTables                295.81            2.11           30.21            0.00          328.13
WritebackTmp                0.00            0.00            0.00            0.00            0.00
MemTotal                63854.68        64492.78       514048.00       514048.00      1156443.45
MemFree                   409.21          253.68       264933.11       472158.50       737754.50
MemUsed                 63445.46        64239.09       249114.89        41889.50       418688.96
Dirty                    2827.27            0.00          559.38            0.00         3386.66
Writeback                   0.00            0.00            0.00            0.00            0.00
FilePages               29916.04        54174.71       232565.65        41860.09       358516.48
AnonPages               20431.89           67.80        15466.74            0.01        35966.44
PageTables                295.91            2.16           30.05            0.00          328.13
WritebackTmp                0.00            0.00            0.00            0.00            0.00
MemTotal                63854.68        64492.78       514048.00       514048.00      1156443.45
MemFree                   538.97          253.45       264330.06       472158.50       737280.98
MemUsed                 63315.70        64239.33       249717.94        41889.50       419162.47
Dirty                    2946.60            0.01          679.16            0.00         3625.77
Writeback                  11.81            0.00            8.86            0.00           20.67
FilePages               29764.98        54174.71       233159.58        41860.09       358959.36
AnonPages               20443.25           67.86        15468.94            0.01        35980.05
PageTables                296.06            2.16           30.05            0.00          328.28
WritebackTmp                0.00            0.00            0.00            0.00            0.00
MemTotal                63854.68        64492.78       514048.00       514048.00      1156443.45
MemFree                  1013.18          252.54       263652.16       472158.50       737076.38
MemUsed                 62841.50        64240.23       250395.84        41889.50       419367.08
Dirty                    1404.47            0.07          287.65            0.00         1692.19
Writeback                  14.63            0.00            0.21            0.00           14.84
FilePages               29335.00        54174.93       233842.43        41860.09       359212.45
AnonPages               20398.82           68.09        15462.31            0.01        35929.22
PageTables                295.91            2.20           30.05            0.00          328.17
WritebackTmp                0.00            0.00            0.00            0.00            0.00
MemTotal                63854.68        64492.78       514048.00       514048.00      1156443.45
MemFree                   349.61          253.30       263917.30       472158.50       736678.70
MemUsed                 63505.07        64239.48       250130.70        41889.50       419764.75
Dirty                      26.54            0.14          111.68            0.00          138.36
Writeback                   0.40            0.00            0.00            0.00            0.40
FilePages               29437.01        54175.12       234108.29        41860.09       359580.50
AnonPages               20948.20           68.06        14951.23            0.01        35967.50
PageTables                296.46            2.16           29.50            0.00          328.13
WritebackTmp                0.00            0.00            0.00            0.00            0.00
MemTotal                63854.68        64492.78       514048.00       514048.00      1156443.45
MemFree                   456.31          216.20       262976.04       472158.50       735807.04
MemUsed                 63398.37        64276.57       251071.96        41889.50       420636.41
Dirty                     498.43           35.65           29.73            0.00          563.81
Writeback                   9.15            0.00            0.24            0.00            9.39
FilePages               29344.97        54210.79       235008.64        41860.09       360424.48
AnonPages               20907.48           68.15        14991.81            0.01        35967.45
PageTables                296.40            2.16           29.57            0.00          328.13
WritebackTmp                0.00            0.00            0.00            0.00            0.00
MemTotal                63854.68        64492.78       514048.00       514048.00      1156443.45
MemFree                  1754.62           71.60       262878.84       471585.62       736290.68
MemUsed                 62100.05        64421.18       251169.16        42462.38       420152.77
Dirty                     227.31           75.22            0.01          552.86          855.40
Writeback                   0.00            0.00            0.00            0.00            0.00
FilePages               29453.84        54349.19       235127.09        42412.94       361343.07
AnonPages               19482.18           68.16        14977.77            0.04        34528.15
PageTables                296.40            2.16           29.57            0.00          328.13
WritebackTmp                0.00            0.00            0.00            0.00            0.00
MemTotal                63854.68        64492.78       514048.00       514048.00      1156443.45
MemFree                   323.20          207.02       262210.48       471437.97       734178.67
MemUsed                 63531.48        64285.76       251837.52        42610.03       422264.79
Dirty                     449.25           75.23          412.19          552.86         1489.52
Writeback                   0.00            0.00            0.00            0.00            0.00
FilePages               29675.78        54203.04       235539.30        42559.10       361977.21
AnonPages               20702.61           79.38        15197.04            0.22        35979.23
PageTables                296.32            2.29           29.63            0.05          328.30
WritebackTmp                0.00            0.00            0.00            0.00            0.00
MemTotal                63854.68        64492.78       514048.00       514048.00      1156443.45
MemFree                   339.59          218.41       261484.72       471440.79       733483.52
MemUsed                 63515.08        64274.36       252563.28        42607.21       422959.94
Dirty                     720.97           75.22          845.39          552.86         2194.44
Writeback                   0.00            0.00            0.00            0.00            0.00
FilePages               29662.64        54203.04       236257.39        42559.10       362682.16
AnonPages               20701.52           68.21        15197.30            0.06        35967.09
PageTables                296.32            2.16           29.65            0.00          328.13
WritebackTmp                0.00            0.00            0.00            0.00            0.00
MemTotal                63854.68        64492.78       514048.00       514048.00      1156443.45
MemFree                   352.58          218.63       260857.27       471441.80       732870.29
MemUsed                 63502.10        64274.14       253190.73        42606.20       423573.17
Dirty                    1094.03           75.23         1028.73          552.86         2750.84
Writeback                   0.00            0.00            0.00            0.00            0.00
FilePages               29766.85        54203.04       236709.57        42559.10       363238.55
AnonPages               20558.48           68.32        15340.51            0.06        35967.37
PageTables                296.18            2.16           29.79            0.00          328.13
WritebackTmp                0.00            0.00            0.00            0.00            0.00
MemTotal                63854.68        64492.78       514048.00       514048.00      1156443.45
MemFree                   336.87          217.59       260090.03       471442.21       732086.70
MemUsed                 63517.80        64275.19       253957.97        42605.79       424356.76
Dirty                    1782.29           75.23         1123.72          552.86         3534.10
Writeback                   0.00            0.00            0.00            0.00            0.00
FilePages               29772.93        54203.04       237486.61        42559.10       364021.68
AnonPages               20558.22           68.66        15340.50            0.06        35967.45
PageTables                296.30            2.16           29.79            0.00          328.25
WritebackTmp                0.00            0.00            0.00            0.00            0.00
MemTotal                63854.68        64492.78       514048.00       514048.00      1156443.45
MemFree                   313.32          217.71       259384.91       471442.23       731358.18
MemUsed                 63541.35        64275.06       254663.09        42605.77       425085.28
Dirty                    2158.84           75.23         1425.85          552.86         4212.77
Writeback                   0.00            0.00            0.00            0.00            0.00
FilePages               29927.57        54203.04       238010.82        42559.10       364700.53
AnonPages               20401.75           68.57        15497.31            0.06        35967.70
PageTables                295.86            2.16           30.11            0.00          328.13
WritebackTmp                0.00            0.00            0.00            0.00            0.00
MemTotal                63854.68        64492.78       514048.00       514048.00      1156443.45
MemFree                   508.39          219.43       259205.11       471442.23       731375.15
MemUsed                 63346.29        64273.35       254842.89        42605.77       425068.30
Dirty                    1595.53            0.10          604.61            0.00         2200.24
Writeback                   5.91            0.00            1.97            0.00            7.88
FilePages               29746.55        54203.09       238208.62        42559.10       364717.36
AnonPages               20401.88           67.38        15496.35            0.04        35965.64
PageTables                295.86            1.80           30.11            0.00          327.77
WritebackTmp                0.00            0.00            0.00            0.00            0.00
MemTotal                63854.68        64492.78       514048.00       514048.00      1156443.45
MemFree                 20235.73          220.67       274720.86       471442.25       766619.52
MemUsed                 43618.94        64272.11       239327.14        42605.75       389823.94
Dirty                       0.00            0.09            0.00            0.00            0.09
Writeback                   0.00            0.00            0.00            0.00            0.00
FilePages               29746.58        54203.32       238208.62        42559.10       364717.61
AnonPages                 671.47           67.21            4.43            0.04          743.15
PageTables                288.15            1.74           13.83            0.00          303.72
WritebackTmp                0.00            0.00            0.00            0.00            0.00
