MemTotal                63888.29        64466.73       514048.00       514048.00      1156451.01
MemFree                 53726.98        54499.45       514036.70       514047.88      1136311.01
MemUsed                 10161.30         9967.28           11.30            0.12        20140.00
Dirty                       0.00            0.16            0.00            0.00            0.16
Writeback                   0.00            0.00            0.00            0.00            0.00
FilePages                 217.05          273.59            0.03            0.00          490.67
AnonPages                 973.81          788.80            0.00            0.00         1762.61
PageTables                 30.97           32.24            0.00            0.00           63.21
WritebackTmp                0.00            0.00            0.00            0.00            0.00
MemTotal                63888.29        64466.73       514048.00       514048.00      1156451.01
MemFree                 46778.90        54499.70       514038.95       514047.88      1129365.43
MemUsed                 17109.38         9967.03            9.05            0.12        27085.59
Dirty                       0.03            0.10            0.00            0.00            0.13
Writeback                   0.00            0.00            0.00            0.00            0.00
FilePages                 218.17          273.63            0.03            0.00          491.83
AnonPages                7893.84          788.87            0.00            0.00         8682.71
PageTables                 44.41           32.24            0.00            0.00           76.65
WritebackTmp                0.00            0.00            0.00            0.00            0.00
MemTotal                63888.29        64466.73       514048.00       514048.00      1156451.01
MemFree                 40483.33        54496.83       514038.95       514047.88      1123066.98
MemUsed                 23404.95         9969.90            9.05            0.12        33384.03
Dirty                       0.02            0.08            0.00            0.00            0.09
Writeback                   0.00            0.00            0.00            0.00            0.00
FilePages                 218.18          274.02            0.03            0.00          492.23
AnonPages               14165.98          788.95            0.00            0.00        14954.94
PageTables                 56.66           32.24            0.00            0.00           88.91
WritebackTmp                0.00            0.00            0.00            0.00            0.00
MemTotal                63888.29        64466.73       514048.00       514048.00      1156451.01
MemFree                 34724.12        54496.58       514039.26       514047.88      1117307.84
MemUsed                 29164.16         9970.14            8.74            0.12        39143.17
Dirty                       0.02            0.02            0.00            0.00            0.04
Writeback                   0.00            0.00            0.00            0.00            0.00
FilePages                 218.19          274.03            0.03            0.00          492.25
AnonPages               19898.16          789.04            0.00            0.00        20687.20
PageTables                 67.48           32.24            0.00            0.00           99.73
WritebackTmp                0.00            0.00            0.00            0.00            0.00
MemTotal                63888.29        64466.73       514048.00       514048.00      1156451.01
MemFree                 29174.36        54496.34       514041.26       514047.88      1111759.83
MemUsed                 34713.93         9970.39            6.74            0.12        44691.18
Dirty                       0.02            0.17            0.00            0.00            0.19
Writeback                   0.00            0.00            0.00            0.00            0.00
FilePages                 218.20          274.03            0.03            0.00          492.25
AnonPages               25430.31          789.11            0.00            0.00        26219.42
PageTables                 78.71           32.24            0.00            0.00          110.96
WritebackTmp                0.00            0.00            0.00            0.00            0.00
MemTotal                63888.29        64466.73       514048.00       514048.00      1156451.01
MemFree                 24420.31        54497.34       514041.26       514047.88      1107006.78
MemUsed                 39467.98         9969.39            6.74            0.12        49444.23
Dirty                       0.03            0.07            0.00            0.00            0.10
Writeback                   0.00            0.00            0.00            0.00            0.00
FilePages                 218.21          274.03            0.03            0.00          492.27
AnonPages               30166.54          788.22            0.00            0.00        30954.76
PageTables                 88.08           32.24            0.00            0.00          120.32
WritebackTmp                0.00            0.00            0.00            0.00            0.00
MemTotal                63888.29        64466.73       514048.00       514048.00      1156451.01
MemFree                 23600.30        54497.34       511262.71       514047.88      1103408.22
MemUsed                 40287.98         9969.39         2785.29            0.12        53042.79
Dirty                       0.00            0.06            0.02            0.00            0.08
Writeback                   0.00            0.00            0.00            0.00            0.00
FilePages                 215.66          274.03            2.58            0.00          492.27
AnonPages               30972.94          788.32         2772.00            0.00        34533.26
PageTables                 94.83           32.24            0.00            0.00          127.07
WritebackTmp                0.00            0.00            0.00            0.00            0.00
MemTotal                63888.29        64466.73       514048.00       514048.00      1156451.01
MemFree                 23600.55        54497.34       511264.71       514047.88      1103410.47
MemUsed                 40287.73         9969.39         2783.29            0.12        53040.54
Dirty                       0.02            0.02            0.00            0.00            0.03
Writeback                   0.00            0.00            0.00            0.00            0.00
FilePages                 215.67          274.03            2.58            0.00          492.28
AnonPages               30973.21          788.40         2772.00            0.00        34533.61
PageTables                 95.05           32.24            0.00            0.00          127.30
WritebackTmp                0.00            0.00            0.00            0.00            0.00
MemTotal                63888.29        64466.73       514048.00       514048.00      1156451.01
MemFree                 23600.06        54495.86       511264.71       514047.88      1103408.51
MemUsed                 40288.22         9970.86         2783.29            0.12        53042.50
Dirty                       0.00            0.16            0.02            0.00            0.17
Writeback                   0.00            0.00            0.00            0.00            0.00
FilePages                 215.68          275.42            2.58            0.00          493.68
AnonPages               30973.29          788.48         2772.00            0.00        34533.77
PageTables                 95.00           32.24            0.00            0.00          127.24
WritebackTmp                0.00            0.00            0.00            0.00            0.00
MemTotal                63888.29        64466.73       514048.00       514048.00      1156451.01
MemFree                 23804.82        54495.95       511056.71       514047.88      1103405.36
MemUsed                 40083.46         9970.78         2991.29            0.12        53045.66
Dirty                       0.02            0.01            0.00            0.00            0.03
Writeback                   0.00            0.00            0.00            0.00            0.00
FilePages                 215.69          275.43            2.58            0.00          493.70
AnonPages               30768.62          788.57         2976.00            0.00        34533.19
PageTables                 95.11           32.24            0.00            0.00          127.36
WritebackTmp                0.00            0.00            0.00            0.00            0.00
MemTotal                63888.29        64466.73       514048.00       514048.00      1156451.01
MemFree                 23806.59        54496.68       511050.46       514047.88      1103401.61
MemUsed                 40081.70         9970.04         2997.54            0.12        53049.40
Dirty                       0.00            0.13            0.02            0.00            0.15
Writeback                   0.00            0.00            0.00            0.00            0.00
FilePages                 215.70          275.43            2.59            0.00          493.71
AnonPages               30764.70          787.80         2980.00            0.00        34532.50
PageTables                 95.04           32.24            0.00            0.00          127.28
WritebackTmp                0.00            0.00            0.00            0.00            0.00
MemTotal                63888.29        64466.73       514048.00       514048.00      1156451.01
MemFree                 23802.09        54496.44       511056.46       514047.88      1103402.87
MemUsed                 40086.19         9970.29         2991.54            0.12        53048.14
Dirty                       0.02            0.07            0.00            0.00            0.09
Writeback                   0.00            0.00            0.00            0.00            0.00
FilePages                 215.70          275.43            2.59            0.00          493.72
AnonPages               30768.87          787.89         2976.00            0.00        34532.76
PageTables                 95.05           32.24            0.00            0.00          127.30
WritebackTmp                0.00            0.00            0.00            0.00            0.00
MemTotal                63888.29        64466.73       514048.00       514048.00      1156451.01
MemFree                 23800.37        54496.44       511058.46       514047.88      1103403.15
MemUsed                 40087.91         9970.29         2989.54            0.12        53047.86
Dirty                       0.00            0.00            0.02            0.00            0.02
Writeback                   0.00            0.00            0.00            0.00            0.00
FilePages                 215.71          275.43            2.59            0.00          493.73
AnonPages               30771.02          787.99         2974.00            0.00        34533.01
PageTables                 95.07           32.24            0.00            0.00          127.31
WritebackTmp                0.00            0.00            0.00            0.00            0.00
MemTotal                63888.29        64466.73       514048.00       514048.00      1156451.01
MemFree                 23797.91        54496.44       511056.47       514047.88      1103398.70
MemUsed                 40090.37         9970.29         2991.53            0.12        53052.32
Dirty                       0.02            0.01            0.00            0.00            0.03
Writeback                   0.00            0.00            0.00            0.00            0.00
FilePages                 215.72          275.43            2.59            0.00          493.73
AnonPages               30771.25          788.12         2974.00            0.00        34533.37
PageTables                 95.12           32.24            0.00            0.00          127.36
WritebackTmp                0.00            0.00            0.00            0.00            0.00
MemTotal                63888.29        64466.73       514048.00       514048.00      1156451.01
MemFree                 23797.72        54496.19       511056.50       514047.88      1103398.29
MemUsed                 40090.56         9970.54         2991.50            0.12        53052.72
Dirty                       0.00            0.13            0.02            0.00            0.14
Writeback                   0.00            0.00            0.00            0.00            0.00
FilePages                 215.73          275.43            2.59            0.00          493.74
AnonPages               30771.29          788.20         2974.00            0.00        34533.48
PageTables                 95.06           32.24            0.00            0.00          127.30
WritebackTmp                0.00            0.00            0.00            0.00            0.00
MemTotal                63888.29        64466.73       514048.00       514048.00      1156451.01
MemFree                 23801.32        54496.19       511052.50       514047.88      1103397.89
MemUsed                 40086.96         9970.54         2995.50            0.12        53053.12
Dirty                       0.02            0.00            0.00            0.00            0.02
Writeback                   0.00            0.00            0.00            0.00            0.00
FilePages                 215.73          275.43            2.59            0.00          493.75
AnonPages               30769.46          788.28         2976.00            0.00        34533.74
PageTables                 95.04           32.24            0.00            0.00          127.28
WritebackTmp                0.00            0.00            0.00            0.00            0.00
MemTotal                63888.29        64466.73       514048.00       514048.00      1156451.01
MemFree                 23801.35        54496.19       511060.51       514047.88      1103405.93
MemUsed                 40086.93         9970.54         2987.49            0.12        53045.09
Dirty                       0.00            0.13            0.00            0.00            0.14
Writeback                   0.00            0.00            0.00            0.00            0.00
FilePages                 215.74          275.43            2.59            0.00          493.76
AnonPages               30769.57          788.36         2976.00            0.00        34533.93
PageTables                 95.03           32.24            0.00            0.00          127.27
WritebackTmp                0.00            0.00            0.00            0.00            0.00
MemTotal                63888.29        64466.73       514048.00       514048.00      1156451.01
MemFree                 23801.36        54496.19       511060.51       514047.88      1103405.93
MemUsed                 40086.93         9970.54         2987.49            0.12        53045.08
Dirty                       0.02            0.01            0.02            0.00            0.04
Writeback                   0.00            0.00            0.00            0.00            0.00
FilePages                 215.75          275.43            2.59            0.00          493.77
AnonPages               30769.62          788.44         2976.00            0.00        34534.05
PageTables                 95.04           32.24            0.00            0.00          127.28
WritebackTmp                0.00            0.00            0.00            0.00            0.00
MemTotal                63888.29        64466.73       514048.00       514048.00      1156451.01
MemFree                 23799.92        54496.93       511058.51       514047.88      1103403.23
MemUsed                 40088.36         9969.80         2989.49            0.12        53047.78
Dirty                       0.00            0.16            0.00            0.00            0.16
Writeback                   0.00            0.00            0.00            0.00            0.00
FilePages                 215.76          275.43            2.59            0.00          493.78
AnonPages               30771.66          787.84         2974.00            0.00        34533.50
PageTables                 94.97           32.24            0.00            0.00          127.21
WritebackTmp                0.00            0.00            0.00            0.00            0.00
MemTotal                63888.29        64466.73       514048.00       514048.00      1156451.01
MemFree                 23799.70        54496.93       511058.51       514047.88      1103403.01
MemUsed                 40088.59         9969.80         2989.49            0.12        53048.00
Dirty                       0.02            0.01            0.02            0.00            0.05
Writeback                   0.00            0.00            0.00            0.00            0.00
FilePages                 215.77          275.43            2.59            0.00          493.79
AnonPages               30769.83          787.95         2976.00            0.00        34533.77
PageTables                 95.04           32.24            0.00            0.00          127.28
WritebackTmp                0.00            0.00            0.00            0.00            0.00
MemTotal                63888.29        64466.73       514048.00       514048.00      1156451.01
MemFree                 23801.02        54495.96       511056.51       514047.88      1103401.37
MemUsed                 40087.27         9970.76         2991.49            0.12        53049.64
Dirty                       0.00            0.14            0.00            0.00            0.14
Writeback                   0.00            0.00            0.00            0.00            0.00
FilePages                 215.77          277.84            2.59            0.00          496.21
AnonPages               30770.07          786.51         2976.00            0.00        34532.58
PageTables                 95.09           32.16            0.00            0.00          127.25
WritebackTmp                0.00            0.00            0.00            0.00            0.00
MemTotal                63888.29        64466.73       514048.00       514048.00      1156451.01
MemFree                 23802.58        54495.77       511060.51       514047.88      1103406.73
MemUsed                 40085.71         9970.96         2987.49            0.12        53044.28
Dirty                       0.01            0.01            0.02            0.00            0.04
Writeback                   0.00            0.00            0.00            0.00            0.00
FilePages                 215.79          277.84            2.59            0.00          496.22
AnonPages               30769.18          786.60         2976.00            0.00        34531.78
PageTables                 94.99           32.16            0.00            0.00          127.15
WritebackTmp                0.00            0.00            0.00            0.00            0.00
MemTotal                63888.29        64466.73       514048.00       514048.00      1156451.01
MemFree                 23802.83        54495.77       511060.51       514047.88      1103406.98
MemUsed                 40085.46         9970.96         2987.49            0.12        53044.03
Dirty                       0.00            0.13            0.00            0.00            0.13
Writeback                   0.00            0.00            0.00            0.00            0.00
FilePages                 215.79          277.84            2.59            0.00          496.23
AnonPages               30768.43          786.69         2976.00            0.00        34531.12
PageTables                 94.99           32.16            0.00            0.00          127.15
WritebackTmp                0.00            0.00            0.00            0.00            0.00
MemTotal                63888.29        64466.73       514048.00       514048.00      1156451.01
MemFree                 23801.08        54495.60       511058.51       514047.88      1103403.07
MemUsed                 40087.21         9971.12         2989.49            0.12        53047.95
Dirty                       0.01            0.00            0.02            0.00            0.03
Writeback                   0.00            0.00            0.00            0.00            0.00
FilePages                 215.80          277.84            2.59            0.00          496.23
AnonPages               30768.70          786.78         2976.00            0.00        34531.48
PageTables                 95.04           32.16            0.00            0.00          127.20
WritebackTmp                0.00            0.00            0.00            0.00            0.00
MemTotal                63888.29        64466.73       514048.00       514048.00      1156451.01
MemFree                 23801.32        54495.60       511060.51       514047.88      1103405.31
MemUsed                 40086.96         9971.12         2987.49            0.12        53045.70
Dirty                       0.00            0.00            0.00            0.00            0.00
Writeback                   0.00            0.00            0.00            0.00            0.00
FilePages                 215.82          277.84            2.59            0.00          496.25
AnonPages               30768.78          786.87         2976.00            0.00        34531.64
PageTables                 95.01           32.16            0.00            0.00          127.17
WritebackTmp                0.00            0.00            0.00            0.00            0.00
MemTotal                63888.29        64466.73       514048.00       514048.00      1156451.01
MemFree                 23803.34        54495.36       511062.27       514047.88      1103408.84
MemUsed                 40084.95         9971.37         2985.73            0.12        53042.18
Dirty                       0.02            0.00            0.01            0.00            0.04
Writeback                   0.00            0.00            0.00            0.00            0.00
FilePages                 215.83          277.84            2.59            0.00          496.27
AnonPages               30768.97          786.96         2976.00            0.00        34531.93
PageTables                 95.04           32.16            0.00            0.00          127.20
WritebackTmp                0.00            0.00            0.00            0.00            0.00
MemTotal                63888.29        64466.73       514048.00       514048.00      1156451.01
MemFree                 23802.64        54495.36       511062.27       514047.88      1103408.14
MemUsed                 40085.64         9971.37         2985.73            0.12        53042.87
Dirty                       0.00            0.00            0.00            0.00            0.00
Writeback                   0.00            0.00            0.00            0.00            0.00
FilePages                 215.83          277.84            2.60            0.00          496.27
AnonPages               30769.09          787.05         2976.00            0.00        34532.14
PageTables                 95.00           32.16            0.00            0.00          127.16
WritebackTmp                0.00            0.00            0.00            0.00            0.00
MemTotal                63888.29        64466.73       514048.00       514048.00      1156451.01
MemFree                 23800.89        54495.36       511058.27       514047.88      1103402.39
MemUsed                 40087.39         9971.37         2989.73            0.12        53048.62
Dirty                       0.02            0.00            0.02            0.00            0.04
Writeback                   0.00            0.00            0.00            0.00            0.00
FilePages                 215.84          277.84            2.60            0.00          496.28
AnonPages               30769.24          787.14         2976.00            0.00        34532.38
PageTables                 95.00           32.16            0.00            0.00          127.16
WritebackTmp                0.00            0.00            0.00            0.00            0.00
MemTotal                63888.29        64466.73       514048.00       514048.00      1156451.01
MemFree                 23801.14        54495.36       511060.27       514047.88      1103404.64
MemUsed                 40087.14         9971.37         2987.73            0.12        53046.38
Dirty                       0.00            0.00            0.00            0.00            0.00
Writeback                   0.00            0.00            0.00            0.00            0.00
FilePages                 215.85          277.84            2.60            0.00          496.29
AnonPages               30768.58          787.24         2976.00            0.00        34531.82
PageTables                 95.11           32.16            0.00            0.00          127.27
WritebackTmp                0.00            0.00            0.00            0.00            0.00
MemTotal                63888.29        64466.73       514048.00       514048.00      1156451.01
MemFree                 23803.39        54495.60       511058.27       514047.88      1103405.13
MemUsed                 40084.89         9971.12         2989.73            0.12        53045.88
Dirty                       0.01            0.01            0.02            0.00            0.04
Writeback                   0.00            0.00            0.00            0.00            0.00
FilePages                 215.86          277.84            2.61            0.00          496.30
AnonPages               30768.86          786.81         2976.00            0.00        34531.67
PageTables                 95.10           32.16            0.00            0.00          127.26
WritebackTmp                0.00            0.00            0.00            0.00            0.00
MemTotal                63888.29        64466.73       514048.00       514048.00      1156451.01
MemFree                 51460.12        54495.85       514038.27       514047.88      1134042.11
MemUsed                 12428.17         9970.88            9.73            0.12        22408.91
Dirty                       0.00            0.13            0.00            0.00            0.13
Writeback                   0.00            0.00            0.00            0.00            0.00
FilePages                 215.95          277.84            2.61            0.00          496.39
AnonPages                 976.67          786.61            0.00            0.00         1763.28
PageTables                 31.08           32.16            0.00            0.00           63.24
WritebackTmp                0.00            0.00            0.00            0.00            0.00
