MemTotal                63888.29        64461.80       514048.00       514048.00      1156446.08
MemFree                 53797.38        55780.86       514047.78       514047.78      1137673.80
MemUsed                 10090.91         8680.94            0.22            0.22        18772.29
Dirty                       0.12            0.01            0.00            0.00            0.13
Writeback                   0.00            0.00            0.00            0.00            0.00
FilePages                 389.34           41.44            0.00            0.00          430.79
AnonPages                 665.55            7.41            0.00            0.00          672.96
PageTables                 32.89            0.28            0.00            0.00           33.17
WritebackTmp                0.00            0.00            0.00            0.00            0.00
MemTotal                63888.29        64461.80       514048.00       514048.00      1156446.08
MemFree                 48646.50        55776.75       512844.28       514047.97      1131315.50
MemUsed                 15241.78         8685.05         1203.72            0.03        25130.58
Dirty                       0.04            0.00            0.00            0.00            0.04
Writeback                   0.00            0.00            0.00            0.00            0.00
FilePages                 387.95           41.44            2.04            0.00          431.44
AnonPages                5784.94            7.50         1198.77            0.00         6991.21
PageTables                 45.28            0.33            0.00            0.00           45.61
WritebackTmp                0.00            0.00            0.00            0.00            0.00
MemTotal                63888.29        64461.80       514048.00       514048.00      1156446.08
MemFree                 48634.94        55777.25       509493.39       514047.97      1127953.55
MemUsed                 15253.34         8684.55         4554.61            0.03        28492.54
Dirty                       0.12            0.01            0.02            0.00            0.15
Writeback                   0.00            0.00            0.00            0.00            0.00
FilePages                 386.37           41.45            3.64            0.00          431.45
AnonPages                5784.38            7.41         4546.96            0.00        10338.75
PageTables                 51.56            0.28            0.00            0.00           51.84
WritebackTmp                0.00            0.00            0.00            0.00            0.00
MemTotal                63888.29        64461.80       514048.00       514048.00      1156446.08
MemFree                 48617.97        55777.50       506227.95       514047.97      1124671.38
MemUsed                 15270.32         8684.30         7820.05            0.03        31774.70
Dirty                       0.11            0.01            0.00            0.00            0.12
Writeback                   0.00            0.00            0.00            0.00            0.00
FilePages                 386.51           41.45            3.64            0.00          431.60
AnonPages                5789.82            7.41         7813.14            0.00        13610.37
PageTables                 58.59            0.28            0.00            0.00           58.87
WritebackTmp                0.00            0.00            0.00            0.00            0.00
MemTotal                63888.29        64461.80       514048.00       514048.00      1156446.08
MemFree                 48604.24        55777.74       502931.47       514047.97      1121361.42
MemUsed                 15284.05         8684.05        11116.53            0.03        35084.66
Dirty                       0.00            0.00            0.02            0.00            0.02
Writeback                   0.02            0.00            0.00            0.00            0.02
FilePages                 386.86           41.45            3.64            0.00          431.95
AnonPages                5789.61            7.41        11109.14            0.00        16906.16
PageTables                 64.77            0.28            0.00            0.00           65.05
WritebackTmp                0.00            0.00            0.00            0.00            0.00
MemTotal                63888.29        64461.80       514048.00       514048.00      1156446.08
MemFree                 48588.19        55778.34       499907.23       514047.97      1118321.73
MemUsed                 15300.10         8683.46        14140.77            0.03        38124.35
Dirty                       0.18            0.00            0.00            0.00            0.18
Writeback                   0.00            0.00            0.00            0.00            0.00
FilePages                 389.19           41.45            3.64            0.00          434.28
AnonPages                5790.98            7.44        14131.15            0.00        19929.57
PageTables                 70.67            0.28            0.00            0.00           70.95
WritebackTmp                0.00            0.00            0.00            0.00            0.00
MemTotal                63888.29        64461.80       514048.00       514048.00      1156446.08
MemFree                 48579.20        55778.59       496555.23       514047.97      1114961.00
MemUsed                 15309.08         8683.21        17492.77            0.03        41485.09
Dirty                       0.00            0.00            0.02            0.00            0.02
Writeback                   0.00            0.00            0.00            0.00            0.00
FilePages                 389.20           41.45            3.64            0.00          434.29
AnonPages                5790.46            7.44        17481.14            0.00        23279.05
PageTables                 77.32            0.28            0.00            0.00           77.60
WritebackTmp                0.00            0.00            0.00            0.00            0.00
MemTotal                63888.29        64461.80       514048.00       514048.00      1156446.08
MemFree                 48566.85        55778.57       493811.54       514047.97      1112204.93
MemUsed                 15321.44         8683.23        20236.46            0.03        44241.15
Dirty                       0.09            0.01            0.00            0.00            0.09
Writeback                   0.00            0.00            0.00            0.00            0.00
FilePages                 389.20           41.45            3.64            0.00          434.30
AnonPages                5792.87            7.64        20229.14            0.00        26029.65
PageTables                 82.61            0.28            0.00            0.00           82.88
WritebackTmp                0.00            0.00            0.00            0.00            0.00
MemTotal                63888.29        64461.80       514048.00       514048.00      1156446.08
MemFree                 48554.51        55778.82       491035.53       514047.97      1109416.83
MemUsed                 15333.78         8682.98        23012.47            0.03        47029.25
Dirty                       0.02            0.00            0.02            0.00            0.04
Writeback                   0.00            0.00            0.00            0.00            0.00
FilePages                 389.21           41.45            3.64            0.00          434.31
AnonPages                5792.07            7.64        23003.14            0.00        28802.85
PageTables                 88.33            0.28            0.00            0.00           88.61
WritebackTmp                0.00            0.00            0.00            0.00            0.00
MemTotal                63888.29        64461.80       514048.00       514048.00      1156446.08
MemFree                 48544.08        55778.86       488149.81       514047.97      1106520.71
MemUsed                 15344.20         8682.94        25898.19            0.03        49925.37
Dirty                       0.09            0.01            0.00            0.00            0.10
Writeback                   0.00            0.00            0.00            0.00            0.00
FilePages                 389.24           41.45            3.64            0.00          434.34
AnonPages                5792.66            7.64        25888.92            0.00        31689.21
PageTables                 93.92            0.28            0.00            0.00           94.20
WritebackTmp                0.00            0.00            0.00            0.00            0.00
MemTotal                63888.29        64461.80       514048.00       514048.00      1156446.08
MemFree                 48535.29        55778.86       486384.33       514047.97      1104746.45
MemUsed                 15353.00         8682.94        27663.67            0.03        51699.64
Dirty                       0.02            0.00            0.02            0.00            0.04
Writeback                   0.00            0.00            0.00            0.00            0.00
FilePages                 389.25           41.45            3.65            0.00          434.35
AnonPages                5793.66            7.64        27654.58            0.00        33455.88
PageTables                 97.52            0.28            0.00            0.00           97.80
WritebackTmp                0.00            0.00            0.00            0.00            0.00
MemTotal                63888.29        64461.80       514048.00       514048.00      1156446.08
MemFree                 48539.93        55778.86       486380.87       514047.97      1104747.62
MemUsed                 15348.36         8682.94        27667.13            0.03        51698.46
Dirty                       0.06            0.01            0.00            0.00            0.07
Writeback                   0.00            0.00            0.00            0.00            0.00
FilePages                 389.26           41.45            3.65            0.00          434.36
AnonPages                5789.21            7.64        27658.57            0.00        33455.43
PageTables                 97.45            0.28            0.00            0.00           97.72
WritebackTmp                0.00            0.00            0.00            0.00            0.00
MemTotal                63888.29        64461.80       514048.00       514048.00      1156446.08
MemFree                 48546.77        55778.86       486376.88       514047.97      1104750.48
MemUsed                 15341.51         8682.94        27671.12            0.03        51695.60
Dirty                       0.02            0.00            0.02            0.00            0.03
Writeback                   0.00            0.00            0.00            0.00            0.00
FilePages                 389.27           41.45            3.65            0.00          434.36
AnonPages                5784.25            7.64        27664.57            0.00        33456.46
PageTables                 98.03            0.28            0.00            0.00           98.30
WritebackTmp                0.00            0.00            0.00            0.00            0.00
MemTotal                63888.29        64461.80       514048.00       514048.00      1156446.08
MemFree                 48547.75        55778.86       486373.13       514047.97      1104747.70
MemUsed                 15340.54         8682.94        27674.87            0.03        51698.38
Dirty                       0.00            0.00            0.00            0.00            0.00
Writeback                   0.03            0.01            0.00            0.00            0.04
FilePages                 389.28           41.45            3.65            0.00          434.38
AnonPages                5782.32            7.64        27668.57            0.00        33458.54
PageTables                 98.58            0.28            0.00            0.00           98.86
WritebackTmp                0.00            0.00            0.00            0.00            0.00
MemTotal                63888.29        64461.80       514048.00       514048.00      1156446.08
MemFree                 48555.37        55778.86       486365.13       514047.97      1104747.32
MemUsed                 15332.91         8682.94        27682.87            0.03        51698.76
Dirty                       0.01            0.00            0.02            0.00            0.03
Writeback                   0.00            0.00            0.00            0.00            0.00
FilePages                 389.29           41.45            3.65            0.00          434.38
AnonPages                5774.34            7.64        27674.57            0.00        33456.55
PageTables                 97.85            0.28            0.00            0.00           98.13
WritebackTmp                0.00            0.00            0.00            0.00            0.00
MemTotal                63888.29        64461.80       514048.00       514048.00      1156446.08
MemFree                 48555.22        55779.13       486361.13       514047.97      1104743.45
MemUsed                 15333.06         8682.66        27686.87            0.03        51702.63
Dirty                       0.09            0.01            0.00            0.00            0.11
Writeback                   0.00            0.00            0.00            0.00            0.00
FilePages                 389.29           41.45            3.65            0.00          434.39
AnonPages                5773.30            7.64        27678.57            0.00        33459.52
PageTables                 97.48            0.28            0.00            0.00           97.75
WritebackTmp                0.00            0.00            0.00            0.00            0.00
MemTotal                63888.29        64461.80       514048.00       514048.00      1156446.08
MemFree                 48560.18        55779.13       486357.13       514047.97      1104744.41
MemUsed                 15328.11         8682.66        27690.87            0.03        51701.68
Dirty                       0.02            0.00            0.02            0.00            0.03
Writeback                   0.00            0.00            0.00            0.00            0.00
FilePages                 389.30           41.45            3.65            0.00          434.40
AnonPages                5767.13            7.64        27684.57            0.00        33459.35
PageTables                 97.48            0.28            0.00            0.00           97.75
WritebackTmp                0.00            0.00            0.00            0.00            0.00
MemTotal                63888.29        64461.80       514048.00       514048.00      1156446.08
MemFree                 48566.33        55779.13       486353.13       514047.97      1104746.56
MemUsed                 15321.95         8682.66        27694.87            0.03        51699.52
Dirty                       0.09            0.01            0.00            0.00            0.10
Writeback                   0.00            0.00            0.00            0.00            0.00
FilePages                 389.31           41.45            3.65            0.00          434.41
AnonPages                5760.61            7.26        27688.57            0.00        33456.44
PageTables                 97.36            0.28            0.00            0.00           97.64
WritebackTmp                0.00            0.00            0.00            0.00            0.00
MemTotal                63888.29        64461.80       514048.00       514048.00      1156446.08
MemFree                 48568.61        55779.13       486349.13       514047.97      1104744.84
MemUsed                 15319.68         8682.66        27698.87            0.03        51701.25
Dirty                       0.00            0.00            0.02            0.00            0.02
Writeback                   0.00            0.00            0.00            0.00            0.00
FilePages                 389.32           41.45            3.65            0.00          434.42
AnonPages                5758.11            7.26        27692.57            0.00        33457.94
PageTables                 97.48            0.28            0.00            0.00           97.75
WritebackTmp                0.00            0.00            0.00            0.00            0.00
MemTotal                63888.29        64461.80       514048.00       514048.00      1156446.08
MemFree                 48574.23        55779.52       486341.13       514047.97      1104742.85
MemUsed                 15314.05         8682.28        27706.87            0.03        51703.23
Dirty                       0.09            0.01            0.00            0.00            0.11
Writeback                   0.00            0.00            0.00            0.00            0.00
FilePages                 389.32           41.45            3.66            0.00          434.43
AnonPages                5752.01            7.26        27698.57            0.00        33457.84
PageTables                 97.59            0.28            0.00            0.00           97.87
WritebackTmp                0.00            0.00            0.00            0.00            0.00
MemTotal                63888.29        64461.80       514048.00       514048.00      1156446.08
MemFree                 48579.59        55779.52       486337.13       514047.97      1104744.20
MemUsed                 15308.70         8682.28        27710.87            0.03        51701.88
Dirty                       0.02            0.00            0.02            0.00            0.04
Writeback                   0.00            0.00            0.00            0.00            0.00
FilePages                 389.34           41.45            3.66            0.00          434.44
AnonPages                5747.79            7.26        27702.57            0.00        33457.62
PageTables                 97.94            0.28            0.00            0.00           98.21
WritebackTmp                0.00            0.00            0.00            0.00            0.00
MemTotal                63888.29        64461.80       514048.00       514048.00      1156446.08
MemFree                 48580.88        55779.52       486333.13       514047.97      1104741.49
MemUsed                 15307.41         8682.28        27714.87            0.03        51704.59
Dirty                       0.10            0.01            0.00            0.00            0.11
Writeback                   0.00            0.00            0.00            0.00            0.00
FilePages                 389.36           41.45            3.66            0.00          434.47
AnonPages                5744.25            7.26        27708.57            0.00        33460.08
PageTables                 97.30            0.28            0.00            0.00           97.57
WritebackTmp                0.00            0.00            0.00            0.00            0.00
MemTotal                63888.29        64461.80       514048.00       514048.00      1156446.08
MemFree                 48583.86        55779.30       486329.13       514047.97      1104740.25
MemUsed                 15304.43         8682.50        27718.87            0.03        51705.83
Dirty                       0.04            0.00            0.02            0.00            0.05
Writeback                   0.00            0.00            0.00            0.00            0.00
FilePages                 389.54           41.45            3.66            0.00          434.65
AnonPages                5741.96            7.26        27712.57            0.00        33461.79
PageTables                 97.52            0.28            0.00            0.00           97.80
WritebackTmp                0.00            0.00            0.00            0.00            0.00
MemTotal                63888.29        64461.80       514048.00       514048.00      1156446.08
MemFree                 48588.60        55779.30       486321.13       514047.97      1104736.99
MemUsed                 15299.69         8682.50        27726.87            0.03        51709.09
Dirty                       0.10            0.01            0.00            0.00            0.11
Writeback                   0.00            0.00            0.00            0.00            0.00
FilePages                 389.55           41.45            3.66            0.00          434.66
AnonPages                5735.78            7.26        27718.57            0.00        33461.61
PageTables                 97.38            0.28            0.00            0.00           97.66
WritebackTmp                0.00            0.00            0.00            0.00            0.00
MemTotal                63888.29        64461.80       514048.00       514048.00      1156446.08
MemFree                 48596.04        55779.30       486317.13       514047.97      1104740.43
MemUsed                 15292.25         8682.50        27730.87            0.03        51705.65
Dirty                       0.02            0.00            0.02            0.00            0.04
Writeback                   0.00            0.00            0.00            0.00            0.00
FilePages                 389.84           41.45            3.66            0.00          434.95
AnonPages                5730.53            7.26        27722.57            0.00        33460.36
PageTables                 97.44            0.28            0.00            0.00           97.71
WritebackTmp                0.00            0.00            0.00            0.00            0.00
MemTotal                63888.29        64461.80       514048.00       514048.00      1156446.08
MemFree                 48599.69        55779.30       486313.13       514047.97      1104740.09
MemUsed                 15288.59         8682.50        27734.87            0.03        51706.00
Dirty                       0.07            0.01            0.00            0.00            0.08
Writeback                   0.00            0.00            0.00            0.00            0.00
FilePages                 389.85           41.45            3.66            0.00          434.96
AnonPages                5726.58            7.26        27728.57            0.00        33462.41
PageTables                 97.67            0.28            0.00            0.00           97.95
WritebackTmp                0.00            0.00            0.00            0.00            0.00
MemTotal                63888.29        64461.80       514048.00       514048.00      1156446.08
MemFree                 48601.78        55779.30       486309.38       514047.97      1104738.42
MemUsed                 15286.51         8682.50        27738.62            0.03        51707.66
Dirty                       0.00            0.00            0.02            0.00            0.02
Writeback                   0.00            0.00            0.00            0.00            0.00
FilePages                 389.85           41.45            3.66            0.00          434.97
AnonPages                5723.82            7.26        27732.57            0.00        33463.66
PageTables                 97.38            0.28            0.00            0.00           97.65
WritebackTmp                0.00            0.00            0.00            0.00            0.00
MemTotal                63888.29        64461.80       514048.00       514048.00      1156446.08
MemFree                 48608.22        55779.30       486301.38       514047.97      1104736.86
MemUsed                 15280.06         8682.50        27746.62            0.03        51709.22
Dirty                       0.12            0.01            0.00            0.00            0.12
Writeback                   0.00            0.00            0.00            0.00            0.00
FilePages                 389.86           41.45            3.66            0.00          434.98
AnonPages                5718.40            7.26        27738.57            0.00        33464.23
PageTables                 98.29            0.28            0.00            0.00           98.57
WritebackTmp                0.00            0.00            0.00            0.00            0.00
MemTotal                63888.29        64461.80       514048.00       514048.00      1156446.08
MemFree                 48606.00        55779.30       486297.43       514047.97      1104730.70
MemUsed                 15282.28         8682.50        27750.57            0.03        51715.39
Dirty                       0.03            0.00            0.02            0.00            0.04
Writeback                   0.00            0.00            0.00            0.00            0.00
FilePages                 389.87           41.45            3.66            0.00          434.98
AnonPages                5719.99            7.26        27742.57            0.00        33469.82
PageTables                 97.96            0.28            0.00            0.00           98.24
WritebackTmp                0.00            0.00            0.00            0.00            0.00
MemTotal                63888.29        64461.80       514048.00       514048.00      1156446.08
MemFree                 48610.22        55779.30       486293.18       514047.97      1104730.66
MemUsed                 15278.07         8682.50        27754.82            0.03        51715.42
Dirty                       0.07            0.01            0.00            0.00            0.08
Writeback                   0.00            0.00            0.00            0.00            0.00
FilePages                 389.88           41.45            3.67            0.00          435.00
AnonPages                5714.33            7.26        27748.74            0.00        33470.33
PageTables                 98.02            0.28            0.00            0.00           98.30
WritebackTmp                0.00            0.00            0.00            0.00            0.00
MemTotal                63888.29        64461.80       514048.00       514048.00      1156446.08
MemFree                 48611.43        55779.30       486289.18       514047.97      1104727.88
MemUsed                 15276.86         8682.50        27758.82            0.03        51718.21
Dirty                       0.03            0.00            0.02            0.00            0.05
Writeback                   0.00            0.00            0.00            0.00            0.00
FilePages                 389.88           41.45            3.67            0.00          435.00
AnonPages                5712.66            7.26        27752.74            0.00        33472.66
PageTables                 97.69            0.28            0.00            0.00           97.96
WritebackTmp                0.00            0.00            0.00            0.00            0.00
