MemTotal                63861.90        64493.11       514048.00       514048.00      1156451.01
MemFree                 53342.80        55737.02       514004.62       514047.62      1137132.06
MemUsed                 10519.10         8756.09           43.38            0.38        19318.95
Dirty                       0.12            0.01            0.00            0.00            0.13
Writeback                   0.00            0.00            0.00            0.00            0.00
FilePages                 365.76            2.41            0.00            0.00          368.18
AnonPages                 743.43           16.36            0.00            0.00          759.79
PageTables                 30.36            0.13            0.00            0.00           30.49
WritebackTmp                0.00            0.00            0.00            0.00            0.00
MemTotal                63861.90        64493.11       514048.00       514048.00      1156451.01
MemFree                 48012.05        55737.40       514005.85       514047.62      1131802.92
MemUsed                 15849.85         8755.71           42.15            0.38        24648.09
Dirty                       0.06            0.00            0.00            0.00            0.06
Writeback                   0.00            0.00            0.00            0.00            0.00
FilePages                3021.94            2.41            0.00            0.00         3024.36
AnonPages                3399.36           16.36            0.00            0.00         3415.72
PageTables                 35.83            0.13            0.00            0.00           35.96
WritebackTmp                0.00            0.00            0.00            0.00            0.00
MemTotal                63861.90        64493.11       514048.00       514048.00      1156451.01
MemFree                 42825.92        55737.62       514006.09       514047.62      1126617.26
MemUsed                 21035.98         8755.49           41.91            0.38        29833.75
Dirty                       0.03            0.00            0.00            0.00            0.03
Writeback                   0.00            0.00            0.00            0.00            0.00
FilePages                5608.11            2.41            0.00            0.00         5610.53
AnonPages                5984.30           16.36            0.00            0.00         6000.67
PageTables                 40.95            0.13            0.00            0.00           41.08
WritebackTmp                0.00            0.00            0.00            0.00            0.00
MemTotal                63861.90        64493.11       514048.00       514048.00      1156451.01
MemFree                 37842.98        55737.71       514006.83       514047.81      1121635.33
MemUsed                 26018.92         8755.41           41.17            0.19        34815.68
Dirty                       0.01            0.00            0.00            0.00            0.01
Writeback                   0.00            0.00            0.00            0.00            0.00
FilePages                8091.25            2.41            0.00            0.00         8093.67
AnonPages                8468.74           16.36            0.00            0.00         8485.10
PageTables                 45.88            0.13            0.00            0.00           46.01
WritebackTmp                0.00            0.00            0.00            0.00            0.00
MemTotal                63861.90        64493.11       514048.00       514048.00      1156451.01
MemFree                 32859.49        55737.50       514007.57       514047.81      1116652.38
MemUsed                 31002.41         8755.61           40.43            0.19        39798.64
Dirty                       0.20            0.02            0.00            0.00            0.22
Writeback                   0.00            0.00            0.00            0.00            0.00
FilePages               10574.41            2.55            0.00            0.00        10576.97
AnonPages               10950.79           16.36            0.00            0.00        10967.16
PageTables                 50.65            0.13            0.00            0.00           50.78
WritebackTmp                0.00            0.00            0.00            0.00            0.00
MemTotal                63861.90        64493.11       514048.00       514048.00      1156451.01
MemFree                 27867.82        55737.50       514008.06       514047.81      1111661.20
MemUsed                 35994.08         8755.61           39.94            0.19        44789.81
Dirty                       0.02            0.00            0.00            0.00            0.02
Writeback                   0.00            0.00            0.00            0.00            0.00
FilePages               13062.43            2.55            0.00            0.00        13064.99
AnonPages               13439.05           16.36            0.00            0.00        13455.41
PageTables                 55.55            0.13            0.00            0.00           55.68
WritebackTmp                0.00            0.00            0.00            0.00            0.00
MemTotal                63861.90        64493.11       514048.00       514048.00      1156451.01
MemFree                 22891.06        55737.50       514008.80       514047.81      1106685.18
MemUsed                 40970.84         8755.61           39.20            0.19        49765.83
Dirty                       0.02            0.00            0.00            0.00            0.02
Writeback                   0.00            0.00            0.00            0.00            0.00
FilePages               15544.43            2.55            0.00            0.00        15546.98
AnonPages               15921.12           16.36            0.00            0.00        15937.48
PageTables                 60.35            0.13            0.00            0.00           60.48
WritebackTmp                0.00            0.00            0.00            0.00            0.00
MemTotal                63861.90        64493.11       514048.00       514048.00      1156451.01
MemFree                 17899.64        55737.50       514009.68       514047.81      1101694.63
MemUsed                 45962.26         8755.61           38.32            0.19        54756.38
Dirty                       0.00            0.00            0.00            0.00            0.00
Writeback                   0.00            0.00            0.00            0.00            0.00
FilePages               18032.45            2.55            0.00            0.00        18035.00
AnonPages               18408.45           16.36            0.00            0.00        18424.80
PageTables                 65.19            0.13            0.00            0.00           65.32
WritebackTmp                0.00            0.00            0.00            0.00            0.00
MemTotal                63861.90        64493.11       514048.00       514048.00      1156451.01
MemFree                 12907.72        55737.50       514010.17       514047.81      1096703.21
MemUsed                 50954.18         8755.61           37.83            0.19        59747.80
Dirty                       0.02            0.00            0.00            0.00            0.02
Writeback                   0.00            0.00            0.00            0.00            0.00
FilePages               20521.17            2.55            0.00            0.00        20523.72
AnonPages               20896.08           16.29            0.00            0.00        20912.36
PageTables                 70.09            0.13            0.00            0.00           70.22
WritebackTmp                0.00            0.00            0.00            0.00            0.00
MemTotal                63861.90        64493.11       514048.00       514048.00      1156451.01
MemFree                  7948.29        55737.01       514010.91       514047.81      1091744.02
MemUsed                 55913.61         8756.10           37.09            0.19        64706.99
Dirty                       0.00            0.00            0.00            0.00            0.00
Writeback                   0.00            0.00            0.00            0.00            0.00
FilePages               22993.39            2.55            0.00            0.00        22995.94
AnonPages               23367.88           16.65            0.00            0.00        23384.52
PageTables                 74.96            0.13            0.00            0.00           75.09
WritebackTmp                0.00            0.00            0.00            0.00            0.00
MemTotal                63861.90        64493.11       514048.00       514048.00      1156451.01
MemFree                  2997.79        55735.78       514011.16       514047.81      1086792.54
MemUsed                 60864.11         8757.33           36.84            0.19        69658.48
Dirty                       0.02            0.00            0.00            0.00            0.02
Writeback                   0.00            0.00            0.00            0.00            0.00
FilePages               25460.47            2.55            0.00            0.00        25463.02
AnonPages               25834.86           17.78            0.00            0.00        25852.64
PageTables                 79.75            0.13            0.00            0.00           79.88
WritebackTmp                0.00            0.00            0.00            0.00            0.00
MemTotal                63861.90        64493.11       514048.00       514048.00      1156451.01
MemFree                  1588.77        55797.59       513315.85       514047.81      1084750.03
MemUsed                 62273.12         8695.52          732.15            0.19        71700.98
Dirty                       0.00            0.00            0.00            0.00            0.00
Writeback                   0.00            0.00            0.00            0.00            0.00
FilePages               24755.41            2.55          731.91            0.00        25489.88
AnonPages               28029.00           17.78            0.00            0.00        28046.78
PageTables                 83.98            0.13            0.06            0.00           84.17
WritebackTmp                0.00            0.00            0.00            0.00            0.00
MemTotal                63861.90        64493.11       514048.00       514048.00      1156451.01
MemFree                  3144.66        55797.59       513315.85       514047.81      1086305.91
MemUsed                 60717.24         8695.52          732.15            0.19        70145.10
Dirty                       0.00            0.00            0.01            0.00            0.02
Writeback                   0.00            0.00            0.00            0.00            0.00
FilePages               21072.83            2.55          731.91            0.00        21807.29
AnonPages               30140.84           17.78            0.00            0.00        30158.62
PageTables                 88.12            0.13            0.06            0.00           88.31
WritebackTmp                0.00            0.00            0.00            0.00            0.00
MemTotal                63861.90        64493.11       514048.00       514048.00      1156451.01
MemFree                  3827.76        55797.59       513315.85       514047.81      1086989.01
MemUsed                 60034.14         8695.52          732.15            0.19        69462.00
Dirty                       0.01            0.00            0.00            0.00            0.01
Writeback                   0.00            0.00            0.00            0.00            0.00
FilePages               18127.50            2.55          731.91            0.00        18861.96
AnonPages               32389.32           17.78            0.00            0.00        32407.11
PageTables                 92.59            0.13            0.06            0.00           92.77
WritebackTmp                0.00            0.00            0.00            0.00            0.00
MemTotal                63861.90        64493.11       514048.00       514048.00      1156451.01
MemFree                  3863.78        55797.59       513315.85       514047.81      1087025.03
MemUsed                 59998.12         8695.52          732.15            0.19        69425.98
Dirty                       0.00            0.00            0.01            0.00            0.02
Writeback                   0.00            0.00            0.00            0.00            0.00
FilePages               15756.62            2.55          731.91            0.00        16491.09
AnonPages               34711.30           17.78            0.00            0.00        34729.08
PageTables                 97.04            0.13            0.06            0.00           97.22
WritebackTmp                0.00            0.00            0.00            0.00            0.00
MemTotal                63861.90        64493.11       514048.00       514048.00      1156451.01
MemFree                  3311.26        55797.59       513315.85       514047.81      1086472.52
MemUsed                 60550.64         8695.52          732.15            0.19        69978.50
Dirty                       0.02            0.00            0.00            0.00            0.02
Writeback                   0.00            0.00            0.00            0.00            0.00
FilePages               13986.17            2.55          731.91            0.00        14720.63
AnonPages               37017.55           17.78            0.00            0.00        37035.33
PageTables                101.61            0.13            0.06            0.00          101.80
WritebackTmp                0.00            0.00            0.00            0.00            0.00
MemTotal                63861.90        64493.11       514048.00       514048.00      1156451.01
MemFree                  1866.62        55797.61       513315.85       514047.81      1085027.89
MemUsed                 61995.28         8695.51          732.15            0.19        71423.12
Dirty                       0.00            0.00            0.01            0.00            0.02
Writeback                   0.00            0.00            0.00            0.00            0.00
FilePages               13153.14            2.55          731.91            0.00        13887.61
AnonPages               39275.69           17.78            0.00            0.00        39293.47
PageTables                106.02            0.13            0.06            0.00          106.21
WritebackTmp                0.00            0.00            0.00            0.00            0.00
MemTotal                63861.90        64493.11       514048.00       514048.00      1156451.01
MemFree                   843.68        55797.54       512665.47       514047.81      1083354.50
MemUsed                 63018.22         8695.57         1382.53            0.19        73096.51
Dirty                       0.00            0.00            0.00            0.00            0.00
Writeback                   0.00            0.00            0.00            0.00            0.00
FilePages               11874.84            2.55         1382.45            0.00        13259.84
AnonPages               41569.49           17.78            0.00            0.00        41587.27
PageTables                110.46            0.13            0.06            0.00          110.64
WritebackTmp                0.00            0.00            0.00            0.00            0.00
MemTotal                63861.90        64493.11       514048.00       514048.00      1156451.01
MemFree                   704.84        55797.54       510802.35       514047.81      1081352.55
MemUsed                 63157.06         8695.57         3245.65            0.19        75098.46
Dirty                       0.01            0.00            0.01            0.00            0.02
Writeback                   0.00            0.00            0.00            0.00            0.00
FilePages                9649.59            2.55         3245.41            0.00        12897.55
AnonPages               43916.94           17.78            0.00            0.00        43934.72
PageTables                115.15            0.13            0.06            0.00          115.34
WritebackTmp                0.00            0.00            0.00            0.00            0.00
MemTotal                63861.90        64493.11       514048.00       514048.00      1156451.01
MemFree                   663.95        55797.59       508341.70       514047.81      1078851.04
MemUsed                 63197.95         8695.53         5706.30            0.19        77599.97
Dirty                       0.02            0.00            0.00            0.00            0.02
Writeback                   0.00            0.00            0.00            0.00            0.00
FilePages                7311.81            2.55         5705.91            0.00        13020.27
AnonPages               46279.16           17.73            0.00            0.00        46296.89
PageTables                119.77            0.13            0.06            0.00          119.96
WritebackTmp                0.00            0.00            0.00            0.00            0.00
MemTotal                63861.90        64493.11       514048.00       514048.00      1156451.01
MemFree                   564.57        55797.59       505474.62       514047.81      1075884.59
MemUsed                 63297.32         8695.53         8573.38            0.19        80566.42
Dirty                       0.00            0.00            0.00            0.00            0.00
Writeback                   0.00            0.00            0.00            0.00            0.00
FilePages                5005.74            2.55         8572.70            0.00        13580.99
AnonPages               48672.09           17.73            0.00            0.00        48689.82
PageTables                124.46            0.13            0.06            0.00          124.65
WritebackTmp                0.00            0.00            0.00            0.00            0.00
MemTotal                63861.90        64493.11       514048.00       514048.00      1156451.01
MemFree                   489.18        55796.09       502678.86       514047.81      1073011.94
MemUsed                 63372.72         8697.02        11369.14            0.19        83439.07
Dirty                       0.00            0.00            0.02            0.00            0.02
Writeback                   0.00            0.00            0.00            0.00            0.00
FilePages                2718.66            2.55        11368.26            0.00        14089.46
AnonPages               51019.63           17.83            0.00            0.00        51037.46
PageTables                129.04            0.17            0.06            0.00          129.27
WritebackTmp                0.00            0.00            0.00            0.00            0.00
MemTotal                63861.90        64493.11       514048.00       514048.00      1156451.01
MemFree                   435.16        55797.29       499939.14       514047.81      1070219.41
MemUsed                 63426.74         8695.82        14108.86            0.19        86231.60
Dirty                       0.00            0.00            0.00            0.00            0.00
Writeback                   0.00            0.00            0.00            0.00            0.00
FilePages                 479.55            2.55        14108.36            0.00        14590.46
AnonPages               53299.91           17.92            0.00            0.00        53317.83
PageTables                133.52            0.13            0.06            0.00          133.71
WritebackTmp                0.00            0.00            0.00            0.00            0.00
MemTotal                63861.90        64493.11       514048.00       514048.00      1156451.01
MemFree                   557.79        55795.43       496365.66       514047.81      1066766.68
MemUsed                 63304.11         8697.69        17682.34            0.19        89684.33
Dirty                       0.00            0.00            0.00            0.00            0.00
Writeback                   0.00            0.00            0.00            0.00            0.00
FilePages                 448.79            4.37        15195.72            0.00        15648.88
AnonPages               53193.46           17.96         2486.31            0.00        55697.73
PageTables                138.19            0.13            0.06            0.00          138.38
WritebackTmp                0.00            0.00            0.00            0.00            0.00
MemTotal                63861.90        64493.11       514048.00       514048.00      1156451.01
MemFree                   567.30        55795.22       492748.38       514047.81      1063158.72
MemUsed                 63294.59         8697.89        21299.62            0.19        93292.29
Dirty                       0.00            0.00            0.00            0.00            0.00
Writeback                   0.00            0.00            0.00            0.00            0.00
FilePages                 415.66            4.52        16444.90            0.00        16865.08
AnonPages               53201.34           18.02         4852.31            0.00        58071.68
PageTables                142.73            0.13            0.07            0.00          142.92
WritebackTmp                0.00            0.00            0.00            0.00            0.00
MemTotal                63861.90        64493.11       514048.00       514048.00      1156451.01
MemFree                   274.86        55771.42       490537.62       514047.81      1060631.72
MemUsed                 63587.04         8721.69        23510.38            0.19        95819.29
Dirty                       0.00            0.00            0.00            0.00            0.00
Writeback                   0.00            0.00            0.00            0.00            0.00
FilePages                   5.42           22.90        17238.45            0.00        17266.77
AnonPages               53896.98           18.05         6266.32            0.00        60181.36
PageTables                146.02            0.09            1.10            0.00          147.21
WritebackTmp                0.00            0.00            0.00            0.00            0.00
MemTotal                63861.90        64493.11       514048.00       514048.00      1156451.01
MemFree                   329.04        55762.79       497989.55       514047.81      1068129.19
MemUsed                 63532.86         8730.33        16058.45            0.19        88321.82
Dirty                       0.00            0.01            0.00            0.00            0.01
Writeback                   0.00            0.00            0.00            0.00            0.00
FilePages                   5.80           23.67         9204.39            0.00         9233.86
AnonPages               53911.76           18.49         6818.43            0.00        60748.68
PageTables                138.02            0.22            9.62            0.00          147.87
WritebackTmp                0.00            0.00            0.00            0.00            0.00
MemTotal                63861.90        64493.11       514048.00       514048.00      1156451.01
MemFree                  3946.67        55764.55       504122.76       514047.81      1077881.80
MemUsed                 59915.23         8728.56         9925.24            0.19        78569.21
Dirty                       0.03            0.02            0.02            0.00            0.06
Writeback                   0.00            0.00            0.00            0.00            0.00
FilePages                  13.92           24.23          125.48            0.00          163.63
AnonPages               50279.73           18.26         9760.99            0.00        60058.98
PageTables                156.75            0.13            9.20            0.00          166.07
WritebackTmp                0.00            0.00            0.00            0.00            0.00
MemTotal                63861.90        64493.11       514048.00       514048.00      1156451.01
MemFree                  2077.20        55762.37       505485.27       514047.81      1077372.65
MemUsed                 61784.70         8730.74         8562.73            0.19        79078.36
Dirty                       0.00            0.00            0.00            0.00            0.00
Writeback                   0.00            0.00            0.00            0.00            0.00
FilePages                  17.18           24.54          125.48            0.00          167.20
AnonPages               52158.11           18.31         8406.68            0.00        60583.10
PageTables                157.28            0.11            9.20            0.00          166.58
WritebackTmp                0.00            0.00            0.00            0.00            0.00
MemTotal                63861.90        64493.11       514048.00       514048.00      1156451.01
MemFree                  3016.81        55760.93       503254.51       514047.81      1076080.06
MemUsed                 60845.09         8732.18        10793.49            0.19        80370.95
Dirty                       0.01            0.02            0.00            0.00            0.03
Writeback                   0.00            0.00            0.00            0.00            0.00
FilePages                  17.18           24.54          125.48            0.00          167.21
AnonPages               51220.67           18.41        10639.03            0.00        61878.11
PageTables                160.98            0.15            9.20            0.00          170.33
WritebackTmp                0.00            0.00            0.00            0.00            0.00
MemTotal                63861.90        64493.11       514048.00       514048.00      1156451.01
MemFree                  1231.70        55767.67       505189.15       514047.81      1076236.34
MemUsed                 62630.20         8725.44         8858.85            0.19        80214.68
Dirty                       0.00            0.00            0.00            0.00            0.00
Writeback                   0.00            0.00            0.00            0.00            0.00
FilePages                  18.71           24.82          125.48            0.00          169.01
AnonPages               53005.64           18.68         8707.03            0.00        61731.35
PageTables                160.71            0.20            9.20            0.00          170.10
WritebackTmp                0.00            0.00            0.00            0.00            0.00
MemTotal                63861.90        64493.11       514048.00       514048.00      1156451.01
MemFree                   286.90        55765.42       506267.72       514047.81      1076367.86
MemUsed                 63575.00         8727.70         7780.28            0.19        80083.16
Dirty                       0.00            0.13            0.63            0.00            0.76
Writeback                   0.00            0.00            0.00            0.00            0.00
FilePages                   5.78           27.22          134.60            0.00          167.60
AnonPages               53988.41           18.79         7617.04            0.00        61624.23
PageTables                160.39            0.25            9.31            0.00          169.96
WritebackTmp                0.00            0.00            0.00            0.00            0.00
