MemTotal                63854.68        64492.78       514048.00       642395.46
MemFree                 53012.73        53741.13       514048.00       620801.86
MemUsed                 10841.95        10751.65            0.00        21593.59
Dirty                       0.05            0.02            0.00            0.07
Writeback                   0.00            0.00            0.00            0.00
FilePages                  54.99          363.48            0.00          418.47
AnonPages                2270.27         1794.92            0.00         4065.19
PageTables                  5.55           44.77            0.00           50.32
WritebackTmp                0.00            0.00            0.00            0.00
MemTotal                63854.68        64492.78       514048.00       642395.46
MemFree                 53014.45        40454.23       514048.00       607516.68
MemUsed                 10840.23        24038.55            0.00        34878.77
Dirty                       0.05            0.05            0.00            0.10
Writeback                   0.00            0.00            0.00            0.00
FilePages                  54.99         7007.97            0.00         7062.96
AnonPages                2270.25         8377.03            0.00        10647.28
PageTables                  5.55           57.96            0.00           63.52
WritebackTmp                0.00            0.00            0.00            0.00
MemTotal                63854.68        64492.78       514048.00       642395.46
MemFree                 53014.63        27277.91       514048.00       594340.55
MemUsed                 10840.04        37214.87            0.00        48054.91
Dirty                       0.00            0.04            0.00            0.04
Writeback                   0.00            0.00            0.00            0.00
FilePages                  54.99        13581.86            0.00        13636.84
AnonPages                2270.25        14950.15            0.00        17220.41
PageTables                  5.55           70.56            0.00           76.11
WritebackTmp                0.00            0.00            0.00            0.00
MemTotal                63854.68        64492.78       514048.00       642395.46
MemFree                 53015.42        14231.18       514048.00       581294.60
MemUsed                 10839.25        50261.60            0.00        61100.86
Dirty                       0.00            0.03            0.00            0.03
Writeback                   0.00            0.00            0.00            0.00
FilePages                  54.99        20089.82            0.00        20144.81
AnonPages                2270.25        21458.48            0.00        23728.73
PageTables                  5.55           83.41            0.00           88.96
WritebackTmp                0.00            0.00            0.00            0.00
MemTotal                63854.68        64492.78       514048.00       642395.46
MemFree                 53015.56          888.66       514048.00       567952.22
MemUsed                 10839.12        63604.12            0.00        74443.24
Dirty                       0.00            0.01            0.00            0.01
Writeback                   0.00            0.00            0.00            0.00
FilePages                  54.99        26747.11            0.00        26802.09
AnonPages                2270.23        28116.11            0.00        30386.34
PageTables                  5.55           96.29            0.00          101.84
WritebackTmp                0.00            0.00            0.00            0.00
MemTotal                63854.68        64492.78       514048.00       642395.46
MemFree                 41866.46          218.97       514048.00       556133.43
MemUsed                 21988.21        64273.81            0.00        86262.02
Dirty                       0.00            0.01            0.00            0.01
Writeback                   0.00            0.00            0.00            0.00
FilePages                5611.46        27082.42            0.00        32693.88
AnonPages                7826.74        28449.98            0.00        36276.71
PageTables                 16.04           97.15            0.00          113.18
WritebackTmp                0.00            0.00            0.00            0.00
MemTotal                63854.68        64492.78       514048.00       642395.46
MemFree                 30158.96          219.07       514048.00       544426.04
MemUsed                 33695.71        64273.71            0.00        97969.42
Dirty                       0.00            0.01            0.00            0.01
Writeback                   0.00            0.00            0.00            0.00
FilePages               11450.39        27082.41            0.00        38532.80
AnonPages               13666.76        28449.61            0.00        42116.37
PageTables                 27.73           97.09            0.00          124.82
WritebackTmp                0.00            0.00            0.00            0.00
MemTotal                63854.68        64492.78       514048.00       642395.46
MemFree                 18490.63          219.09       514048.00       532757.71
MemUsed                 45364.05        64273.70            0.00       109637.74
Dirty                       0.01            0.02            0.00            0.02
Writeback                   0.00            0.00            0.00            0.00
FilePages               17271.59        27082.41            0.00        44354.00
AnonPages               19488.03        28449.61            0.00        47937.63
PageTables                 38.86           97.09            0.00          135.95
WritebackTmp                0.00            0.00            0.00            0.00
MemTotal                63854.68        64492.78       514048.00       642395.46
MemFree                  6798.58          219.33       514048.00       521065.91
MemUsed                 57056.10        64273.45            0.00       121329.55
Dirty                       0.00            0.00            0.00            0.01
Writeback                   0.00            0.00            0.00            0.00
FilePages               23104.62        27082.41            0.00        50187.03
AnonPages               25320.87        28449.61            0.00        53770.47
PageTables                 50.32           97.09            0.00          147.42
WritebackTmp                0.00            0.00            0.00            0.00
MemTotal                63854.68        64492.78       514048.00       642395.46
MemFree                   327.54          219.18       513119.98       513666.70
MemUsed                 63527.14        64273.60          928.02       128728.76
Dirty                       0.02            0.00            0.00            0.02
Writeback                   0.00            0.00            0.00            0.00
FilePages               25135.31        27083.11          456.38        52674.80
AnonPages               29775.48        28450.16          456.29        58681.93
PageTables                 59.43           97.09            0.89          157.41
WritebackTmp                0.00            0.00            0.00            0.00
MemTotal                63854.68        64492.78       514048.00       642395.46
MemFree                   328.91          219.18       509046.24       509594.33
MemUsed                 63525.77        64273.60         5001.76       132801.12
Dirty                       0.02            0.01            0.00            0.02
Writeback                   0.00            0.00            0.00            0.00
FilePages               25135.48        27083.11         2487.60        54706.20
AnonPages               29774.41        28450.65         2486.88        60711.95
PageTables                 59.38           97.09            4.62          161.09
WritebackTmp                0.00            0.00            0.00            0.00
MemTotal                63854.68        64492.78       514048.00       642395.46
MemFree                   339.07          218.34       504691.74       505249.16
MemUsed                 63515.61        64274.44         9356.26       137146.30
Dirty                       0.00            0.00            0.00            0.00
Writeback                   0.00            0.00            0.00            0.00
FilePages               24137.31        27083.11         3833.01        55053.43
AnonPages               30722.52        28450.43         5439.00        64611.95
PageTables                 61.07           97.09            9.74          167.90
WritebackTmp                0.00            0.00            0.00            0.00
MemTotal                63854.68        64492.78       514048.00       642395.46
MemFree                   343.47         3126.63       502245.46       505715.56
MemUsed                 63511.21        61366.15        11802.54       136679.90
Dirty                       0.06            0.02            0.00            0.08
Writeback                   0.00            0.00            0.00            0.00
FilePages               23200.83        27083.12         3833.04        54116.99
AnonPages               31671.14        25553.49         7901.39        65126.02
PageTables                 63.07           92.39           17.06          172.52
WritebackTmp                0.00            0.00            0.00            0.00
MemTotal                63854.68        64492.78       514048.00       642395.46
MemFree                   341.62         3122.82       502341.56       505805.99
MemUsed                 63513.06        61369.96        11706.44       136589.46
Dirty                       0.00            0.01            0.00            0.01
Writeback                   0.00            0.00            0.00            0.00
FilePages               23200.83        27083.14         3833.04        54117.02
AnonPages               31680.55        25549.77         7810.88        65041.20
PageTables                 64.33          104.14           22.04          190.51
WritebackTmp                0.00            0.00            0.00            0.00
MemTotal                63854.68        64492.78       514048.00       642395.46
MemFree                   341.05         3142.21       502320.66       505803.92
MemUsed                 63513.63        61350.57        11727.34       136591.54
Dirty                       0.00            0.01            0.00            0.02
Writeback                   0.00            0.00            0.00            0.00
FilePages               23200.83        27083.16         3833.04        54117.04
AnonPages               31683.74        25529.89         7836.93        65050.56
PageTables                 64.32          104.12           22.08          190.52
WritebackTmp                0.00            0.00            0.00            0.00
MemTotal                63854.68        64492.78       514048.00       642395.46
MemFree                   341.06         3155.59       502308.27       505804.91
MemUsed                 63513.62        61337.20        11739.73       136590.55
Dirty                       0.00            0.00            0.00            0.00
Writeback                   0.00            0.00            0.00            0.00
FilePages               23200.83        27083.17         3833.04        54117.04
AnonPages               31682.82        25516.88         7846.54        65046.23
PageTables                 64.32          104.14           22.05          190.52
WritebackTmp                0.00            0.00            0.00            0.00
MemTotal                63854.68        64492.78       514048.00       642395.46
MemFree                   337.38         3150.09       502321.99       505809.45
MemUsed                 63517.30        61342.70        11726.01       136586.01
Dirty                       0.00            0.00            0.00            0.01
Writeback                   0.00            0.00            0.00            0.00
FilePages               23200.83        27083.19         3833.04        54117.06
AnonPages               31687.55        25520.66         7834.43        65042.64
PageTables                 64.34          104.10           22.07          190.51
WritebackTmp                0.00            0.00            0.00            0.00
MemTotal                63854.68        64492.78       514048.00       642395.46
MemFree                   339.64         3140.76       502314.65       505795.05
MemUsed                 63515.03        61352.02        11733.35       136600.41
Dirty                       0.00            0.00            0.00            0.00
Writeback                   0.00            0.00            0.00            0.00
FilePages               23200.83        27083.22         3833.04        54117.09
AnonPages               31686.66        25523.47         7839.84        65049.97
PageTables                 64.34          103.86           22.16          190.36
WritebackTmp                0.00            0.00            0.00            0.00
MemTotal                63854.68        64492.78       514048.00       642395.46
MemFree                   339.89         3026.41       502235.41       505601.71
MemUsed                 63514.79        61466.37        11812.59       136793.74
Dirty                       0.00            0.01            0.00            0.01
Writeback                   0.00            0.00            0.00            0.00
FilePages               23200.83        27083.23         3833.04        54117.11
AnonPages               31686.56        25645.41         7921.21        65253.19
PageTables                 64.34          104.38           22.21          190.93
WritebackTmp                0.00            0.00            0.00            0.00
MemTotal                63854.68        64492.78       514048.00       642395.46
MemFree                   338.29         3137.62       502332.61       505808.52
MemUsed                 63516.38        61355.16        11715.39       136586.93
Dirty                       0.00            0.01            0.00            0.01
Writeback                   0.00            0.00            0.00            0.00
FilePages               23200.83        27083.25         3833.04        54117.12
AnonPages               31688.54        25532.35         7821.05        65041.94
PageTables                 64.34          104.13           22.05          190.52
WritebackTmp                0.00            0.00            0.00            0.00
MemTotal                63854.68        64492.78       514048.00       642395.46
MemFree                   338.90         3032.54       502297.76       505669.20
MemUsed                 63515.77        61460.24        11750.24       136726.26
Dirty                       0.05            0.03            0.00            0.07
Writeback                   0.00            0.00            0.00            0.00
FilePages               23200.83        27083.55         3833.04        54117.42
AnonPages               31688.58        25638.85         7860.98        65188.41
PageTables                 64.35          104.33           22.12          190.80
WritebackTmp                0.00            0.00            0.00            0.00
MemTotal                63854.68        64492.78       514048.00       642395.46
MemFree                   339.12         3001.27       502395.09       505735.49
MemUsed                 63515.55        61491.51        11652.91       136659.96
Dirty                       0.00            0.00            0.00            0.00
Writeback                   0.00            0.00            0.00            0.00
FilePages               23200.83        27083.55         3833.04        54117.43
AnonPages               31689.11        25668.87         7760.33        65118.31
PageTables                 64.34          104.36           21.97          190.67
WritebackTmp                0.00            0.00            0.00            0.00
MemTotal                63854.68        64492.78       514048.00       642395.46
MemFree                   344.60         3290.62       502734.74       506369.96
MemUsed                 63510.07        61202.16        11313.26       136025.50
Dirty                       0.00            0.00            0.00            0.00
Writeback                   0.00            0.00            0.00            0.00
FilePages               23200.83        27083.57         3833.04        54117.44
AnonPages               31683.38        25381.21         7417.19        64481.78
PageTables                 63.87          102.83           20.89          187.58
WritebackTmp                0.00            0.00            0.00            0.00
MemTotal                63854.68        64492.78       514048.00       642395.46
MemFree                   344.72         3280.93       502863.78       506489.43
MemUsed                 63509.96        61211.86        11184.22       135906.03
Dirty                       0.00            0.01            0.00            0.01
Writeback                   0.00            0.00            0.00            0.00
FilePages               23200.83        27083.59         3833.04        54117.46
AnonPages               31681.21        25390.77         7286.42        64358.40
PageTables                 63.71          103.71           20.80          188.22
WritebackTmp                0.00            0.00            0.00            0.00
MemTotal                63854.68        64492.78       514048.00       642395.46
MemFree                   338.36         2996.96       502279.06       505614.39
MemUsed                 63516.31        61495.82        11768.94       136781.07
Dirty                       0.00            0.00            0.00            0.00
Writeback                   0.00            0.00            0.00            0.00
FilePages               23200.83        27083.63         3833.04        54117.50
AnonPages               31692.25        25671.77         7877.15        65241.16
PageTables                 64.29          104.52           22.11          190.92
WritebackTmp                0.00            0.00            0.00            0.00
MemTotal                63854.68        64492.78       514048.00       642395.46
MemFree                   338.61         2926.98       502214.84       505480.43
MemUsed                 63516.07        61565.80        11833.16       136915.03
Dirty                       0.00            0.03            0.00            0.03
Writeback                   0.00            0.00            0.00            0.00
FilePages               23200.83        27083.65         3833.04        54117.52
AnonPages               31692.25        25742.49         7941.14        65375.88
PageTables                 64.29          104.61           22.29          191.19
WritebackTmp                0.00            0.00            0.00            0.00
MemTotal                63854.68        64492.78       514048.00       642395.46
MemFree                   344.47         3258.23       502217.77       505820.47
MemUsed                 63510.21        61234.55        11830.23       136574.99
Dirty                       0.00            0.00            0.00            0.00
Writeback                   0.00            0.00            0.00            0.00
FilePages               23200.83        27083.66         3833.04        54117.53
AnonPages               31678.54        25410.26         7934.09        65022.89
PageTables                 63.88          102.17           21.27          187.32
WritebackTmp                0.00            0.00            0.00            0.00
MemTotal                63854.68        64492.78       514048.00       642395.46
MemFree                   337.96         3273.37       502201.00       505812.33
MemUsed                 63516.71        61219.41        11847.00       136583.13
Dirty                       0.00            0.00            0.00            0.00
Writeback                   0.00            0.00            0.00            0.00
FilePages               23200.83        27083.67         3833.04        54117.54
AnonPages               31687.25        25397.35         7957.80        65042.40
PageTables                 64.22          104.05           22.31          190.59
WritebackTmp                0.00            0.00            0.00            0.00
MemTotal                63854.68        64492.78       514048.00       642395.46
MemFree                   340.32         3261.22       502207.27       505808.81
MemUsed                 63514.36        61231.56        11840.73       136586.64
Dirty                       0.00            0.00            0.00            0.00
Writeback                   0.00            0.00            0.00            0.00
FilePages               23200.83        27083.69         3833.04        54117.56
AnonPages               31681.56        25408.98         7950.73        65041.27
PageTables                 64.28          103.97           22.01          190.26
WritebackTmp                0.00            0.00            0.00            0.00
MemTotal                63854.68        64492.78       514048.00       642395.46
MemFree                   340.62         3153.66       502119.07       505613.35
MemUsed                 63514.05        61339.12        11928.93       136782.11
Dirty                       0.00            0.01            0.00            0.01
Writeback                   0.00            0.00            0.00            0.00
FilePages               23200.83        27083.70         3833.04        54117.57
AnonPages               31681.16        25516.36         8041.96        65239.48
PageTables                 64.28          104.21           22.43          190.92
WritebackTmp                0.00            0.00            0.00            0.00
MemTotal                63854.68        64492.78       514048.00       642395.46
MemFree                   340.62         3147.25       502112.57       505600.45
MemUsed                 63514.05        61345.53        11935.43       136795.01
Dirty                       0.00            0.02            0.00            0.02
Writeback                   0.00            0.00            0.00            0.00
FilePages               23200.83        27083.71         3833.04        54117.59
AnonPages               31681.16        25522.27         8048.70        65252.14
PageTables                 64.28          104.21           22.49          190.98
WritebackTmp                0.00            0.00            0.00            0.00
MemTotal                63854.68        64492.78       514048.00       642395.46
MemFree                   338.84         3250.01       502215.07       505803.92
MemUsed                 63515.83        61242.77        11832.93       136591.54
Dirty                       0.00            0.00            0.00            0.00
Writeback                   0.00            0.00            0.00            0.00
FilePages               23200.83        27084.66         3833.04        54118.53
AnonPages               31682.57        25416.09         7945.02        65043.68
PageTables                 64.28          103.99           22.35          190.62
WritebackTmp                0.00            0.00            0.00            0.00
MemTotal                63854.68        64492.78       514048.00       642395.46
MemFree                  1451.80        23795.06       506334.32       531581.19
MemUsed                 62402.87        40697.72         7713.68       110814.27
Dirty                       0.00            0.01            0.00            0.01
Writeback                   0.00            0.00            0.00            0.00
FilePages               23200.83        27084.67         3833.04        54118.54
AnonPages               30570.29         4865.52         3838.92        39274.73
PageTables                 62.15          102.22           14.20          178.57
WritebackTmp                0.00            0.00            0.00            0.00
