48.94059125397475
82.66055222643982
68.72876043419447
68.80019628690603
70.54706541071076
70.80038794733122
70.93648730897665
70.08481623149842
69.65331908998347
69.88912337118548
69.74968814968815
70.34628811568307
70.14947633567546
69.09650084248065
69.4947917531939
68.04750250488658
67.50627244551582
69.6223562444965
72.69592082337938
73.74474003280793
72.35607160135461
28.855721393034827
28.855721393034827
28.855721393034827
28.855721393034827
35.76467177736262
33.055547489764514
33.055547489764514
100.0
