MemTotal                63888.29        64466.73       514048.00       514048.00      1156451.01
MemFree                 53754.00        54533.90       514047.78       514047.78      1136383.46
MemUsed                 10134.29         9932.83            0.22            0.22        20067.55
Dirty                       0.05            0.18            0.00            0.00            0.22
Writeback                   0.00            0.00            0.00            0.00            0.00
FilePages                 217.10          273.55            0.00            0.00          490.65
AnonPages                 964.85          759.22            0.00            0.00         1724.07
PageTables                 30.81           32.15            0.00            0.00           62.96
WritebackTmp                0.00            0.00            0.00            0.00            0.00
MemTotal                63888.29        64466.73       514048.00       514048.00      1156451.01
MemFree                 49372.11        54530.71       514047.97       514047.97      1131998.75
MemUsed                 14516.18         9936.02            0.03            0.03        24452.26
Dirty                       0.07            0.10            0.00            0.00            0.18
Writeback                   0.00            0.00            0.00            0.00            0.00
FilePages                 218.46          273.91            0.00            0.00          492.37
AnonPages                5323.71          759.07            0.00            0.00         6082.78
PageTables                 38.96           32.15            0.00            0.00           71.11
WritebackTmp                0.00            0.00            0.00            0.00            0.00
MemTotal                63888.29        64466.73       514048.00       514048.00      1156451.01
MemFree                 44487.93        54528.82       514047.97       514047.97      1127112.70
MemUsed                 19400.35         9937.90            0.03            0.03        29338.32
Dirty                       0.09            0.04            0.00            0.00            0.12
Writeback                   0.00            0.00            0.00            0.00            0.00
FilePages                 218.46          275.32            0.00            0.00          493.78
AnonPages               10188.07          759.16            0.00            0.00        10947.23
PageTables                 48.64           32.22            0.00            0.00           80.86
WritebackTmp                0.00            0.00            0.00            0.00            0.00
MemTotal                63888.29        64466.73       514048.00       514048.00      1156451.01
MemFree                 41146.82        54526.26       514047.97       514047.97      1123769.02
MemUsed                 22741.46         9940.46            0.03            0.03        32681.99
Dirty                       0.09            0.12            0.00            0.00            0.20
Writeback                   0.00            0.00            0.00            0.00            0.00
FilePages                 218.47          275.32            0.00            0.00          493.79
AnonPages               13516.07          758.73            0.00            0.00        14274.79
PageTables                 55.41           32.15            0.00            0.00           87.56
WritebackTmp                0.00            0.00            0.00            0.00            0.00
MemTotal                63888.29        64466.73       514048.00       514048.00      1156451.01
MemFree                 37291.65        54525.02       514047.97       514047.97      1119912.61
MemUsed                 26596.63         9941.71            0.03            0.03        36538.40
Dirty                       0.07            0.16            0.00            0.00            0.23
Writeback                   0.00            0.00            0.00            0.00            0.00
FilePages                 218.48          275.32            0.00            0.00          493.80
AnonPages               17356.28          760.80            0.00            0.00        18117.08
PageTables                 62.68           32.15            0.00            0.00           94.83
WritebackTmp                0.00            0.00            0.00            0.00            0.00
MemTotal                63888.29        64466.73       514048.00       514048.00      1156451.01
MemFree                 33307.88        54525.18       514047.97       514047.97      1115929.00
MemUsed                 30580.41         9941.54            0.03            0.03        40522.01
Dirty                       0.08            0.05            0.00            0.00            0.13
Writeback                   0.00            0.00            0.00            0.00            0.00
FilePages                 218.50          275.32            0.00            0.00          493.82
AnonPages               21324.41          760.89            0.00            0.00        22085.30
PageTables                 70.45           32.15            0.00            0.00          102.60
WritebackTmp                0.00            0.00            0.00            0.00            0.00
MemTotal                63888.29        64466.73       514048.00       514048.00      1156451.01
MemFree                 28609.38        54525.69       514047.97       514047.97      1111231.01
MemUsed                 35278.90         9941.04            0.03            0.03        45220.00
Dirty                       0.01            0.17            0.00            0.00            0.18
Writeback                   0.00            0.00            0.00            0.00            0.00
FilePages                 218.50          275.32            0.00            0.00          493.83
AnonPages               26001.79          760.95            0.00            0.00        26762.74
PageTables                 79.45           32.15            0.00            0.00          111.61
WritebackTmp                0.00            0.00            0.00            0.00            0.00
MemTotal                63888.29        64466.73       514048.00       514048.00      1156451.01
MemFree                 23542.07        54525.73       514047.97       514047.97      1106163.73
MemUsed                 40346.21         9941.00            0.03            0.03        50287.28
Dirty                       0.03            0.02            0.00            0.00            0.04
Writeback                   0.00            0.00            0.00            0.00            0.00
FilePages                 218.51          275.32            0.00            0.00          493.84
AnonPages               31051.96          761.05            0.00            0.00        31813.01
PageTables                 89.70           32.15            0.00            0.00          121.85
WritebackTmp                0.00            0.00            0.00            0.00            0.00
MemTotal                63888.29        64466.73       514048.00       514048.00      1156451.01
MemFree                 23807.05        54524.69       511085.51       514047.97      1103465.22
MemUsed                 40081.24         9942.04         2962.49            0.03        52985.79
Dirty                       0.02            0.19            0.00            0.00            0.21
Writeback                   0.00            0.00            0.00            0.00            0.00
FilePages                 216.42          275.32            2.43            0.00          494.18
AnonPages               30775.67          763.12         2960.00            0.00        34498.79
PageTables                 94.80           32.15            0.00            0.00          126.95
WritebackTmp                0.00            0.00            0.00            0.00            0.00
MemTotal                63888.29        64466.73       514048.00       514048.00      1156451.01
MemFree                 23825.64        54524.73       511065.51       514047.97      1103463.84
MemUsed                 40062.65         9942.00         2982.49            0.03        52987.17
Dirty                       0.01            0.02            0.02            0.00            0.05
Writeback                   0.00            0.00            0.00            0.00            0.00
FilePages                 216.43          275.32            2.43            0.00          494.18
AnonPages               30759.05          763.19         2976.00            0.00        34498.24
PageTables                 95.03           32.15            0.00            0.00          127.18
WritebackTmp                0.00            0.00            0.00            0.00            0.00
MemTotal                63888.29        64466.73       514048.00       514048.00      1156451.01
MemFree                 23824.91        54524.48       511067.51       514047.97      1103464.87
MemUsed                 40063.38         9942.25         2980.49            0.03        52986.14
Dirty                       0.03            0.15            0.00            0.00            0.18
Writeback                   0.00            0.00            0.00            0.00            0.00
FilePages                 216.44          275.33            2.43            0.00          494.20
AnonPages               30759.18          763.28         2976.00            0.00        34498.46
PageTables                 95.00           32.15            0.00            0.00          127.16
WritebackTmp                0.00            0.00            0.00            0.00            0.00
MemTotal                63888.29        64466.73       514048.00       514048.00      1156451.01
MemFree                 23822.67        54525.46       511069.51       514047.97      1103465.61
MemUsed                 40065.62         9941.26         2978.49            0.03        52985.40
Dirty                       0.03            0.08            0.02            0.00            0.12
Writeback                   0.00            0.00            0.00            0.00            0.00
FilePages                 216.44          275.36            2.44            0.00          494.23
AnonPages               30761.36          762.55         2974.00            0.00        34497.91
PageTables                 95.00           32.15            0.00            0.00          127.15
WritebackTmp                0.00            0.00            0.00            0.00            0.00
MemTotal                63888.29        64466.73       514048.00       514048.00      1156451.01
MemFree                 23822.75        54525.96       511063.51       514047.97      1103460.20
MemUsed                 40065.53         9940.77         2984.49            0.03        52990.82
Dirty                       0.02            0.03            0.00            0.00            0.05
Writeback                   0.00            0.00            0.00            0.00            0.00
FilePages                 216.45          275.36            2.44            0.00          494.25
AnonPages               30761.49          762.62         2974.00            0.00        34498.12
PageTables                 95.00           32.15            0.00            0.00          127.15
WritebackTmp                0.00            0.00            0.00            0.00            0.00
MemTotal                63888.29        64466.73       514048.00       514048.00      1156451.01
MemFree                 23821.70        54526.55       511067.51       514047.97      1103463.73
MemUsed                 40066.59         9940.17         2980.49            0.03        52987.28
Dirty                       0.00            0.00            0.02            0.00            0.02
Writeback                   0.00            0.00            0.00            0.00            0.00
FilePages                 218.92          275.36            2.44            0.00          496.71
AnonPages               30759.56          762.71         2976.00            0.00        34498.27
PageTables                 95.35           32.15            0.00            0.00          127.50
WritebackTmp                0.00            0.00            0.00            0.00            0.00
MemTotal                63888.29        64466.73       514048.00       514048.00      1156451.01
MemFree                 23821.21        54525.79       511067.51       514047.97      1103462.48
MemUsed                 40067.08         9940.93         2980.49            0.03        52988.53
Dirty                       0.01            0.14            0.00            0.00            0.15
Writeback                   0.00            0.00            0.00            0.00            0.00
FilePages                 219.07          275.36            2.44            0.00          496.86
AnonPages               30759.46          763.55         2976.00            0.00        34499.02
PageTables                 95.02           32.15            0.00            0.00          127.17
WritebackTmp                0.00            0.00            0.00            0.00            0.00
MemTotal                63888.29        64466.73       514048.00       514048.00      1156451.01
MemFree                 23821.10        54526.04       511067.51       514047.97      1103462.62
MemUsed                 40067.19         9940.68         2980.49            0.03        52988.39
Dirty                       0.02            0.01            0.02            0.00            0.05
Writeback                   0.00            0.00            0.00            0.00            0.00
FilePages                 219.08          275.36            2.44            0.00          496.87
AnonPages               30759.57          763.64         2976.00            0.00        34499.21
PageTables                 95.03           32.15            0.00            0.00          127.18
WritebackTmp                0.00            0.00            0.00            0.00            0.00
MemTotal                63888.29        64466.73       514048.00       514048.00      1156451.01
MemFree                 23822.08        54526.15       511067.51       514047.97      1103463.71
MemUsed                 40066.20         9940.58         2980.49            0.03        52987.30
Dirty                       0.03            0.14            0.00            0.00            0.17
Writeback                   0.00            0.00            0.00            0.00            0.00
FilePages                 219.09          275.36            2.44            0.00          496.88
AnonPages               30759.89          763.72         2976.00            0.00        34499.61
PageTables                 95.00           32.15            0.00            0.00          127.16
WritebackTmp                0.00            0.00            0.00            0.00            0.00
MemTotal                63888.29        64466.73       514048.00       514048.00      1156451.01
MemFree                 23821.86        54526.31       511067.51       514047.97      1103463.65
MemUsed                 40066.42         9940.42         2980.49            0.03        52987.36
Dirty                       0.03            0.02            0.01            0.00            0.06
Writeback                   0.00            0.00            0.00            0.00            0.00
FilePages                 219.09          275.36            2.44            0.00          496.89
AnonPages               30759.47          763.80         2976.00            0.00        34499.27
PageTables                 95.01           32.15            0.00            0.00          127.16
WritebackTmp                0.00            0.00            0.00            0.00            0.00
MemTotal                63888.29        64466.73       514048.00       514048.00      1156451.01
MemFree                 23818.98        54524.56       511063.27       514047.97      1103454.78
MemUsed                 40069.30         9942.16         2984.73            0.03        52996.23
Dirty                       0.03            0.14            0.00            0.00            0.18
Writeback                   0.00            0.00            0.00            0.00            0.00
FilePages                 219.10          275.36            2.44            0.00          496.89
AnonPages               30759.67          765.81         2976.00            0.00        34501.48
PageTables                 94.97           32.15            0.00            0.00          127.12
WritebackTmp                0.00            0.00            0.00            0.00            0.00
MemTotal                63888.29        64466.73       514048.00       514048.00      1156451.01
MemFree                 23827.08        54524.81       511059.27       514047.97      1103459.12
MemUsed                 40061.20         9941.92         2988.73            0.03        52991.89
Dirty                       0.02            0.02            0.02            0.00            0.06
Writeback                   0.00            0.00            0.00            0.00            0.00
FilePages                 219.11          275.36            2.45            0.00          496.91
AnonPages               30753.77          765.89         2982.00            0.00        34501.66
PageTables                 94.93           32.15            0.00            0.00          127.08
WritebackTmp                0.00            0.00            0.00            0.00            0.00
MemTotal                63888.29        64466.73       514048.00       514048.00      1156451.01
MemFree                 23819.86        54521.07       511065.02       514047.97      1103453.93
MemUsed                 40068.42         9945.65         2982.98            0.03        52997.08
Dirty                       0.01            0.15            0.00            0.00            0.16
Writeback                   0.00            0.00            0.00            0.00            0.00
FilePages                 219.11          275.36            2.45            0.00          496.92
AnonPages               30760.78          769.57         2974.27            0.00        34504.61
PageTables                 94.89           32.15            0.00            0.00          127.05
WritebackTmp                0.00            0.00            0.00            0.00            0.00
MemTotal                63888.29        64466.73       514048.00       514048.00      1156451.01
MemFree                 23820.36        54520.83       511065.02       514047.97      1103454.18
MemUsed                 40067.93         9945.90         2982.98            0.03        52996.84
Dirty                       0.01            0.01            0.02            0.00            0.04
Writeback                   0.00            0.00            0.00            0.00            0.00
FilePages                 219.12          275.36            2.45            0.00          496.92
AnonPages               30761.03          769.64         2974.27            0.00        34504.95
PageTables                 94.98           32.15            0.00            0.00          127.13
WritebackTmp                0.00            0.00            0.00            0.00            0.00
MemTotal                63888.29        64466.73       514048.00       514048.00      1156451.01
MemFree                 23819.43        54519.72       511065.02       514047.97      1103452.14
MemUsed                 40068.86         9947.01         2982.98            0.03        52998.87
Dirty                       0.02            0.14            0.02            0.00            0.17
Writeback                   0.00            0.00            0.00            0.00            0.00
FilePages                 219.13          275.36            2.45            0.00          496.93
AnonPages               30761.31          771.27         2974.27            0.00        34506.85
PageTables                 95.07           32.15            0.00            0.00          127.22
WritebackTmp                0.00            0.00            0.00            0.00            0.00
MemTotal                63888.29        64466.73       514048.00       514048.00      1156451.01
MemFree                 23819.68        54519.72       511065.02       514047.97      1103452.39
MemUsed                 40068.61         9947.01         2982.98            0.03        52998.62
Dirty                       0.01            0.01            0.00            0.00            0.02
Writeback                   0.00            0.00            0.00            0.00            0.00
FilePages                 219.14          275.36            2.45            0.00          496.94
AnonPages               30761.53          771.04         2974.27            0.00        34506.84
PageTables                 95.07           32.15            0.00            0.00          127.23
WritebackTmp                0.00            0.00            0.00            0.00            0.00
MemTotal                63888.29        64466.73       514048.00       514048.00      1156451.01
MemFree                 23819.19        54518.43       511065.02       514047.97      1103450.61
MemUsed                 40069.10         9948.29         2982.98            0.03        53000.40
Dirty                       0.02            0.14            0.02            0.00            0.18
Writeback                   0.00            0.00            0.00            0.00            0.00
FilePages                 219.15          275.36            2.45            0.00          496.95
AnonPages               30761.59          771.57         2974.27            0.00        34507.44
PageTables                 95.03           32.15            0.00            0.00          127.18
WritebackTmp                0.00            0.00            0.00            0.00            0.00
MemTotal                63888.29        64466.73       514048.00       514048.00      1156451.01
MemFree                 23817.46        54518.48       511066.78       514047.97      1103450.69
MemUsed                 40070.83         9948.24         2981.22            0.03        53000.32
Dirty                       0.02            0.01            0.00            0.00            0.04
Writeback                   0.00            0.00            0.00            0.00            0.00
FilePages                 219.15          275.36            2.45            0.00          496.96
AnonPages               30763.53          771.76         2972.27            0.00        34507.56
PageTables                 95.03           32.15            0.00            0.00          127.18
WritebackTmp                0.00            0.00            0.00            0.00            0.00
MemTotal                63888.29        64466.73       514048.00       514048.00      1156451.01
MemFree                 23817.27        54517.98       511068.78       514047.97      1103452.00
MemUsed                 40071.02         9948.74         2979.22            0.03        52999.02
Dirty                       0.03            0.14            0.02            0.00            0.18
Writeback                   0.00            0.00            0.00            0.00            0.00
FilePages                 219.16          275.36            2.45            0.00          496.97
AnonPages               30763.59          771.91         2972.27            0.00        34507.77
PageTables                 95.02           32.15            0.00            0.00          127.17
WritebackTmp                0.00            0.00            0.00            0.00            0.00
MemTotal                63888.29        64466.73       514048.00       514048.00      1156451.01
MemFree                 23822.07        54518.48       511062.78       514047.97      1103451.30
MemUsed                 40066.21         9948.25         2985.22            0.03        52999.71
Dirty                       0.00            0.00            0.00            0.00            0.01
Writeback                   0.00            0.00            0.00            0.00            0.00
FilePages                 219.17          275.36            2.45            0.00          496.98
AnonPages               30758.93          772.06         2976.27            0.00        34507.26
PageTables                 95.10           32.15            0.00            0.00          127.25
WritebackTmp                0.00            0.00            0.00            0.00            0.00
MemTotal                63888.29        64466.73       514048.00       514048.00      1156451.01
MemFree                 23818.32        54518.24       511062.78       514047.97      1103447.31
MemUsed                 40069.96         9948.48         2985.22            0.03        53003.70
Dirty                       0.02            0.14            0.02            0.00            0.17
Writeback                   0.00            0.00            0.00            0.00            0.00
FilePages                 219.18          275.36            2.45            0.00          496.99
AnonPages               30761.04          772.14         2974.27            0.00        34507.45
PageTables                 95.06           32.15            0.00            0.00          127.21
WritebackTmp                0.00            0.00            0.00            0.00            0.00
MemTotal                63888.29        64466.73       514048.00       514048.00      1156451.01
MemFree                 23818.33        54518.48       511062.78       514047.97      1103447.56
MemUsed                 40069.96         9948.24         2985.22            0.03        53003.45
Dirty                       0.02            0.01            0.00            0.00            0.03
Writeback                   0.00            0.00            0.00            0.00            0.00
FilePages                 219.19          275.36            2.45            0.00          497.00
AnonPages               30761.07          772.23         2974.27            0.00        34507.57
PageTables                 95.04           32.15            0.00            0.00          127.20
WritebackTmp                0.00            0.00            0.00            0.00            0.00
MemTotal                63888.29        64466.73       514048.00       514048.00      1156451.01
MemFree                 46673.46        54518.48       513132.78       514047.97      1128372.69
MemUsed                 17214.82         9948.24          915.22            0.03        28078.32
Dirty                       0.03            0.14            0.01            0.00            0.18
Writeback                   0.00            0.00            0.00            0.00            0.00
FilePages                 219.20          275.36            2.45            0.00          497.01
AnonPages                 967.15          772.30            0.27            0.00         1739.72
PageTables                 31.06           32.15            0.00            0.00           63.21
WritebackTmp                0.00            0.00            0.00            0.00            0.00
