72.56692075873072
70.45434782608696
71.49876608496386
72.46351250055118
71.57789076308727
70.5621494717621
72.77709702573243
72.00140928808932
71.5686917010726
71.5799699726221
70.65125458133635
71.39441701901579
72.08419296782407
71.6480042741702
72.3359891134962
71.06916866681213
72.08449138410228
71.16496413823081
70.78570331526866
71.68038121291006
71.6239502672047
71.94643879663481
71.94017503374407
72.29671708831495
72.45292182705256
71.23561346362649
71.66637424335468
72.10761143261033
71.94449346981997
72.703291911925
72.70442470072092
71.52690045741669
71.71496143049754
72.9488808094967
71.64720452937013
71.25923981979618
72.17301022774967
72.41318448572564
70.96984727842319
72.50417176549115
72.8792651496795
72.70969892234196
71.65328633901181
73.1320538021512
70.32617170579572
71.93443196988598
72.79098378663386
70.83260945100764
71.80886170634048
72.46142059757032
71.53241778570963
72.0769987968938
72.51918467864289
72.8568281938326
71.461122187411
71.66951043444021
72.74025888402963
71.7576125618114
71.5524832687566
71.50284884854524
72.40669804093247
71.61636045494313
71.05620537083279
72.38957149777602
71.37101165196559
71.59758108851017
72.27801094289042
72.89695057833859
72.02168045467512
72.70261329804829
70.68636692461143
71.75466712868715
72.14718614718615
72.65853390482471
71.74729304924904
71.33110976349303
