MemTotal                63854.68        64492.78       514048.00       514048.00      1156443.45
MemFree                 27831.11          159.93       338909.58       473820.35       840720.96
MemUsed                 36023.57        64332.85       175138.42        40227.65       315722.49
Dirty                    2231.59            0.00           60.39            0.00         2291.99
Writeback                   0.00            0.00            0.00            0.00            0.00
FilePages               24111.67        54318.13       174328.52        40208.64       292966.96
AnonPages                 679.95           66.16            4.46            0.00          750.57
PageTables                 46.04            1.74            0.51            0.00           48.29
WritebackTmp                0.00            0.00            0.00            0.00            0.00
MemTotal                63854.68        64492.78       514048.00       514048.00      1156443.45
MemFree                 15513.27          159.96       338919.11       473820.35       828412.68
MemUsed                 48341.41        64332.82       175128.89        40227.65       328030.77
Dirty                    4762.63            0.00           60.40            0.00         4823.03
Writeback                   0.00            0.00            0.00            0.00            0.00
FilePages               29172.70        54318.13       174328.52        40208.64       298028.00
AnonPages                7834.44           66.07            4.26            0.00         7904.77
PageTables                 58.62            1.74            0.20            0.00           60.56
WritebackTmp                0.00            0.00            0.00            0.00            0.00
MemTotal                63854.68        64492.78       514048.00       514048.00      1156443.45
MemFree                  2933.05          160.03       338920.55       473820.35       815833.98
MemUsed                 60921.62        64332.75       175127.45        40227.65       340609.47
Dirty                    7309.64            0.00           60.40            0.00         7370.05
Writeback                   0.00            0.00            0.00            0.00            0.00
FilePages               34267.74        54318.13       174328.52        40208.64       303123.04
AnonPages               15218.25           65.97            3.80            0.00        15288.02
PageTables                 73.20            1.74            0.20            0.00           75.14
WritebackTmp                0.00            0.00            0.00            0.00            0.00
MemTotal                63854.68        64492.78       514048.00       514048.00      1156443.45
MemFree                   367.96          160.71       334520.29       473820.35       808869.31
MemUsed                 63486.71        64332.07       179527.71        40227.65       347574.14
Dirty                     921.81            0.00         1333.13            0.00         2254.95
Writeback                  72.29            0.00            0.00            0.00           72.29
FilePages               34030.81        54318.13       177360.27        40208.64       305917.86
AnonPages               17988.18           65.93         1344.40            0.00        19398.50
PageTables                 78.71            1.74            2.59            0.00           83.04
WritebackTmp                0.00            0.00            0.00            0.00            0.00
MemTotal                63854.68        64492.78       514048.00       514048.00      1156443.45
MemFree                   368.71          158.88       329292.87       473820.35       803640.80
MemUsed                 63485.96        64333.90       184755.13        40227.65       352802.65
Dirty                       0.24            0.00            0.12            0.00            0.36
Writeback                   0.00            0.00            0.00            0.00            0.00
FilePages               30237.11        54318.13       181154.21        40208.64       305918.09
AnonPages               21776.91           65.93         2749.71            0.00        24592.55
PageTables                 86.09            1.74            5.22            0.00           93.05
WritebackTmp                0.00            0.00            0.00            0.00            0.00
MemTotal                63854.68        64492.78       514048.00       514048.00      1156443.45
MemFree                   368.17          157.75       323651.38       473820.35       797997.65
MemUsed                 63486.51        64335.02       190396.62        40227.65       358445.80
Dirty                       0.02            0.00            0.01            0.00            0.02
Writeback                   0.00            0.00            0.00            0.00            0.00
FilePages               26353.02        54318.13       185038.30        40208.64       305918.10
AnonPages               25654.00           65.93         4499.66            0.00        30219.58
PageTables                 93.55            1.74            8.74            0.00          104.03
WritebackTmp                0.00            0.00            0.00            0.00            0.00
MemTotal                63854.68        64492.78       514048.00       514048.00      1156443.45
MemFree                   368.20          157.76       317621.44       473820.35       791967.75
MemUsed                 63486.48        64335.02       196426.56        40227.65       364475.71
Dirty                       0.02            0.00            0.01            0.00            0.03
Writeback                   0.00            0.00            0.00            0.00            0.00
FilePages               22510.99        54318.13       188880.36        40208.64       305918.12
AnonPages               29487.90           65.93         6674.77            0.00        36228.59
PageTables                100.89            1.74           13.30            0.00          115.94
WritebackTmp                0.00            0.00            0.00            0.00            0.00
MemTotal                63854.68        64492.78       514048.00       514048.00      1156443.45
MemFree                   368.25          157.34       311461.64       473820.35       785807.58
MemUsed                 63486.43        64335.44       202586.36        40227.65       370635.87
Dirty                       0.00            0.00            0.00            0.00            0.01
Writeback                   0.00            0.00            0.00            0.00            0.00
FilePages               18511.40        54318.13       192879.94        40208.64       305918.12
AnonPages               33479.82           65.93         8824.18            0.00        42369.93
PageTables                108.72            1.74           17.21            0.00          127.67
WritebackTmp                0.00            0.00            0.00            0.00            0.00
MemTotal                63854.68        64492.78       514048.00       514048.00      1156443.45
MemFree                  3334.02          156.50       304020.82       473820.35       781331.70
MemUsed                 60520.65        64336.27       210027.18        40227.65       375111.75
Dirty                       0.04            0.00            0.01            0.00            0.04
Writeback                   0.00            0.00            0.00            0.00            0.00
FilePages               16319.59        54318.13       195071.77        40208.64       305918.14
AnonPages               32661.46           66.43        14051.53            0.00        46779.42
PageTables                113.81            1.91           27.46            0.00          143.19
WritebackTmp                0.00            0.00            0.00            0.00            0.00
MemTotal                63854.68        64492.78       514048.00       514048.00      1156443.45
MemFree                  2445.74          156.84       304047.18       473820.35       780470.12
MemUsed                 61408.93        64335.94       210000.82        40227.65       375973.34
Dirty                       0.00            0.00            0.00            0.00            0.00
Writeback                   0.00            0.00            0.00            0.00            0.00
FilePages               16319.60        54318.13       195071.77        40208.64       305918.15
AnonPages               33531.24           66.38        14050.27            0.00        47647.89
PageTables                158.57            1.74           27.46            0.00          187.77
WritebackTmp                0.00            0.00            0.00            0.00            0.00
MemTotal                63854.68        64492.78       514048.00       514048.00      1156443.45
MemFree                  2445.46          158.02       304065.25       473820.35       780489.08
MemUsed                 61409.22        64334.75       209982.75        40227.65       375954.37
Dirty                       0.02            0.00            0.01            0.00            0.02
Writeback                   0.00            0.00            0.00            0.00            0.00
FilePages               16319.62        54318.13       195071.77        40208.64       305918.17
AnonPages               33530.89           66.38        14050.27            0.00        47647.54
PageTables                158.31            1.74           27.46            0.00          187.51
WritebackTmp                0.00            0.00            0.00            0.00            0.00
MemTotal                63854.68        64492.78       514048.00       514048.00      1156443.45
MemFree                  2441.43          157.79       304072.55       473820.35       780492.12
MemUsed                 61413.25        64334.99       209975.45        40227.65       375951.33
Dirty                       0.06            0.00            0.02            0.00            0.09
Writeback                   0.00            0.00            0.00            0.00            0.00
FilePages               16319.66        54318.13       195071.77        40208.64       305918.20
AnonPages               33531.20           66.43        14050.27            0.00        47647.89
PageTables                160.80            1.80           27.46            0.00          190.06
WritebackTmp                0.00            0.00            0.00            0.00            0.00
MemTotal                63854.68        64492.78       514048.00       514048.00      1156443.45
MemFree                  2451.63          157.80       304077.46       473820.35       780507.25
MemUsed                 61403.04        64334.98       209970.54        40227.65       375936.21
Dirty                       0.00            0.00            0.01            0.00            0.01
Writeback                   0.00            0.00            0.00            0.00            0.00
FilePages               16319.67        54318.13       195071.77        40208.64       305918.22
AnonPages               33530.19           66.34        14050.27            0.00        47646.80
PageTables                157.45            1.74           27.46            0.00          186.65
WritebackTmp                0.00            0.00            0.00            0.00            0.00
MemTotal                63854.68        64492.78       514048.00       514048.00      1156443.45
MemFree                  2449.52          157.59       304078.57       473820.35       780506.04
MemUsed                 61405.16        64335.18       209969.43        40227.65       375937.42
Dirty                       0.00            0.00            0.00            0.00            0.00
Writeback                   0.00            0.00            0.00            0.00            0.00
FilePages               16319.68        54318.13       195071.77        40208.64       305918.23
AnonPages               33531.48           66.43        14050.06            0.00        47647.96
PageTables                158.25            1.80           27.46            0.00          187.51
WritebackTmp                0.00            0.00            0.00            0.00            0.00
MemTotal                63854.68        64492.78       514048.00       514048.00      1156443.45
MemFree                  2449.82          158.15       304083.52       473820.35       780511.84
MemUsed                 61404.86        64334.63       209964.48        40227.65       375931.62
Dirty                       0.02            0.00            0.00            0.00            0.02
Writeback                   0.00            0.00            0.00            0.00            0.00
FilePages               16319.70        54318.13       195071.77        40208.64       305918.25
AnonPages               33531.27           66.42        14050.06            0.00        47647.75
PageTables                158.30            1.74           27.46            0.00          187.51
WritebackTmp                0.00            0.00            0.00            0.00            0.00
MemTotal                63854.68        64492.78       514048.00       514048.00      1156443.45
MemFree                  2436.29          158.09       304084.96       473820.35       780499.70
MemUsed                 61418.38        64334.69       209963.04        40227.65       375943.76
Dirty                       0.00            0.00            0.00            0.00            0.00
Writeback                   0.00            0.00            0.00            0.00            0.00
FilePages               16319.71        54318.14       195071.77        40208.64       305918.27
AnonPages               33544.62           66.83        14050.06            0.00        47661.51
PageTables                158.22            1.82           27.46            0.00          187.50
WritebackTmp                0.00            0.00            0.00            0.00            0.00
MemTotal                63854.68        64492.78       514048.00       514048.00      1156443.45
MemFree                  2452.27          157.63       304085.52       473820.35       780515.77
MemUsed                 61402.41        64335.15       209962.48        40227.65       375927.68
Dirty                       0.01            0.00            0.00            0.00            0.02
Writeback                   0.00            0.00            0.00            0.00            0.00
FilePages               16319.73        54318.14       195071.77        40208.64       305918.28
AnonPages               33531.15           66.50        14050.06            0.00        47647.71
PageTables                158.25            1.80           27.46            0.00          187.51
WritebackTmp                0.00            0.00            0.00            0.00            0.00
MemTotal                63854.68        64492.78       514048.00       514048.00      1156443.45
MemFree                  2458.45          158.12       304086.01       473820.35       780522.93
MemUsed                 61396.23        64334.66       209961.99        40227.65       375920.52
Dirty                       0.00            0.00            0.00            0.00            0.00
Writeback                   0.00            0.00            0.00            0.00            0.00
FilePages               16319.75        54318.14       195071.77        40208.64       305918.30
AnonPages               33523.23           66.35        14050.06            0.00        47639.64
PageTables                154.55            1.74           27.46            0.00          183.75
WritebackTmp                0.00            0.00            0.00            0.00            0.00
MemTotal                63854.68        64492.78       514048.00       514048.00      1156443.45
MemFree                  2448.78          156.20       304087.53       473820.35       780512.86
MemUsed                 61405.89        64336.57       209960.47        40227.65       375930.59
Dirty                       0.01            0.00            0.00            0.00            0.02
Writeback                   0.00            0.00            0.00            0.00            0.00
FilePages               16319.76        54318.14       195071.77        40208.64       305918.31
AnonPages               33531.20           66.90        14049.99            0.00        47648.10
PageTables                158.51            1.77           27.46            0.00          187.75
WritebackTmp                0.00            0.00            0.00            0.00            0.00
MemTotal                63854.68        64492.78       514048.00       514048.00      1156443.45
MemFree                  2440.56          156.75       304088.92       473820.35       780506.58
MemUsed                 61414.12        64336.03       209959.08        40227.65       375936.87
Dirty                       0.01            0.00            0.00            0.00            0.01
Writeback                   0.00            0.00            0.00            0.00            0.00
FilePages               16320.28        54318.14       195071.77        40208.64       305918.83
AnonPages               33533.61           66.78        14049.99            0.00        47650.38
PageTables                158.97            1.94           27.46            0.00          188.37
WritebackTmp                0.00            0.00            0.00            0.00            0.00
MemTotal                63854.68        64492.78       514048.00       514048.00      1156443.45
MemFree                  2440.14          143.62       304090.69       473820.35       780494.80
MemUsed                 61414.54        64349.16       209957.31        40227.65       375948.66
Dirty                       0.02            0.01            0.02            0.00            0.05
Writeback                   0.00            0.00            0.00            0.00            0.00
FilePages               16320.29        54318.14       195071.77        40208.64       305918.85
AnonPages               33534.29           80.40        14049.99            0.00        47664.68
PageTables                159.17            2.09           27.46            0.00          188.71
WritebackTmp                0.00            0.00            0.00            0.00            0.00
MemTotal                63854.68        64492.78       514048.00       514048.00      1156443.45
MemFree                  2441.85          156.60       304090.97       473820.35       780509.78
MemUsed                 61412.82        64336.18       209957.03        40227.65       375933.68
Dirty                       0.00            0.00            0.00            0.00            0.01
Writeback                   0.00            0.00            0.00            0.00            0.00
FilePages               16320.30        54318.14       195071.77        40208.64       305918.86
AnonPages               33533.02           66.74        14049.89            0.00        47649.66
PageTables                158.94            1.74           27.46            0.00          188.14
WritebackTmp                0.00            0.00            0.00            0.00            0.00
MemTotal                63854.68        64492.78       514048.00       514048.00      1156443.45
MemFree                  2444.05          154.63       304092.02       473820.35       780511.06
MemUsed                 61410.62        64338.14       209955.98        40227.65       375932.39
Dirty                       0.00            0.00            0.00            0.00            0.01
Writeback                   0.00            0.00            0.00            0.00            0.00
FilePages               16320.32        54319.77       195071.77        40208.64       305920.50
AnonPages               33529.80           66.62        14049.89            0.00        47646.31
PageTables                157.46            1.85           27.46            0.00          186.77
WritebackTmp                0.00            0.00            0.00            0.00            0.00
MemTotal                63854.68        64492.78       514048.00       514048.00      1156443.45
MemFree                  2440.37          154.50       304092.29       473820.35       780507.51
MemUsed                 61414.30        64338.27       209955.71        40227.65       375935.94
Dirty                       0.00            0.50            0.00            0.00            0.50
Writeback                   0.00            0.00            0.00            0.00            0.00
FilePages               16320.38        54319.77       195071.77        40208.60       305920.52
AnonPages               33532.54           66.16        14049.89            0.00        47648.59
PageTables                158.25            1.80           27.46            0.00          187.51
WritebackTmp                0.00            0.00            0.00            0.00            0.00
MemTotal                63854.68        64492.78       514048.00       514048.00      1156443.45
MemFree                  2440.91          155.15       304092.54       473820.39       780509.00
MemUsed                 61413.76        64337.62       209955.46        40227.61       375934.45
Dirty                       0.03            0.06            0.00            0.00            0.09
Writeback                   0.00            0.00            0.00            0.00            0.00
FilePages               16320.40        54319.78       195071.77        40208.60       305920.55
AnonPages               33532.03           66.33        14049.88            0.00        47648.24
PageTables                158.34            1.80           27.46            0.00          187.59
WritebackTmp                0.00            0.00            0.00            0.00            0.00
MemTotal                63854.68        64492.78       514048.00       514048.00      1156443.45
MemFree                  2429.95          155.38       304092.62       473820.39       780498.35
MemUsed                 61424.73        64337.40       209955.38        40227.61       375945.11
Dirty                       0.02            0.00            0.02            0.00            0.05
Writeback                   0.00            0.00            0.00            0.00            0.00
FilePages               16320.41        54319.78       195071.77        40208.60       305920.56
AnonPages               33545.50           66.61        14049.88            0.00        47662.00
PageTables                158.45            1.91           27.46            0.00          187.81
WritebackTmp                0.00            0.00            0.00            0.00            0.00
MemTotal                63854.68        64492.78       514048.00       514048.00      1156443.45
MemFree                  2444.01          155.52       304092.63       473820.39       780512.55
MemUsed                 61410.67        64337.26       209955.37        40227.61       375930.91
Dirty                       0.00            0.00            0.00            0.00            0.01
Writeback                   0.00            0.00            0.00            0.00            0.00
FilePages               16320.43        54319.78       195071.77        40208.60       305920.58
AnonPages               33532.91           66.20        14049.88            0.00        47648.98
PageTables                158.41            1.79           27.46            0.00          187.66
WritebackTmp                0.00            0.00            0.00            0.00            0.00
MemTotal                63854.68        64492.78       514048.00       514048.00      1156443.45
MemFree                  2919.43          156.63       304092.64       473820.39       780989.10
MemUsed                 60935.24        64336.14       209955.36        40227.61       375454.36
Dirty                       0.01            0.00            0.00            0.00            0.02
Writeback                   0.00            0.00            0.00            0.00            0.00
FilePages               16320.45        54319.78       195071.77        40208.60       305920.59
AnonPages               33031.68           65.88        14049.88            0.00        47147.44
PageTables                154.54            1.72           27.46            0.00          183.71
WritebackTmp                0.00            0.00            0.00            0.00            0.00
MemTotal                63854.68        64492.78       514048.00       514048.00      1156443.45
MemFree                  2442.07          155.91       304092.64       473820.39       780511.02
MemUsed                 61412.60        64336.86       209955.36        40227.61       375932.43
Dirty                       0.01            0.00            0.00            0.00            0.01
Writeback                   0.00            0.00            0.00            0.00            0.00
FilePages               16320.46        54319.78       195071.77        40208.60       305920.61
AnonPages               33532.25           66.07        14049.88            0.00        47648.19
PageTables                158.25            1.80           27.46            0.00          187.51
WritebackTmp                0.00            0.00            0.00            0.00            0.00
MemTotal                63854.68        64492.78       514048.00       514048.00      1156443.45
MemFree                  2439.34           72.19       304092.64       473579.85       780184.02
MemUsed                 61415.33        64420.59       209955.36        40468.15       376259.43
Dirty                       0.06           78.34            0.14          231.33          309.87
Writeback                   0.00            0.00            0.00            0.00            0.00
FilePages               16320.48        54398.11       195071.77        40439.93       306230.29
AnonPages               33533.36           66.48        14049.87            0.00        47649.72
PageTables                158.48            2.11           27.46            0.00          188.05
WritebackTmp                0.00            0.00            0.00            0.00            0.00
MemTotal                63854.68        64492.78       514048.00       514048.00      1156443.45
MemFree                  2234.98          213.16       304092.67       472302.17       778842.98
MemUsed                 61619.70        64279.62       209955.33        41745.83       377600.47
Dirty                     190.45         1028.49            0.02          332.93         1551.89
Writeback                   0.00            0.00            0.00            0.00            0.00
FilePages               16510.93        54227.74       195071.77        41714.14       307524.58
AnonPages               33543.81           66.29        14049.87            0.11        47660.07
PageTables                158.30            2.14           27.46            0.00          187.90
WritebackTmp                0.00            0.00            0.00            0.00            0.00
MemTotal                63854.68        64492.78       514048.00       514048.00      1156443.45
MemFree                   968.04          213.25       304092.67       472303.62       777577.59
MemUsed                 62886.63        64279.53       209955.33        41744.38       378865.87
Dirty                     586.64            0.26            0.00            0.00          586.90
Writeback                   8.37            0.00            0.00            0.00            8.37
FilePages               17757.64        54227.94       195071.77        41714.14       308771.50
AnonPages               33524.19           66.28        14049.87            0.04        47640.37
PageTables                154.62            2.11           27.46            0.00          184.19
WritebackTmp                0.00            0.00            0.00            0.00            0.00
MemTotal                63854.68        64492.78       514048.00       514048.00      1156443.45
MemFree                   325.97          212.75       303780.32       472304.29       776623.32
MemUsed                 63528.71        64280.03       210267.68        41743.71       379820.14
Dirty                     588.53            0.14          300.41            0.00          889.08
Writeback                   0.00            0.00            0.00            0.00            0.00
FilePages               18373.58        54227.95       195372.18        41714.14       309687.85
AnonPages               33533.48           66.47        14049.89            0.04        47649.88
PageTables                158.25            2.16           27.46            0.00          187.88
WritebackTmp                0.00            0.00            0.00            0.00            0.00
MemTotal                63854.68        64492.78       514048.00       514048.00      1156443.45
MemFree                   399.54          212.97       302832.70       472304.44       775749.66
MemUsed                 63455.14        64279.80       211215.30        41743.56       380693.80
Dirty                    1332.87            0.00          391.57            0.00         1724.44
Writeback                   0.00            0.00            0.00            0.00            0.00
FilePages               18274.96        54227.96       196306.80        41714.14       310523.86
AnonPages               33533.18           66.32        14050.24            0.01        47649.74
PageTables                158.25            2.11           27.52            0.00          187.88
WritebackTmp                0.00            0.00            0.00            0.00            0.00
MemTotal                63854.68        64492.78       514048.00       514048.00      1156443.45
MemFree                  5756.85          212.24       305671.33       472304.44       783944.86
MemUsed                 58097.82        64280.54       208376.67        41743.56       372498.59
Dirty                    3054.17            0.00          401.13            0.00         3455.30
Writeback                   0.00            0.00            0.00            0.00            0.00
FilePages               18765.39        54227.96       197546.77        41714.14       312254.28
AnonPages               27629.78           66.50         9978.77            0.01        37675.06
PageTables                153.97            2.22           20.08            0.00          176.27
WritebackTmp                0.00            0.00            0.00            0.00            0.00
