MemTotal                63854.68        64492.78       514048.00       514048.00      1156443.45
MemFree                  8127.97        52115.91       487862.50       495157.45      1043263.83
MemUsed                 55726.70        12376.87        26185.50        18890.55       113179.62
Dirty                       0.01            0.01            0.00            0.00            0.02
Writeback                   0.00            0.00            0.00            0.00            0.00
FilePages               45599.62         3326.41        25105.79        18736.12        92767.95
AnonPages                  34.48          541.14          284.06          150.88         1010.56
PageTables                 30.89           14.50            0.30            0.02           45.70
WritebackTmp                0.00            0.00            0.00            0.00            0.00
MemTotal                63854.68        64492.78       514048.00       514048.00      1156443.45
MemFree                   511.34        52116.14       487067.10       495157.45      1034852.02
MemUsed                 63343.33        12376.64        26980.90        18890.55       121591.43
Dirty                       0.05            0.02            0.14            0.00            0.21
Writeback                   0.00            0.00            0.00            0.00            0.00
FilePages               45599.62         3326.43        25105.79        18736.12        92767.97
AnonPages                7635.86          539.98         1081.51          150.86         9408.21
PageTables                 45.72           14.13            1.42            0.02           61.28
WritebackTmp                0.00            0.00            0.00            0.00            0.00
MemTotal                63854.68        64492.78       514048.00       514048.00      1156443.45
MemFree                   511.67        52117.97       483844.75       495157.45      1031631.83
MemUsed                 63343.00        12374.81        30203.25        18890.55       124811.62
Dirty                       0.01            0.04            0.00            0.00            0.05
Writeback                   0.00            0.00            0.00            0.00            0.00
FilePages               45599.62         3326.44        25105.79        18736.12        92767.98
AnonPages                7635.86          540.68         4296.79          150.86        12624.20
PageTables                 45.72           14.49            7.71            0.02           67.94
WritebackTmp                0.00            0.00            0.00            0.00            0.00
MemTotal                63854.68        64492.78       514048.00       514048.00      1156443.45
MemFree                   511.07        52120.02       482438.97       495157.46      1030227.52
MemUsed                 63343.61        12372.75        31609.03        18890.54       126215.93
Dirty                       0.00            0.01            0.00            0.00            0.02
Writeback                   0.00            0.00            0.00            0.00            0.00
FilePages               45599.62         3326.45        25105.80        18736.12        92768.00
AnonPages                7636.11          540.33         5685.66          150.86        14012.96
PageTables                 45.72           14.14           11.13            0.02           71.01
WritebackTmp                0.00            0.00            0.00            0.00            0.00
MemTotal                63854.68        64492.78       514048.00       514048.00      1156443.45
MemFree                   511.40        52119.59       482439.15       495157.49      1030227.62
MemUsed                 63343.28        12373.19        31608.85        18890.51       126215.83
Dirty                       0.00            0.01            0.00            0.00            0.01
Writeback                   0.00            0.00            0.00            0.00            0.00
FilePages               45599.62         3326.46        25105.80        18736.12        92768.01
AnonPages                7636.09          540.28         5685.78          150.86        14013.01
PageTables                 45.72           14.02           11.19            0.02           70.95
WritebackTmp                0.00            0.00            0.00            0.00            0.00
MemTotal                63854.68        64492.78       514048.00       514048.00      1156443.45
MemFree                   511.89        52118.20       482423.22       495157.49      1030210.80
MemUsed                 63342.79        12374.57        31624.78        18890.51       126232.65
Dirty                       0.00            0.01            0.01            0.00            0.02
Writeback                   0.00            0.00            0.00            0.00            0.00
FilePages               45599.62         3326.47        25105.82        18736.12        92768.04
AnonPages                7636.09          540.87         5699.04          150.86        14026.87
PageTables                 45.72           14.80           11.17            0.02           71.71
WritebackTmp                0.00            0.00            0.00            0.00            0.00
MemTotal                63854.68        64492.78       514048.00       514048.00      1156443.45
MemFree                   512.58        52117.62       482435.27       495157.73      1030223.21
MemUsed                 63342.10        12375.16        31612.73        18890.27       126220.25
Dirty                       0.00            0.00            0.00            0.00            0.00
Writeback                   0.00            0.00            0.00            0.00            0.00
FilePages               45599.62         3326.48        25105.82        18736.12        92768.05
AnonPages                7636.09          540.61         5685.70          150.86        14013.27
PageTables                 45.72           14.07           11.14            0.02           70.95
WritebackTmp                0.00            0.00            0.00            0.00            0.00
MemTotal                63854.68        64492.78       514048.00       514048.00      1156443.45
MemFree                   511.84        52118.58       482436.23       495157.73      1030224.39
MemUsed                 63342.84        12374.20        31611.77        18890.27       126219.06
Dirty                       0.00            0.02            0.00            0.00            0.02
Writeback                   0.00            0.00            0.00            0.00            0.00
FilePages               45599.63         3326.48        25105.82        18736.12        92768.07
AnonPages                7636.20          540.53         5685.68          150.86        14013.26
PageTables                 45.77           14.02           11.13            0.02           70.95
WritebackTmp                0.00            0.00            0.00            0.00            0.00
MemTotal                63854.68        64492.78       514048.00       514048.00      1156443.45
MemFree                   512.13        52118.19       482435.54       495158.08      1030223.93
MemUsed                 63342.55        12374.59        31612.46        18889.92       126219.52
Dirty                       0.00            0.00            0.00            0.00            0.01
Writeback                   0.00            0.00            0.00            0.00            0.00
FilePages               45599.63         3326.49        25105.82        18736.12        92768.07
AnonPages                7636.10          540.86         5685.78          150.86        14013.60
PageTables                 45.72           14.04           11.19            0.02           70.97
WritebackTmp                0.00            0.00            0.00            0.00            0.00
MemTotal                63854.68        64492.78       514048.00       514048.00      1156443.45
MemFree                   512.06        52118.06       482434.71       495158.08      1030222.91
MemUsed                 63342.62        12374.71        31613.29        18889.92       126220.54
Dirty                       0.00            0.01            0.00            0.00            0.01
Writeback                   0.00            0.00            0.00            0.00            0.00
FilePages               45599.64         3326.50        25105.82        18736.12        92768.09
AnonPages                7636.10          540.49         5685.69          150.86        14013.14
PageTables                 45.72           14.02           11.13            0.02           70.89
WritebackTmp                0.00            0.00            0.00            0.00            0.00
MemTotal                63854.68        64492.78       514048.00       514048.00      1156443.45
MemFree                   512.22        52118.82       482436.31       495158.08      1030225.43
MemUsed                 63342.46        12373.95        31611.69        18889.92       126218.02
Dirty                       0.00            0.01            0.00            0.00            0.01
Writeback                   0.00            0.00            0.00            0.00            0.00
FilePages               45599.64         3326.51        25105.82        18736.12        92768.10
AnonPages                7636.14          540.14         5685.68          150.86        14012.82
PageTables                 45.73           14.04           11.13            0.02           70.91
WritebackTmp                0.00            0.00            0.00            0.00            0.00
MemTotal                63854.68        64492.78       514048.00       514048.00      1156443.45
MemFree                   511.98        52118.44       482436.26       495158.08      1030224.76
MemUsed                 63342.70        12374.34        31611.74        18889.92       126218.69
Dirty                       0.00            0.01            0.00            0.00            0.01
Writeback                   0.00            0.00            0.00            0.00            0.00
FilePages               45599.65         3326.52        25105.83        18736.12        92768.12
AnonPages                7636.18          540.25         5685.69          150.86        14012.98
PageTables                 45.77           14.02           11.13            0.02           70.94
WritebackTmp                0.00            0.00            0.00            0.00            0.00
MemTotal                63854.68        64492.78       514048.00       514048.00      1156443.45
MemFree                   511.70        52118.87       482438.48       495158.08      1030227.12
MemUsed                 63342.98        12373.91        31609.52        18889.92       126216.33
Dirty                       0.00            0.01            0.00            0.00            0.02
Writeback                   0.00            0.00            0.00            0.00            0.00
FilePages               45599.66         3326.53        25105.83        18736.12        92768.14
AnonPages                7636.12          540.47         5685.67          150.86        14013.12
PageTables                 45.72           14.08           11.13            0.02           70.95
WritebackTmp                0.00            0.00            0.00            0.00            0.00
MemTotal                63854.68        64492.78       514048.00       514048.00      1156443.45
MemFree                   511.96        52118.31       482435.32       495158.08      1030223.68
MemUsed                 63342.71        12374.46        31612.68        18889.92       126219.77
Dirty                       0.00            0.02            0.00            0.00            0.02
Writeback                   0.00            0.00            0.00            0.00            0.00
FilePages               45599.66         3326.54        25105.84        18736.12        92768.15
AnonPages                7636.10          540.56         5685.77          150.85        14013.28
PageTables                 45.72           14.04           11.19            0.02           70.96
WritebackTmp                0.00            0.00            0.00            0.00            0.00
MemTotal                63854.68        64492.78       514048.00       514048.00      1156443.45
MemFree                   511.39        52117.60       482435.84       495158.09      1030222.92
MemUsed                 63343.29        12375.18        31612.16        18889.91       126220.53
Dirty                       0.00            0.00            0.00            0.00            0.00
Writeback                   0.00            0.00            0.00            0.00            0.00
FilePages               45599.66         3326.54        25105.84        18736.12        92768.16
AnonPages                7636.20          540.26         5685.64          150.85        14012.96
PageTables                 45.77           14.00           11.11            0.02           70.90
WritebackTmp                0.00            0.00            0.00            0.00            0.00
MemTotal                63854.68        64492.78       514048.00       514048.00      1156443.45
MemFree                   511.39        52117.90       482435.92       495158.09      1030223.30
MemUsed                 63343.29        12374.88        31612.08        18889.91       126220.15
Dirty                       0.00            0.00            0.00            0.00            0.01
Writeback                   0.00            0.00            0.00            0.00            0.00
FilePages               45599.66         3326.55        25105.85        18736.12        92768.18
AnonPages                7636.11          540.10         5685.70          150.85        14012.76
PageTables                 45.72           14.02           11.14            0.02           70.90
WritebackTmp                0.00            0.00            0.00            0.00            0.00
MemTotal                63854.68        64492.78       514048.00       514048.00      1156443.45
MemFree                   511.39        52118.18       482436.83       495158.09      1030224.48
MemUsed                 63343.29        12374.60        31611.17        18889.91       126218.97
Dirty                       0.00            0.00            0.00            0.00            0.00
Writeback                   0.00            0.00            0.00            0.00            0.00
FilePages               45599.66         3326.56        25105.86        18736.12        92768.20
AnonPages                7636.11          540.21         5685.76          150.85        14012.94
PageTables                 45.72           14.02           11.19            0.02           70.95
WritebackTmp                0.00            0.00            0.00            0.00            0.00
MemTotal                63854.68        64492.78       514048.00       514048.00      1156443.45
MemFree                   511.39        52119.34       482435.85       495158.09      1030224.67
MemUsed                 63343.29        12373.43        31612.15        18889.91       126218.78
Dirty                       0.00            0.01            0.01            0.00            0.02
Writeback                   0.00            0.00            0.00            0.00            0.00
FilePages               45599.66         3326.57        25105.87        18736.12        92768.21
AnonPages                7636.11          539.46         5685.76          150.85        14012.18
PageTables                 45.72           14.02           11.19            0.02           70.95
WritebackTmp                0.00            0.00            0.00            0.00            0.00
MemTotal                63854.68        64492.78       514048.00       514048.00      1156443.45
MemFree                   511.73        52118.58       482434.72       495158.09      1030223.11
MemUsed                 63342.95        12374.20        31613.28        18889.91       126220.34
Dirty                       0.01            0.02            0.00            0.00            0.02
Writeback                   0.00            0.00            0.00            0.00            0.00
FilePages               45599.66         3326.58        25105.88        18736.12        92768.23
AnonPages                7636.10          539.96         5685.77          150.85        14012.68
PageTables                 45.72           14.02           11.19            0.02           70.95
WritebackTmp                0.00            0.00            0.00            0.00            0.00
MemTotal                63854.68        64492.78       514048.00       514048.00      1156443.45
MemFree                   511.73        52119.57       482433.27       495158.09      1030222.66
MemUsed                 63342.95        12373.21        31614.73        18889.91       126220.79
Dirty                       0.01            0.01            0.01            0.00            0.03
Writeback                   0.00            0.00            0.00            0.00            0.00
FilePages               45599.66         3326.60        25105.88        18736.12        92768.26
AnonPages                7636.10          540.20         5685.69          150.85        14012.83
PageTables                 45.72           14.02           11.13            0.02           70.89
WritebackTmp                0.00            0.00            0.00            0.00            0.00
MemTotal                63854.68        64492.78       514048.00       514048.00      1156443.45
MemFree                   511.97        52118.88       482433.01       495158.09      1030221.95
MemUsed                 63342.70        12373.90        31614.99        18889.91       126221.50
Dirty                       0.00            0.00            0.00            0.00            0.00
Writeback                   0.00            0.00            0.00            0.00            0.00
FilePages               45599.66         3326.61        25105.89        18736.12        92768.27
AnonPages                7636.10          540.34         5685.69          150.85        14012.98
PageTables                 45.72           14.02           11.13            0.02           70.89
WritebackTmp                0.00            0.00            0.00            0.00            0.00
MemTotal                63854.68        64492.78       514048.00       514048.00      1156443.45
MemFree                   511.48        52118.59       482433.02       495158.09      1030221.18
MemUsed                 63343.19        12374.18        31614.98        18889.91       126222.27
Dirty                       0.00            0.01            0.00            0.00            0.02
Writeback                   0.00            0.00            0.00            0.00            0.00
FilePages               45599.66         3326.61        25105.89        18736.12        92768.29
AnonPages                7636.10          540.49         5685.73          150.85        14013.17
PageTables                 45.72           14.02           11.15            0.02           70.91
WritebackTmp                0.00            0.00            0.00            0.00            0.00
MemTotal                63854.68        64492.78       514048.00       514048.00      1156443.45
MemFree                   511.77        52119.00       482432.28       495158.09      1030221.14
MemUsed                 63342.91        12373.78        31615.72        18889.91       126222.32
Dirty                       0.00            0.00            0.00            0.00            0.00
Writeback                   0.00            0.00            0.00            0.00            0.00
FilePages               45599.66         3326.62        25105.89        18736.12        92768.30
AnonPages                7636.10          540.38         5685.78          150.85        14013.10
PageTables                 45.72           14.10           11.19            0.02           71.02
WritebackTmp                0.00            0.00            0.00            0.00            0.00
MemTotal                63854.68        64492.78       514048.00       514048.00      1156443.45
MemFree                   511.77        52119.30       482432.29       495158.09      1030221.44
MemUsed                 63342.91        12373.48        31615.71        18889.91       126222.01
Dirty                       0.00            0.00            0.01            0.00            0.01
Writeback                   0.00            0.00            0.00            0.00            0.00
FilePages               45599.66         3326.63        25105.90        18736.12        92768.32
AnonPages                7636.09          540.43         5685.73          150.85        14013.10
PageTables                 45.72           14.02           11.14            0.02           70.90
WritebackTmp                0.00            0.00            0.00            0.00            0.00
MemTotal                63854.68        64492.78       514048.00       514048.00      1156443.45
MemFree                   511.77        52119.84       482432.53       495158.09      1030222.23
MemUsed                 63342.91        12372.94        31615.47        18889.91       126221.23
Dirty                       0.00            0.00            0.00            0.00            0.00
Writeback                   0.00            0.00            0.00            0.00            0.00
FilePages               45599.66         3326.64        25105.91        18736.12        92768.34
AnonPages                7636.09          539.55         5685.70          150.85        14012.19
PageTables                 45.72           13.98           11.14            0.02           70.86
WritebackTmp                0.00            0.00            0.00            0.00            0.00
MemTotal                63854.68        64492.78       514048.00       514048.00      1156443.45
MemFree                   511.77        52119.89       482432.29       495158.09      1030222.04
MemUsed                 63342.91        12372.89        31615.71        18889.91       126221.41
Dirty                       0.01            0.01            0.00            0.00            0.02
Writeback                   0.00            0.00            0.00            0.00            0.00
FilePages               45599.66         3326.65        25105.91        18736.12        92768.35
AnonPages                7636.09          539.83         5685.78          150.85        14012.55
PageTables                 45.72           14.10           11.19            0.02           71.02
WritebackTmp                0.00            0.00            0.00            0.00            0.00
MemTotal                63854.68        64492.78       514048.00       514048.00      1156443.45
MemFree                   511.77        52120.07       482432.05       495158.09      1030221.98
MemUsed                 63342.91        12372.71        31615.95        18889.91       126221.47
Dirty                       0.00            0.00            0.00            0.00            0.00
Writeback                   0.00            0.00            0.00            0.00            0.00
FilePages               45599.66         3326.66        25105.92        18736.12        92768.37
AnonPages                7636.09          539.83         5685.73          150.85        14012.51
PageTables                 45.72           14.02           11.15            0.02           70.91
WritebackTmp                0.00            0.00            0.00            0.00            0.00
MemTotal                63854.68        64492.78       514048.00       514048.00      1156443.45
MemFree                   511.80        52119.16       482429.36       495158.09      1030218.41
MemUsed                 63342.88        12373.62        31618.64        18889.91       126225.04
Dirty                       0.00            0.01            0.00            0.00            0.01
Writeback                   0.00            0.00            0.00            0.00            0.00
FilePages               45599.66         3326.66        25105.92        18736.12        92768.38
AnonPages                7636.09          539.75         5685.78          150.85        14012.48
PageTables                 45.72           14.02           11.19            0.02           70.95
WritebackTmp                0.00            0.00            0.00            0.00            0.00
MemTotal                63854.68        64492.78       514048.00       514048.00      1156443.45
MemFree                   511.80        52119.62       482430.11       495158.09      1030219.62
MemUsed                 63342.88        12373.16        31617.89        18889.91       126223.83
Dirty                       0.00            0.00            0.00            0.00            0.00
Writeback                   0.00            0.00            0.00            0.00            0.00
FilePages               45599.66         3326.67        25105.93        18736.12        92768.39
AnonPages                7636.09          539.85         5685.78          150.85        14012.57
PageTables                 45.72           14.02           11.19            0.02           70.95
WritebackTmp                0.00            0.00            0.00            0.00            0.00
MemTotal                63854.68        64492.78       514048.00       514048.00      1156443.45
MemFree                   511.80        52120.52       482429.66       495158.09      1030220.07
MemUsed                 63342.88        12372.26        31618.34        18889.91       126223.39
Dirty                       0.00            0.00            0.01            0.00            0.01
Writeback                   0.00            0.00            0.00            0.00            0.00
FilePages               45599.66         3326.68        25105.94        18736.12        92768.41
AnonPages                7636.09          540.05         5685.70          150.85        14012.69
PageTables                 45.72           14.03           11.14            0.02           70.91
WritebackTmp                0.00            0.00            0.00            0.00            0.00
MemTotal                63854.68        64492.78       514048.00       514048.00      1156443.45
MemFree                   511.80        52120.30       482429.67       495158.09      1030219.86
MemUsed                 63342.88        12372.48        31618.33        18889.91       126223.59
Dirty                       0.00            0.00            0.00            0.00            0.00
Writeback                   0.00            0.00            0.00            0.00            0.00
FilePages               45599.66         3326.69        25105.95        18736.12        92768.43
AnonPages                7636.09          540.15         5685.71          150.85        14012.81
PageTables                 45.72           14.02           11.15            0.02           70.91
WritebackTmp                0.00            0.00            0.00            0.00            0.00
MemTotal                63854.68        64492.78       514048.00       514048.00      1156443.45
MemFree                   511.80        52120.23       482429.19       495158.09      1030219.31
MemUsed                 63342.88        12372.55        31618.81        18889.91       126224.14
Dirty                       0.01            0.01            0.00            0.00            0.02
Writeback                   0.00            0.00            0.00            0.00            0.00
FilePages               45599.66         3326.70        25105.96        18736.12        92768.45
AnonPages                7636.09          540.28         5685.77          150.85        14013.00
PageTables                 45.72           14.02           11.18            0.02           70.94
WritebackTmp                0.00            0.00            0.00            0.00            0.00
MemTotal                63854.68        64492.78       514048.00       514048.00      1156443.45
MemFree                   511.80        52119.72       482429.20       495158.09      1030218.81
MemUsed                 63342.88        12373.05        31618.80        18889.91       126224.64
Dirty                       0.00            0.00            0.00            0.00            0.00
Writeback                   0.00            0.00            0.00            0.00            0.00
FilePages               45599.66         3326.70        25105.96        18736.12        92768.45
AnonPages                7636.09          540.39         5685.78          150.85        14013.11
PageTables                 45.72           14.02           11.18            0.02           70.94
WritebackTmp                0.00            0.00            0.00            0.00            0.00
MemTotal                63854.68        64492.78       514048.00       514048.00      1156443.45
MemFree                   511.80        52117.48       482427.50       495158.09      1030214.87
MemUsed                 63342.88        12375.30        31620.50        18889.91       126228.58
Dirty                       0.00            0.00            0.00            0.00            0.00
Writeback                   0.00            0.00            0.00            0.00            0.00
FilePages               45599.66         3326.71        25105.97        18736.12        92768.47
AnonPages                7636.09          540.23         5685.78          150.85        14012.96
PageTables                 45.72           14.02           11.18            0.02           70.94
WritebackTmp                0.00            0.00            0.00            0.00            0.00
MemTotal                63854.68        64492.78       514048.00       514048.00      1156443.45
MemFree                   511.80        52114.71       482429.73       495158.09      1030214.32
MemUsed                 63342.88        12378.07        31618.27        18889.91       126229.13
Dirty                       0.00            0.00            0.00            0.00            0.02
Writeback                   0.00            0.00            0.00            0.00            0.00
FilePages               45599.66         3326.72        25105.98        18736.12        92768.49
AnonPages                7636.09          539.89         5686.83          150.84        14013.66
PageTables                 45.72           16.63           11.18            0.02           73.55
WritebackTmp                0.00            0.00            0.00            0.00            0.00
