6.4753935046822075
6.84477700497742
7.110829596786291
6.9733944802238375
6.764975422810964
6.658702108948512
7.599773091297384
6.346033109737964
7.064010287069355
6.911039798855328
7.959166596937495
6.300995770473241
6.779887670500134
6.533355459674743
6.6307556326401285
7.653556485355648
7.0611196370187495
7.476682295229673
6.724882063635452
6.711297628563815
6.858996640018538
6.725209537933448
6.422658821182806
6.558388500725375
7.418432559704002
7.076948840324876
6.656133056133056
6.776715899218071
6.93232257742756
7.337055871306545
7.372623070297489
7.254488382521466
6.406694504982615
7.029716149213004
6.744504813964626
7.036833424958768
6.413317416102932
6.823712483652557
6.605087725116912
7.335617010610744
7.332965766127011
7.020860168286522
6.229829989686262
6.305395868193038
6.210612082010011
7.236105307145842
6.640035802489599
6.977289083027899
6.838857751093519
6.629852522981285
6.666446270062979
6.83458659208521
6.533779974130211
7.276294463874435
