MemTotal                63856.97        64493.11       514048.00       514048.00      1156446.08
MemFree                 53955.27        55720.39       514047.78       514047.78      1137771.22
MemUsed                  9901.70         8772.72            0.22            0.22        18674.86
Dirty                       0.14            0.00            0.00            0.00            0.14
Writeback                   0.00            0.00            0.00            0.00            0.00
FilePages                 384.61           10.88            0.00            0.00          395.50
AnonPages                 482.92          122.91            0.00            0.00          605.84
PageTables                 26.33            5.50            0.00            0.00           31.82
WritebackTmp                0.00            0.00            0.00            0.00            0.00
MemTotal                63856.97        64493.11       514048.00       514048.00      1156446.08
MemFree                 48804.09        55716.43       512857.57       514047.78      1131425.87
MemUsed                 15052.88         8776.68         1190.43            0.22        25020.21
Dirty                       0.00            0.00            0.00            0.00            0.01
Writeback                   0.00            0.00            0.00            0.00            0.00
FilePages                 383.13           10.88            2.06            0.00          396.07
AnonPages                5602.34          122.91         1184.00            0.00         6909.25
PageTables                 39.27            5.50            0.00            0.00           44.77
WritebackTmp                0.00            0.00            0.00            0.00            0.00
MemTotal                63856.97        64493.11       514048.00       514048.00      1156446.08
MemFree                 48792.94        55716.68       509543.45       514047.78      1128100.86
MemUsed                 15064.03         8776.43         4504.55            0.22        28345.22
Dirty                       0.14            0.00            0.02            0.00            0.15
Writeback                   0.00            0.00            0.00            0.00            0.00
FilePages                 382.34           10.88            2.86            0.00          396.08
AnonPages                5603.65          122.92         4499.25            0.00        10225.82
PageTables                 44.88            5.50            0.00            0.00           50.37
WritebackTmp                0.00            0.00            0.00            0.00            0.00
MemTotal                63856.97        64493.11       514048.00       514048.00      1156446.08
MemFree                 48779.28        55716.93       506259.21       514047.78      1124803.20
MemUsed                 15077.69         8776.18         7788.79            0.22        31642.88
Dirty                       0.10            0.00            0.02            0.00            0.12
Writeback                   0.00            0.00            0.00            0.00            0.00
FilePages                 382.33           10.88            2.88            0.00          396.09
AnonPages                5603.11          122.92         7781.49            0.00        13507.51
PageTables                 51.95            5.50            0.00            0.00           57.45
WritebackTmp                0.00            0.00            0.00            0.00            0.00
MemTotal                63856.97        64493.11       514048.00       514048.00      1156446.08
MemFree                 48766.36        55717.46       502999.39       514047.97      1121531.18
MemUsed                 15090.61         8775.65        11048.61            0.03        34914.89
Dirty                       0.01            0.00            0.00            0.00            0.02
Writeback                   0.00            0.00            0.00            0.00            0.00
FilePages                 382.34           10.88            2.88            0.00          396.10
AnonPages                5601.97          122.92        11041.49            0.00        16766.38
PageTables                 58.06            5.50            0.00            0.00           63.55
WritebackTmp                0.00            0.00            0.00            0.00            0.00
MemTotal                63856.97        64493.11       514048.00       514048.00      1156446.08
MemFree                 48749.98        55717.46       499951.39       514047.97      1118466.80
MemUsed                 15106.99         8775.65        14096.61            0.03        37979.28
Dirty                       0.00            0.00            0.02            0.00            0.02
Writeback                   0.00            0.00            0.00            0.00            0.00
FilePages                 382.51           10.88            2.88            0.00          396.27
AnonPages                5604.62          122.94        14089.49            0.00        19817.05
PageTables                 63.19            5.50            0.00            0.00           68.69
WritebackTmp                0.00            0.00            0.00            0.00            0.00
MemTotal                63856.97        64493.11       514048.00       514048.00      1156446.08
MemFree                 48740.64        55717.83       496623.60       514047.97      1115130.05
MemUsed                 15116.32         8775.28        17424.40            0.03        41316.03
Dirty                       0.00            0.00            0.00            0.00            0.00
Writeback                   0.00            0.00            0.00            0.00            0.00
FilePages                 382.65           10.88            2.88            0.00          396.41
AnonPages                5601.79          122.95        17419.49            0.00        23144.22
PageTables                 70.33            5.50            0.00            0.00           75.82
WritebackTmp                0.00            0.00            0.00            0.00            0.00
MemTotal                63856.97        64493.11       514048.00       514048.00      1156446.08
MemFree                 48725.77        55717.66       493811.60       514047.97      1112303.00
MemUsed                 15131.20         8775.45        20236.40            0.03        44143.07
Dirty                       0.24            0.00            0.02            0.00            0.25
Writeback                   0.00            0.00            0.00            0.00            0.00
FilePages                 384.88           10.88            2.88            0.00          398.64
AnonPages                5605.77          122.96        20233.49            0.00        25962.22
PageTables                 75.86            5.50            0.00            0.00           81.36
WritebackTmp                0.00            0.00            0.00            0.00            0.00
MemTotal                63856.97        64493.11       514048.00       514048.00      1156446.08
MemFree                 48712.97        55717.91       491121.60       514047.97      1109600.46
MemUsed                 15144.00         8775.20        22926.40            0.03        46845.62
Dirty                       0.06            0.00            0.00            0.00            0.07
Writeback                   0.00            0.00            0.00            0.00            0.00
FilePages                 385.71           10.88            2.88            0.00          399.47
AnonPages                5605.35          122.96        22921.49            0.00        28649.79
PageTables                 81.23            5.50            0.00            0.00           86.73
WritebackTmp                0.00            0.00            0.00            0.00            0.00
MemTotal                63856.97        64493.11       514048.00       514048.00      1156446.08
MemFree                 48695.78        55718.23       488245.60       514047.97      1106707.58
MemUsed                 15161.19         8774.88        25802.40            0.03        49738.50
Dirty                       0.35            0.00            0.02            0.00            0.37
Writeback                   0.00            0.00            0.00            0.00            0.00
FilePages                 387.07           10.88            2.88            0.00          400.83
AnonPages                5609.85          122.95        25795.49            0.00        31528.29
PageTables                 87.23            5.50            0.00            0.00           92.73
WritebackTmp                0.00            0.00            0.00            0.00            0.00
MemTotal                63856.97        64493.11       514048.00       514048.00      1156446.08
MemFree                 48691.56        55718.23       486384.86       514047.97      1104842.62
MemUsed                 15165.41         8774.88        27663.14            0.03        51603.45
Dirty                       0.08            0.00            0.00            0.00            0.09
Writeback                   0.00            0.00            0.00            0.00            0.00
FilePages                 387.08           10.88            2.88            0.00          400.84
AnonPages                5607.29          122.95        27655.80            0.00        33386.04
PageTables                 90.84            5.50            0.00            0.00           96.33
WritebackTmp                0.00            0.00            0.00            0.00            0.00
MemTotal                63856.97        64493.11       514048.00       514048.00      1156446.08
MemFree                 48697.10        55718.23       486380.86       514047.97      1104844.16
MemUsed                 15159.87         8774.88        27667.14            0.03        51601.92
Dirty                       0.14            0.00            0.00            0.00            0.15
Writeback                   0.00            0.00            0.00            0.00            0.00
FilePages                 387.09           10.88            2.88            0.00          400.86
AnonPages                5604.43          122.95        27659.80            0.00        33387.18
PageTables                 90.64            5.50            0.00            0.00           96.14
WritebackTmp                0.00            0.00            0.00            0.00            0.00
MemTotal                63856.97        64493.11       514048.00       514048.00      1156446.08
MemFree                 48698.54        55718.23       486376.86       514047.97      1104841.60
MemUsed                 15158.43         8774.88        27671.14            0.03        51604.48
Dirty                       0.00            0.00            0.02            0.00            0.02
Writeback                   0.00            0.00            0.00            0.00            0.00
FilePages                 387.11           10.88            2.88            0.00          400.87
AnonPages                5601.58          122.89        27663.80            0.00        33388.27
PageTables                 91.57            5.50            0.00            0.00           97.06
WritebackTmp                0.00            0.00            0.00            0.00            0.00
MemTotal                63856.97        64493.11       514048.00       514048.00      1156446.08
MemFree                 48704.24        55718.04       486372.86       514047.97      1104843.11
MemUsed                 15152.73         8775.07        27675.14            0.03        51602.97
Dirty                       0.10            0.00            0.00            0.00            0.10
Writeback                   0.00            0.00            0.00            0.00            0.00
FilePages                 387.11           10.88            2.88            0.00          400.88
AnonPages                5595.35          123.08        27669.80            0.00        33388.23
PageTables                 91.08            5.50            0.00            0.00           96.57
WritebackTmp                0.00            0.00            0.00            0.00            0.00
MemTotal                63856.97        64493.11       514048.00       514048.00      1156446.08
MemFree                 48704.53        55717.81       486368.86       514047.97      1104839.17
MemUsed                 15152.44         8775.30        27679.14            0.03        51606.91
Dirty                       0.04            0.00            0.02            0.00            0.05
Writeback                   0.00            0.00            0.00            0.00            0.00
FilePages                 389.22           10.88            2.88            0.00          402.99
AnonPages                5593.63          123.08        27673.80            0.00        33390.51
PageTables                 90.88            5.50            0.00            0.00           96.38
WritebackTmp                0.00            0.00            0.00            0.00            0.00
MemTotal                63856.97        64493.11       514048.00       514048.00      1156446.08
MemFree                 48708.84        55717.81       486360.86       514047.97      1104835.48
MemUsed                 15148.13         8775.30        27687.14            0.03        51610.60
Dirty                       0.11            0.00            0.00            0.00            0.11
Writeback                   0.00            0.00            0.00            0.00            0.00
FilePages                 389.23           10.88            2.89            0.00          403.00
AnonPages                5587.70          123.08        27679.80            0.00        33390.57
PageTables                 90.96            5.50            0.00            0.00           96.46
WritebackTmp                0.00            0.00            0.00            0.00            0.00
MemTotal                63856.97        64493.11       514048.00       514048.00      1156446.08
MemFree                 48712.62        55718.28       486356.86       514047.97      1104835.73
MemUsed                 15144.34         8774.83        27691.14            0.03        51610.35
Dirty                       0.04            0.00            0.02            0.00            0.06
Writeback                   0.00            0.00            0.00            0.00            0.00
FilePages                 389.24           10.88            2.89            0.00          403.01
AnonPages                5583.97          123.08        27683.80            0.00        33390.85
PageTables                 91.16            5.50            0.00            0.00           96.65
WritebackTmp                0.00            0.00            0.00            0.00            0.00
MemTotal                63856.97        64493.11       514048.00       514048.00      1156446.08
MemFree                 48718.55        55718.28       486352.86       514047.97      1104837.65
MemUsed                 15138.42         8774.83        27695.14            0.03        51608.43
Dirty                       0.11            0.00            0.00            0.00            0.11
Writeback                   0.00            0.00            0.00            0.00            0.00
FilePages                 389.25           10.88            2.89            0.00          403.02
AnonPages                5577.40          123.08        27689.80            0.00        33390.28
PageTables                 90.90            5.50            0.00            0.00           96.39
WritebackTmp                0.00            0.00            0.00            0.00            0.00
MemTotal                63856.97        64493.11       514048.00       514048.00      1156446.08
MemFree                 48723.54        55718.32       486348.86       514047.97      1104838.69
MemUsed                 15133.43         8774.79        27699.14            0.03        51607.39
Dirty                       0.04            0.00            0.02            0.00            0.06
Writeback                   0.00            0.00            0.00            0.00            0.00
FilePages                 389.25           10.88            2.89            0.00          403.02
AnonPages                5572.01          123.09        27693.80            0.00        33388.89
PageTables                 90.77            5.50            0.00            0.00           96.27
WritebackTmp                0.00            0.00            0.00            0.00            0.00
MemTotal                63856.97        64493.11       514048.00       514048.00      1156446.08
MemFree                 48729.28        55718.32       486340.86       514047.97      1104836.43
MemUsed                 15127.69         8774.79        27707.14            0.03        51609.64
Dirty                       0.11            0.00            0.00            0.00            0.11
Writeback                   0.00            0.00            0.00            0.00            0.00
FilePages                 389.26           10.88            2.89            0.00          403.04
AnonPages                5567.67          123.12        27699.80            0.00        33390.58
PageTables                 90.93            5.50            0.00            0.00           96.43
WritebackTmp                0.00            0.00            0.00            0.00            0.00
MemTotal                63856.97        64493.11       514048.00       514048.00      1156446.08
MemFree                 48734.11        55718.32       486336.86       514047.97      1104837.27
MemUsed                 15122.86         8774.79        27711.14            0.03        51608.81
Dirty                       0.01            0.00            0.02            0.00            0.03
Writeback                   0.00            0.00            0.00            0.00            0.00
FilePages                 389.27           10.88            2.89            0.00          403.04
AnonPages                5562.59          123.11        27703.80            0.00        33389.50
PageTables                 91.09            5.50            0.00            0.00           96.59
WritebackTmp                0.00            0.00            0.00            0.00            0.00
MemTotal                63856.97        64493.11       514048.00       514048.00      1156446.08
MemFree                 48737.03        55718.32       486332.86       514047.97      1104836.18
MemUsed                 15119.94         8774.79        27715.14            0.03        51609.90
Dirty                       0.09            0.00            0.00            0.00            0.09
Writeback                   0.00            0.00            0.00            0.00            0.00
FilePages                 389.28           10.88            2.89            0.00          403.05
AnonPages                5559.09          123.09        27709.80            0.00        33391.97
PageTables                 91.39            5.50            0.00            0.00           96.89
WritebackTmp                0.00            0.00            0.00            0.00            0.00
MemTotal                63856.97        64493.11       514048.00       514048.00      1156446.08
MemFree                 48739.43        55718.32       486328.86       514047.97      1104834.58
MemUsed                 15117.54         8774.79        27719.14            0.03        51611.50
Dirty                       0.03            0.00            0.02            0.00            0.05
Writeback                   0.00            0.00            0.00            0.00            0.00
FilePages                 389.29           10.88            2.89            0.00          403.06
AnonPages                5557.07          123.09        27713.80            0.00        33393.96
PageTables                 91.18            5.50            0.00            0.00           96.68
WritebackTmp                0.00            0.00            0.00            0.00            0.00
MemTotal                63856.97        64493.11       514048.00       514048.00      1156446.08
MemFree                 48745.25        55718.08       486320.86       514047.97      1104832.16
MemUsed                 15111.71         8775.03        27727.14            0.03        51613.92
Dirty                       0.10            0.00            0.00            0.00            0.10
Writeback                   0.00            0.00            0.00            0.00            0.00
FilePages                 389.29           10.88            2.89            0.00          403.06
AnonPages                5552.59          123.15        27719.80            0.00        33395.54
PageTables                 91.90            5.50            0.00            0.00           97.40
WritebackTmp                0.00            0.00            0.00            0.00            0.00
MemTotal                63856.97        64493.11       514048.00       514048.00      1156446.08
MemFree                 48749.41        55718.08       486316.86       514047.97      1104832.31
MemUsed                 15107.56         8775.03        27731.14            0.03        51613.77
Dirty                       0.03            0.00            0.02            0.00            0.05
Writeback                   0.00            0.00            0.00            0.00            0.00
FilePages                 389.30           10.88            2.89            0.00          403.08
AnonPages                5547.68          123.15        27723.80            0.00        33394.62
PageTables                 90.96            5.50            0.00            0.00           96.46
WritebackTmp                0.00            0.00            0.00            0.00            0.00
MemTotal                63856.97        64493.11       514048.00       514048.00      1156446.08
MemFree                 48757.63        55718.08       486312.86       514047.97      1104836.54
MemUsed                 15099.34         8775.03        27735.14            0.03        51609.54
Dirty                       0.11            0.00            0.00            0.00            0.11
Writeback                   0.00            0.00            0.00            0.00            0.00
FilePages                 389.31           10.88            2.89            0.00          403.09
AnonPages                5540.38          123.15        27729.80            0.00        33393.33
PageTables                 90.91            5.50            0.00            0.00           96.41
WritebackTmp                0.00            0.00            0.00            0.00            0.00
MemTotal                63856.97        64493.11       514048.00       514048.00      1156446.08
MemFree                 48757.14        55718.08       486308.86       514047.97      1104832.04
MemUsed                 15099.83         8775.03        27739.14            0.03        51614.04
Dirty                       0.05            0.00            0.02            0.00            0.07
Writeback                   0.00            0.00            0.00            0.00            0.00
FilePages                 389.32           10.88            2.90            0.00          403.11
AnonPages                5540.00          123.15        27733.80            0.00        33396.95
PageTables                 90.91            5.50            0.00            0.00           96.41
WritebackTmp                0.00            0.00            0.00            0.00            0.00
MemTotal                63856.97        64493.11       514048.00       514048.00      1156446.08
MemFree                 48764.54        55718.08       486300.86       514047.97      1104831.45
MemUsed                 15092.43         8775.03        27747.14            0.03        51614.63
Dirty                       0.10            0.00            0.00            0.00            0.10
Writeback                   0.00            0.00            0.00            0.00            0.00
FilePages                 389.33           10.88            2.90            0.00          403.11
AnonPages                5533.71          123.15        27739.80            0.00        33396.66
PageTables                 91.12            5.50            0.00            0.00           96.62
WritebackTmp                0.00            0.00            0.00            0.00            0.00
MemTotal                63856.97        64493.11       514048.00       514048.00      1156446.08
MemFree                 48762.93        55718.32       486298.86       514047.97      1104828.09
MemUsed                 15094.04         8774.79        27749.14            0.03        51617.99
Dirty                       0.04            0.00            0.02            0.00            0.05
Writeback                   0.00            0.00            0.00            0.00            0.00
FilePages                 389.35           10.88            2.90            0.00          403.13
AnonPages                5533.03          123.15        27743.80            0.00        33399.97
PageTables                 90.92            5.50            0.00            0.00           96.42
WritebackTmp                0.00            0.00            0.00            0.00            0.00
MemTotal                63856.97        64493.11       514048.00       514048.00      1156446.08
MemFree                 48769.54        55718.32       486289.88       514047.97      1104825.71
MemUsed                 15087.43         8774.79        27758.12            0.03        51620.37
Dirty                       0.05            0.00            0.00            0.00            0.05
Writeback                   0.00            0.00            0.00            0.00            0.00
FilePages                 389.35           10.88            2.90            0.00          403.14
AnonPages                5527.59          123.15        27750.97            0.00        33401.71
PageTables                 91.45            5.50            0.00            0.00           96.95
WritebackTmp                0.00            0.00            0.00            0.00            0.00
MemTotal                63856.97        64493.11       514048.00       514048.00      1156446.08
MemFree                 48775.30        55718.32       486285.88       514047.97      1104827.48
MemUsed                 15081.66         8774.79        27762.12            0.03        51618.60
Dirty                       0.11            0.00            0.02            0.00            0.12
Writeback                   0.00            0.00            0.00            0.00            0.00
FilePages                 389.37           10.88            2.90            0.00          403.15
AnonPages                5522.18          123.15        27754.97            0.00        33400.31
PageTables                 91.12            5.50            0.00            0.00           96.62
WritebackTmp                0.00            0.00            0.00            0.00            0.00
