MemTotal                63854.68        64492.78       514048.00       642395.46
MemFree                 53000.83        53728.57       514048.00       620777.41
MemUsed                 10853.84        10764.21            0.00        21618.05
Dirty                       0.05            0.07            0.00            0.12
Writeback                   0.00            0.00            0.00            0.00
FilePages                  54.99          362.45            0.00          417.44
AnonPages                2267.71         1797.39            0.00         4065.11
PageTables                  5.54           44.81            0.00           50.35
WritebackTmp                0.00            0.00            0.00            0.00
MemTotal                63854.68        64492.78       514048.00       642395.46
MemFree                 53001.68        39931.23       514048.00       606980.91
MemUsed                 10853.00        24561.55            0.00        35414.55
Dirty                       0.05            0.06            0.00            0.11
Writeback                   0.00            0.00            0.00            0.00
FilePages                  54.99         7264.92            0.00         7319.91
AnonPages                2267.73         8636.60            0.00        10904.33
PageTables                  5.54           57.92            0.00           63.46
WritebackTmp                0.00            0.00            0.00            0.00
MemTotal                63854.68        64492.78       514048.00       642395.46
MemFree                 53000.94        26079.36       514048.00       593128.29
MemUsed                 10853.74        38413.43            0.00        49267.16
Dirty                       0.00            0.00            0.00            0.00
Writeback                   0.00            0.00            0.00            0.00
FilePages                  54.99        14175.74            0.00        14230.73
AnonPages                2267.74        15547.84            0.00        17815.58
PageTables                  5.54           71.47            0.00           77.02
WritebackTmp                0.00            0.00            0.00            0.00
MemTotal                63854.68        64492.78       514048.00       642395.46
MemFree                 53001.00        12449.63       514048.00       579498.63
MemUsed                 10853.68        52043.15            0.00        62896.83
Dirty                       0.00            0.03            0.00            0.03
Writeback                   0.00            0.00            0.00            0.00
FilePages                  54.99        20977.11            0.00        21032.10
AnonPages                2267.75        22348.27            0.00        24616.02
PageTables                  5.54           84.83            0.00           90.37
WritebackTmp                0.00            0.00            0.00            0.00
MemTotal                63854.68        64492.78       514048.00       642395.46
MemFree                 52052.21          213.54       514048.00       566313.75
MemUsed                 11802.46        64279.25            0.00        76081.71
Dirty                       0.00            0.01            0.00            0.01
Writeback                   0.00            0.00            0.00            0.00
FilePages                 526.41        27081.27            0.00        27607.69
AnonPages                2739.41        28453.45            0.00        31192.86
PageTables                  6.37           97.15            0.00          103.52
WritebackTmp                0.00            0.00            0.00            0.00
MemTotal                63854.68        64492.78       514048.00       642395.46
MemFree                 33785.31         6381.34       514048.00       554214.65
MemUsed                 30069.36        58111.44            0.00        88180.80
Dirty                       0.00            0.01            0.00            0.01
Writeback                   0.00            0.00            0.00            0.00
FilePages                4525.75        27081.27            0.00        31607.02
AnonPages               16979.60        22308.95            0.00        39288.55
PageTables                 34.82           84.67            0.00          119.50
WritebackTmp                0.00            0.00            0.00            0.00
MemTotal                63854.68        64492.78       514048.00       642395.46
MemFree                 33661.11         6303.73       514048.00       554012.84
MemUsed                 30193.57        58189.05            0.00        88382.62
Dirty                       0.00            0.00            0.00            0.00
Writeback                   0.00            0.00            0.00            0.00
FilePages                4525.75        27081.32            0.00        31607.07
AnonPages               16979.01        22310.55            0.00        39289.56
PageTables                169.00          162.51            0.00          331.51
WritebackTmp                0.00            0.00            0.00            0.00
MemTotal                63854.68        64492.78       514048.00       642395.46
MemFree                 33644.05         6331.95       514048.00       554024.01
MemUsed                 30210.62        58160.83            0.00        88371.45
Dirty                       0.05            0.05            0.00            0.09
Writeback                   0.00            0.00            0.00            0.00
FilePages                4525.75        27081.34            0.00        31607.08
AnonPages               17003.93        22285.50            0.00        39289.43
PageTables                169.13          162.73            0.00          331.87
WritebackTmp                0.00            0.00            0.00            0.00
MemTotal                63854.68        64492.78       514048.00       642395.46
MemFree                 33655.30         6320.30       514048.00       554023.61
MemUsed                 30199.37        58172.48            0.00        88371.85
Dirty                       0.00            0.00            0.00            0.00
Writeback                   0.00            0.00            0.00            0.00
FilePages                4525.75        27081.49            0.00        31607.23
AnonPages               16990.29        22299.14            0.00        39289.43
PageTables                169.02          162.49            0.00          331.52
WritebackTmp                0.00            0.00            0.00            0.00
MemTotal                63854.68        64492.78       514048.00       642395.46
MemFree                 33651.18         6325.39       514048.00       554024.57
MemUsed                 30203.50        58167.39            0.00        88370.89
Dirty                       0.00            0.01            0.00            0.01
Writeback                   0.00            0.00            0.00            0.00
FilePages                4525.75        27081.50            0.00        31607.24
AnonPages               16993.85        22294.54            0.00        39288.39
PageTables                169.03          162.29            0.00          331.31
WritebackTmp                0.00            0.00            0.00            0.00
MemTotal                63854.68        64492.78       514048.00       642395.46
MemFree                 33671.63         6314.52       514048.00       554034.15
MemUsed                 30183.05        58178.26            0.00        88361.31
Dirty                       0.00            0.00            0.00            0.00
Writeback                   0.00            0.00            0.00            0.00
FilePages                4525.75        27081.51            0.00        31607.26
AnonPages               16972.48        22301.82            0.00        39274.30
PageTables                165.95          158.74            0.00          324.69
WritebackTmp                0.00            0.00            0.00            0.00
MemTotal                63854.68        64492.78       514048.00       642395.46
MemFree                 33645.21         6330.12       514048.00       554023.32
MemUsed                 30209.47        58162.66            0.00        88372.13
Dirty                       0.00            0.02            0.00            0.02
Writeback                   0.00            0.00            0.00            0.00
FilePages                4525.75        27081.53            0.00        31607.27
AnonPages               17001.94        22287.70            0.00        39289.63
PageTables                169.04          162.47            0.00          331.51
WritebackTmp                0.00            0.00            0.00            0.00
MemTotal                63854.68        64492.78       514048.00       642395.46
MemFree                 33666.62         6307.02       514048.00       554021.64
MemUsed                 30188.05        58185.76            0.00        88373.81
Dirty                       0.00            0.00            0.00            0.00
Writeback                   0.00            0.00            0.00            0.00
FilePages                4525.75        27081.56            0.00        31607.30
AnonPages               16979.10        22311.27            0.00        39290.36
PageTables                169.05          162.46            0.00          331.51
WritebackTmp                0.00            0.00            0.00            0.00
MemTotal                63854.68        64492.78       514048.00       642395.46
MemFree                 33667.84         6307.40       514048.00       554023.23
MemUsed                 30186.84        58185.38            0.00        88372.22
Dirty                       0.00            0.02            0.00            0.02
Writeback                   0.00            0.00            0.00            0.00
FilePages                4525.75        27081.57            0.00        31607.32
AnonPages               16979.11        22311.36            0.00        39290.47
PageTables                169.05          162.46            0.00          331.51
WritebackTmp                0.00            0.00            0.00            0.00
MemTotal                63854.68        64492.78       514048.00       642395.46
MemFree                 33668.37         6307.03       514048.00       554023.40
MemUsed                 30186.31        58185.75            0.00        88372.06
Dirty                       0.05            0.04            0.00            0.09
Writeback                   0.00            0.00            0.00            0.00
FilePages                4525.75        27081.59            0.00        31607.34
AnonPages               16979.03        22311.57            0.00        39290.60
PageTables                169.00          162.51            0.00          331.51
WritebackTmp                0.00            0.00            0.00            0.00
MemTotal                63854.68        64492.78       514048.00       642395.46
MemFree                 33668.85         6307.05       514048.00       554023.90
MemUsed                 30185.82        58185.73            0.00        88371.56
Dirty                       0.00            0.00            0.00            0.00
Writeback                   0.00            0.00            0.00            0.00
FilePages                4525.75        27081.60            0.00        31607.34
AnonPages               16979.13        22311.60            0.00        39290.73
PageTables                169.06          162.45            0.00          331.51
WritebackTmp                0.00            0.00            0.00            0.00
MemTotal                63854.68        64492.78       514048.00       642395.46
MemFree                 33668.28         6307.55       514048.00       554023.83
MemUsed                 30186.40        58185.23            0.00        88371.63
Dirty                       0.00            0.00            0.00            0.00
Writeback                   0.00            0.00            0.00            0.00
FilePages                4525.75        27081.61            0.00        31607.36
AnonPages               16979.17        22311.71            0.00        39290.88
PageTables                169.07          162.46            0.00          331.53
WritebackTmp                0.00            0.00            0.00            0.00
