MemTotal                63861.90        64493.11       514048.00       514048.00      1156451.01
MemFree                 54771.02        54219.14       514041.72       514047.91      1137079.79
MemUsed                  9090.88        10273.97            6.28            0.09        19371.22
Dirty                       0.10            0.11            0.00            0.00            0.21
Writeback                   0.00            0.00            0.00            0.00            0.00
FilePages                  96.04          311.94            0.00            0.00          407.98
AnonPages                  59.57         1039.28            0.00            0.00         1098.86
PageTables                  0.65           38.79            0.00            0.00           39.43
WritebackTmp                0.00            0.00            0.00            0.00            0.00
MemTotal                63861.90        64493.11       514048.00       514048.00      1156451.01
MemFree                 38306.11        54167.04       509425.69       514047.91      1115946.75
MemUsed                 25555.79        10326.07         4622.31            0.09        40504.27
Dirty                       0.00            0.00            0.00            0.00            0.00
Writeback                   0.00            0.00            0.00            0.00            0.00
FilePages                  96.36          348.27            0.21            0.00          444.84
AnonPages               16438.66         1054.95         4610.00            0.00        22103.61
PageTables                 41.79           38.99            0.00            0.00           80.79
WritebackTmp                0.00            0.00            0.00            0.00            0.00
MemTotal                63861.90        64493.11       514048.00       514048.00      1156451.01
MemFree                 38265.93        54142.48       499877.72       514047.91      1106334.03
MemUsed                 25595.97        10350.64        14170.28            0.09        50116.98
Dirty                       0.10            0.13            0.00            0.00            0.23
Writeback                   0.00            0.00            0.00            0.00            0.00
FilePages                  96.37          373.57            0.21            0.00          470.15
AnonPages               16441.63         1055.88        14160.00            0.00        31657.52
PageTables                 60.41           39.03            0.00            0.00           99.44
WritebackTmp                0.00            0.00            0.00            0.00            0.00
MemTotal                63861.90        64493.11       514048.00       514048.00      1156451.01
MemFree                 41895.87        54140.45       494017.72       514047.91      1104101.94
MemUsed                 21966.03        10352.67        20030.28            0.09        52349.07
Dirty                       0.02            0.01            0.00            0.00            0.03
Writeback                   0.00            0.00            0.00            0.00            0.00
FilePages                  96.38          373.58            0.21            0.00          470.17
AnonPages               12804.61         1056.16        20024.00            0.00        33884.77
PageTables                 64.86           39.05            0.00            0.00          103.91
WritebackTmp                0.00            0.00            0.00            0.00            0.00
MemTotal                63861.90        64493.11       514048.00       514048.00      1156451.01
MemFree                 38736.12        54139.98       497171.72       514047.91      1104095.72
MemUsed                 25125.78        10353.14        16876.28            0.09        52355.29
Dirty                       0.05            0.11            0.00            0.00            0.16
Writeback                   0.00            0.00            0.00            0.00            0.00
FilePages                  96.39          373.57            0.21            0.00          470.18
AnonPages               15964.61         1056.38        16866.00            0.00        33886.99
PageTables                 64.86           38.96            0.00            0.00          103.82
WritebackTmp                0.00            0.00            0.00            0.00            0.00
MemTotal                63861.90        64493.11       514048.00       514048.00      1156451.01
MemFree                 38736.16        54142.19       497171.72       514047.91      1104097.98
MemUsed                 25125.73        10350.92        16876.28            0.09        52353.03
Dirty                       0.03            0.04            0.00            0.00            0.07
Writeback                   0.00            0.01            0.00            0.00            0.01
FilePages                  96.39          373.58            0.21            0.00          470.19
AnonPages               15964.62         1056.08        16866.00            0.00        33886.70
PageTables                 64.86           38.98            0.00            0.00          103.84
WritebackTmp                0.00            0.00            0.00            0.00            0.00
MemTotal                63861.90        64493.11       514048.00       514048.00      1156451.01
MemFree                 38737.15        54141.27       497171.72       514047.91      1104098.05
MemUsed                 25124.75        10351.84        16876.28            0.09        52352.96
Dirty                       0.04            0.11            0.00            0.00            0.15
Writeback                   0.00            0.00            0.00            0.00            0.00
FilePages                  96.40          373.58            0.21            0.00          470.20
AnonPages               15964.62         1055.84        16866.00            0.00        33886.46
PageTables                 64.86           38.97            0.00            0.00          103.83
WritebackTmp                0.00            0.00            0.00            0.00            0.00
MemTotal                63861.90        64493.11       514048.00       514048.00      1156451.01
MemFree                 38737.15        54141.27       497171.72       514047.91      1104098.05
MemUsed                 25124.75        10351.84        16876.28            0.09        52352.96
Dirty                       0.05            0.09            0.00            0.00            0.14
Writeback                   0.00            0.00            0.00            0.00            0.00
FilePages                  96.41          373.58            0.21            0.00          470.20
AnonPages               15964.62         1056.07        16866.00            0.00        33886.69
PageTables                 64.86           39.00            0.00            0.00          103.86
WritebackTmp                0.00            0.00            0.00            0.00            0.00
MemTotal                63861.90        64493.11       514048.00       514048.00      1156451.01
MemFree                 38737.13        54144.41       497171.72       514047.91      1104101.17
MemUsed                 25124.77        10348.70        16876.28            0.09        52349.84
Dirty                       0.06            0.12            0.00            0.00            0.18
Writeback                   0.00            0.00            0.00            0.00            0.00
FilePages                  96.41          373.58            0.21            0.00          470.21
AnonPages               15964.64         1052.43        16866.00            0.00        33883.07
PageTables                 64.86           38.95            0.00            0.00          103.81
WritebackTmp                0.00            0.00            0.00            0.00            0.00
MemTotal                63861.90        64493.11       514048.00       514048.00      1156451.01
MemFree                 38736.43        54133.28       497171.72       514047.91      1104089.33
MemUsed                 25125.47        10359.83        16876.28            0.09        52361.68
Dirty                       0.02            0.02            0.00            0.00            0.04
Writeback                   0.00            0.00            0.00            0.00            0.00
FilePages                  96.43          384.19            0.21            0.00          480.84
AnonPages               15964.64         1052.89        16866.00            0.00        33883.53
PageTables                 64.86           39.06            0.00            0.00          103.92
WritebackTmp                0.00            0.00            0.00            0.00            0.00
MemTotal                63861.90        64493.11       514048.00       514048.00      1156451.01
MemFree                 38736.24        54129.93       497171.72       514047.91      1104085.80
MemUsed                 25125.66        10363.18        16876.28            0.09        52365.21
Dirty                       0.06            0.13            0.00            0.00            0.19
Writeback                   0.00            0.00            0.00            0.00            0.00
FilePages                  96.82          385.84            0.21            0.00          482.87
AnonPages               15964.64         1053.78        16866.00            0.00        33884.42
PageTables                 64.86           39.41            0.00            0.00          104.27
WritebackTmp                0.00            0.00            0.00            0.00            0.00
MemTotal                63861.90        64493.11       514048.00       514048.00      1156451.01
MemFree                 38736.24        54129.61       497171.72       514047.91      1104085.48
MemUsed                 25125.66        10363.50        16876.28            0.09        52365.54
Dirty                       0.04            0.08            0.00            0.00            0.11
Writeback                   0.00            0.00            0.00            0.00            0.00
FilePages                  96.82          385.84            0.21            0.00          482.88
AnonPages               15964.64         1054.20        16866.00            0.00        33884.84
PageTables                 64.86           39.04            0.00            0.00          103.90
WritebackTmp                0.00            0.00            0.00            0.00            0.00
MemTotal                63861.90        64493.11       514048.00       514048.00      1156451.01
MemFree                 38736.27        54129.61       497171.72       514047.91      1104085.51
MemUsed                 25125.62        10363.50        16876.28            0.09        52365.50
Dirty                       0.04            0.11            0.00            0.00            0.14
Writeback                   0.00            0.00            0.00            0.00            0.00
FilePages                  96.83          385.84            0.21            0.00          482.89
AnonPages               15964.64         1054.67        16866.00            0.00        33885.31
PageTables                 64.86           39.07            0.00            0.00          103.93
WritebackTmp                0.00            0.00            0.00            0.00            0.00
MemTotal                63861.90        64493.11       514048.00       514048.00      1156451.01
MemFree                 38736.30        54129.36       497171.72       514047.91      1104085.29
MemUsed                 25125.59        10363.75        16876.28            0.09        52365.72
Dirty                       0.05            0.09            0.00            0.00            0.14
Writeback                   0.00            0.00            0.00            0.00            0.00
FilePages                  96.84          385.84            0.21            0.00          482.89
AnonPages               15964.64         1054.89        16866.00            0.00        33885.53
PageTables                 64.86           39.08            0.00            0.00          103.94
WritebackTmp                0.00            0.00            0.00            0.00            0.00
MemTotal                63861.90        64493.11       514048.00       514048.00      1156451.01
MemFree                 38736.34        54128.63       497171.72       514047.91      1104084.59
MemUsed                 25125.56        10364.48        16876.28            0.09        52366.42
Dirty                       0.04            0.11            0.00            0.00            0.15
Writeback                   0.00            0.00            0.00            0.00            0.00
FilePages                  96.85          385.84            0.21            0.00          482.90
AnonPages               15964.64         1055.16        16866.00            0.00        33885.79
PageTables                 64.86           39.08            0.00            0.00          103.95
WritebackTmp                0.00            0.00            0.00            0.00            0.00
MemTotal                63861.90        64493.11       514048.00       514048.00      1156451.01
MemFree                 38736.40        54128.88       497171.72       514047.91      1104084.90
MemUsed                 25125.50        10364.24        16876.28            0.09        52366.11
Dirty                       0.06            0.10            0.00            0.00            0.16
Writeback                   0.00            0.00            0.00            0.00            0.00
FilePages                  96.86          385.84            0.21            0.00          482.91
AnonPages               15964.64         1054.52        16866.00            0.00        33885.16
PageTables                 64.86           39.04            0.00            0.00          103.90
WritebackTmp                0.00            0.00            0.00            0.00            0.00
MemTotal                63861.90        64493.11       514048.00       514048.00      1156451.01
MemFree                 38736.40        54129.46       497171.72       514047.91      1104085.49
MemUsed                 25125.50        10363.65        16876.28            0.09        52365.52
Dirty                       0.04            0.11            0.00            0.00            0.15
Writeback                   0.00            0.00            0.00            0.00            0.00
FilePages                  96.86          385.98            0.21            0.00          483.05
AnonPages               15964.64         1054.69        16866.00            0.00        33885.33
PageTables                 64.86           39.06            0.00            0.00          103.93
WritebackTmp                0.00            0.00            0.00            0.00            0.00
MemTotal                63861.90        64493.11       514048.00       514048.00      1156451.01
MemFree                 38736.21        54128.23       497171.72       514047.91      1104084.06
MemUsed                 25125.69        10364.88        16876.28            0.09        52366.95
Dirty                       0.05            0.09            0.00            0.00            0.14
Writeback                   0.00            0.00            0.00            0.00            0.00
FilePages                  96.87          385.97            0.21            0.00          483.06
AnonPages               15964.64         1055.11        16866.00            0.00        33885.74
PageTables                 64.86           39.08            0.00            0.00          103.94
WritebackTmp                0.00            0.00            0.00            0.00            0.00
MemTotal                63861.90        64493.11       514048.00       514048.00      1156451.01
MemFree                 38736.33        54127.51       497171.72       514047.91      1104083.46
MemUsed                 25125.57        10365.61        16876.28            0.09        52367.55
Dirty                       0.05            0.10            0.00            0.00            0.16
Writeback                   0.00            0.00            0.00            0.00            0.00
FilePages                  96.88          385.97            0.21            0.00          483.07
AnonPages               15964.64         1056.73        16866.00            0.00        33887.37
PageTables                 64.86           39.11            0.00            0.00          103.98
WritebackTmp                0.00            0.00            0.00            0.00            0.00
MemTotal                63861.90        64493.11       514048.00       514048.00      1156451.01
MemFree                 38735.59        54128.52       497171.72       514047.91      1104083.74
MemUsed                 25126.30        10364.59        16876.28            0.09        52367.27
Dirty                       0.05            0.11            0.00            0.00            0.16
Writeback                   0.00            0.00            0.00            0.00            0.00
FilePages                  96.89          386.13            0.21            0.00          483.23
AnonPages               15964.93         1055.52        16866.00            0.00        33886.45
PageTables                 64.86           39.02            0.00            0.00          103.88
WritebackTmp                0.00            0.00            0.00            0.00            0.00
MemTotal                63861.90        64493.11       514048.00       514048.00      1156451.01
MemFree                 38734.43        54128.77       497171.72       514047.91      1104082.82
MemUsed                 25127.47        10364.34        16876.28            0.09        52368.19
Dirty                       0.05            0.11            0.00            0.00            0.16
Writeback                   0.00            0.00            0.00            0.00            0.00
FilePages                  96.89          386.13            0.21            0.00          483.24
AnonPages               15965.68         1054.75        16866.00            0.00        33886.43
PageTables                 64.86           39.04            0.00            0.00          103.91
WritebackTmp                0.00            0.00            0.00            0.00            0.00
MemTotal                63861.90        64493.11       514048.00       514048.00      1156451.01
MemFree                 38733.73        54120.15       497171.72       514047.91      1104073.50
MemUsed                 25128.17        10372.96        16876.28            0.09        52377.51
Dirty                       0.04            0.08            0.00            0.00            0.11
Writeback                   0.00            0.00            0.00            0.00            0.00
FilePages                  96.90          389.47            0.21            0.00          486.59
AnonPages               15965.80         1058.18        16866.00            0.00        33889.98
PageTables                 64.86           39.04            0.00            0.00          103.90
WritebackTmp                0.00            0.00            0.00            0.00            0.00
MemTotal                63861.90        64493.11       514048.00       514048.00      1156451.01
MemFree                 38731.13        54121.89       497171.72       514047.91      1104072.65
MemUsed                 25130.77        10371.22        16876.28            0.09        52378.36
Dirty                       0.07            0.14            0.00            0.00            0.21
Writeback                   0.00            0.00            0.00            0.00            0.00
FilePages                  96.91          389.48            0.21            0.00          486.61
AnonPages               15967.31         1058.20        16866.00            0.00        33891.50
PageTables                 64.86           39.38            0.00            0.00          104.24
WritebackTmp                0.00            0.00            0.00            0.00            0.00
MemTotal                63861.90        64493.11       514048.00       514048.00      1156451.01
MemFree                 38731.08        54120.19       497171.72       514047.91      1104070.89
MemUsed                 25130.82        10372.93        16876.28            0.09        52380.12
Dirty                       0.00            0.01            0.00            0.00            0.01
Writeback                   0.00            0.00            0.00            0.00            0.00
FilePages                  96.93          389.78            0.21            0.00          486.93
AnonPages               15966.86         1059.67        16866.00            0.00        33892.53
PageTables                 64.86           39.63            0.00            0.00          104.49
WritebackTmp                0.00            0.00            0.00            0.00            0.00
MemTotal                63861.90        64493.11       514048.00       514048.00      1156451.01
MemFree                 38731.31        54120.09       497171.72       514047.91      1104071.02
MemUsed                 25130.59        10373.03        16876.28            0.09        52379.99
Dirty                       0.04            0.12            0.00            0.00            0.16
Writeback                   0.00            0.00            0.00            0.00            0.00
FilePages                  96.94          390.02            0.21            0.00          487.17
AnonPages               15966.95         1059.17        16866.00            0.00        33892.12
PageTables                 64.86           39.76            0.00            0.00          104.62
WritebackTmp                0.00            0.00            0.00            0.00            0.00
MemTotal                63861.90        64493.11       514048.00       514048.00      1156451.01
MemFree                 38732.11        54109.76       497171.72       514047.91      1104061.50
MemUsed                 25129.79        10383.35        16876.28            0.09        52389.51
Dirty                       0.00            0.00            0.00            0.00            0.00
Writeback                   0.00            0.00            0.00            0.00            0.00
FilePages                  96.95          395.73            0.21            0.00          492.90
AnonPages               15965.88         1063.96        16866.00            0.00        33895.84
PageTables                 64.86           40.48            0.00            0.00          105.35
WritebackTmp                0.00            0.00            0.00            0.00            0.00
MemTotal                63861.90        64493.11       514048.00       514048.00      1156451.01
MemFree                 38732.25        54109.29       497171.72       514047.91      1104061.16
MemUsed                 25129.65        10383.82        16876.28            0.09        52389.85
Dirty                       0.09            0.14            0.00            0.00            0.23
Writeback                   0.00            0.00            0.00            0.00            0.00
FilePages                  96.97          395.74            0.21            0.00          492.93
AnonPages               15965.84         1064.59        16866.00            0.00        33896.43
PageTables                 64.87           40.18            0.00            0.00          105.05
WritebackTmp                0.00            0.00            0.00            0.00            0.00
MemTotal                63861.90        64493.11       514048.00       514048.00      1156451.01
MemFree                 38732.28        54096.27       497171.72       514047.91      1104048.18
MemUsed                 25129.62        10396.84        16876.28            0.09        52402.84
Dirty                       0.02            0.05            0.00            0.00            0.07
Writeback                   0.00            0.00            0.00            0.00            0.00
FilePages                  96.98          407.17            0.21            0.00          504.36
AnonPages               15966.02         1065.27        16866.00            0.00        33897.30
PageTables                 64.87           40.81            0.00            0.00          105.68
WritebackTmp                0.00            0.00            0.00            0.00            0.00
MemTotal                63861.90        64493.11       514048.00       514048.00      1156451.01
MemFree                 38732.55        54096.38       497171.72       514047.91      1104048.55
MemUsed                 25129.34        10396.74        16876.28            0.09        52402.46
Dirty                       0.06            0.16            0.00            0.00            0.22
Writeback                   0.01            0.04            0.00            0.00            0.05
FilePages                  96.98          408.18            0.21            0.00          505.38
AnonPages               15966.36         1062.72        16866.00            0.00        33895.08
PageTables                 64.87           40.44            0.00            0.00          105.31
WritebackTmp                0.00            0.00            0.00            0.00            0.00
MemTotal                63861.90        64493.11       514048.00       514048.00      1156451.01
MemFree                 38730.12        54006.71       497171.78       514047.91      1103956.52
MemUsed                 25131.77        10486.40        16876.22            0.09        52494.49
Dirty                       0.01            0.01            0.00            0.00            0.02
Writeback                   0.00            0.00            0.00            0.00            0.00
FilePages                  96.07          480.80            0.07            0.00          576.95
AnonPages               15966.51         1065.12        16866.08            0.00        33897.70
PageTables                 64.87           41.58            0.00            0.00          106.45
WritebackTmp                0.00            0.00            0.00            0.00            0.00
MemTotal                63861.90        64493.11       514048.00       514048.00      1156451.01
MemFree                 38731.50        53957.85       497171.78       514047.40      1103908.53
MemUsed                 25130.39        10535.27        16876.22            0.60        52542.48
Dirty                       0.59            0.19            0.00            0.00            0.78
Writeback                   0.00            0.00            0.00            0.00            0.00
FilePages                  96.49          523.76            0.07            0.00          620.32
AnonPages               15965.96         1064.96        16866.08            0.00        33897.00
PageTables                 64.87           40.71            0.00            0.00          105.58
WritebackTmp                0.00            0.00            0.00            0.00            0.00
MemTotal                63861.90        64493.11       514048.00       514048.00      1156451.01
MemFree                 38731.68        53957.89       497171.78       514047.64      1103909.00
MemUsed                 25130.21        10535.22        16876.22            0.36        52542.01
Dirty                       0.00            0.00            0.00            0.00            0.00
Writeback                   0.00            0.00            0.00            0.00            0.00
FilePages                  96.52          523.76            0.07            0.00          620.36
AnonPages               15966.04         1064.85        16866.08            0.00        33896.96
PageTables                 64.87           40.93            0.00            0.00          105.80
WritebackTmp                0.00            0.00            0.00            0.00            0.00
MemTotal                63861.90        64493.11       514048.00       514048.00      1156451.01
MemFree                 38733.04        53957.39       497171.78       514047.64      1103909.86
MemUsed                 25128.86        10535.72        16876.22            0.36        52541.15
Dirty                       0.04            0.09            0.00            0.00            0.13
Writeback                   0.00            0.00            0.00            0.00            0.00
FilePages                  96.53          523.76            0.07            0.00          620.36
AnonPages               15965.96         1065.10        16866.08            0.00        33897.14
PageTables                 64.87           40.98            0.00            0.00          105.85
WritebackTmp                0.00            0.00            0.00            0.00            0.00
MemTotal                63861.90        64493.11       514048.00       514048.00      1156451.01
MemFree                 38732.55        53958.40       497171.78       514047.64      1103910.38
MemUsed                 25129.34        10534.71        16876.22            0.36        52540.63
Dirty                       0.01            0.03            0.00            0.00            0.04
Writeback                   0.00            0.00            0.00            0.00            0.00
FilePages                  96.54          523.77            0.07            0.00          620.38
AnonPages               15966.03         1065.35        16866.08            0.00        33897.45
PageTables                 64.87           41.03            0.00            0.00          105.90
WritebackTmp                0.00            0.00            0.00            0.00            0.00
MemTotal                63861.90        64493.11       514048.00       514048.00      1156451.01
MemFree                 38732.31        53959.40       497171.78       514047.64      1103911.13
MemUsed                 25129.59        10533.71        16876.22            0.36        52539.88
Dirty                       0.05            0.11            0.00            0.00            0.16
Writeback                   0.00            0.00            0.00            0.00            0.00
FilePages                  96.54          523.79            0.07            0.00          620.40
AnonPages               15966.93         1064.01        16866.08            0.00        33897.02
PageTables                 64.87           41.03            0.00            0.00          105.90
WritebackTmp                0.00            0.00            0.00            0.00            0.00
MemTotal                63861.90        64493.11       514048.00       514048.00      1156451.01
MemFree                 38732.84        53959.40       497171.78       514047.64      1103911.67
MemUsed                 25129.05        10533.71        16876.22            0.36        52539.34
Dirty                       0.01            0.02            0.00            0.00            0.03
Writeback                   0.00            0.00            0.00            0.00            0.00
FilePages                  96.55          523.78            0.07            0.00          620.41
AnonPages               15966.16         1064.27        16866.08            0.00        33896.50
PageTables                 64.89           41.00            0.00            0.00          105.89
WritebackTmp                0.00            0.00            0.00            0.00            0.00
MemTotal                63861.90        64493.11       514048.00       514048.00      1156451.01
MemFree                 38731.87        53957.32       497171.78       514047.64      1103908.62
MemUsed                 25130.03        10535.79        16876.22            0.36        52542.39
Dirty                       0.05            0.11            0.00            0.00            0.16
Writeback                   0.00            0.00            0.00            0.00            0.00
FilePages                  96.56          523.79            0.07            0.00          620.42
AnonPages               15966.39         1064.52        16866.08            0.00        33896.99
PageTables                 64.89           41.03            0.00            0.00          105.92
WritebackTmp                0.00            0.00            0.00            0.00            0.00
MemTotal                63861.90        64493.11       514048.00       514048.00      1156451.01
MemFree                 38731.69        53957.08       497171.78       514047.64      1103908.19
MemUsed                 25130.21        10536.03        16876.22            0.36        52542.82
Dirty                       0.01            0.01            0.00            0.00            0.02
Writeback                   0.00            0.00            0.00            0.00            0.00
FilePages                  96.57          523.78            0.07            0.00          620.42
AnonPages               15966.67         1064.20        16866.08            0.00        33896.95
PageTables                 64.89           41.04            0.00            0.00          105.93
WritebackTmp                0.00            0.00            0.00            0.00            0.00
