MemTotal                63888.29        64461.79       514048.00       514048.00      1156446.08
MemFree                 53932.04        55837.93       514047.97       514047.94      1137865.88
MemUsed                  9956.24         8623.86            0.03            0.06        18580.20
Dirty                       0.06            0.02            0.00            0.00            0.08
Writeback                   0.00            0.00            0.00            0.00            0.00
FilePages                 364.38            4.41            0.00            0.00          368.79
AnonPages                 570.46            9.43            0.00            0.00          579.89
PageTables                 30.21            0.43            0.00            0.00           30.64
WritebackTmp                0.00            0.00            0.00            0.00            0.00
MemTotal                63888.29        64461.79       514048.00       514048.00      1156446.08
MemFree                 48788.16        55833.31       512959.85       514047.94      1131629.26
MemUsed                 15100.12         8628.48         1088.15            0.06        24816.82
Dirty                       0.67            0.12            0.00            0.00            0.80
Writeback                   0.00            0.00            0.00            0.00            0.00
FilePages                 362.21            6.28            2.70            0.00          371.19
AnonPages                5688.93            9.44         1085.25            0.00         6783.62
PageTables                 42.40            0.43            0.00            0.00           42.83
WritebackTmp                0.00            0.00            0.00            0.00            0.00
MemTotal                63888.29        64461.79       514048.00       514048.00      1156446.08
MemFree                 48738.34        55831.52       509599.41       514047.94      1128217.21
MemUsed                 15149.94         8630.27         4448.59            0.06        28228.86
Dirty                       0.55            0.18            0.02            0.00            0.75
Writeback                   0.00            0.00            0.00            0.00            0.00
FilePages                 396.93            7.71            2.70            0.00          407.34
AnonPages                5693.56            9.44         4441.61            0.00        10144.61
PageTables                 48.92            0.43            0.00            0.00           49.35
WritebackTmp                0.00            0.00            0.00            0.00            0.00
MemTotal                63888.29        64461.79       514048.00       514048.00      1156446.08
MemFree                 48729.16        55831.08       506479.41       514047.94      1125087.59
MemUsed                 15159.12         8630.71         7568.59            0.06        31358.48
Dirty                       0.61            0.22            0.00            0.00            0.82
Writeback                   0.18            0.00            0.00            0.00            0.18
FilePages                 397.06            7.85            2.71            0.00          407.62
AnonPages                5691.55            9.44         7563.61            0.00        13264.60
PageTables                 55.03            0.43            0.00            0.00           55.46
WritebackTmp                0.00            0.00            0.00            0.00            0.00
MemTotal                63888.29        64461.79       514048.00       514048.00      1156446.08
MemFree                 48713.58        55830.59       503235.41       514047.94      1121827.52
MemUsed                 15174.71         8631.21        10812.59            0.06        34618.56
Dirty                       1.92            0.27            0.02            0.00            2.21
Writeback                   0.00            0.00            0.00            0.00            0.00
FilePages                 397.07            8.39            2.71            0.00          408.17
AnonPages                5692.46            9.45        10805.61            0.00        16507.52
PageTables                 60.95            0.43            0.00            0.00           61.38
WritebackTmp                0.00            0.00            0.00            0.00            0.00
MemTotal                63888.29        64461.79       514048.00       514048.00      1156446.08
MemFree                 48702.30        55831.14       500187.41       514047.94      1118768.80
MemUsed                 15185.98         8630.65        13860.59            0.06        37677.28
Dirty                       0.41            0.20            0.00            0.00            0.61
Writeback                   0.00            0.00            0.00            0.00            0.00
FilePages                 397.08            8.44            2.71            0.00          408.23
AnonPages                5691.24            9.25        13853.61            0.00        19554.11
PageTables                 67.27            0.43            0.00            0.00           67.70
WritebackTmp                0.00            0.00            0.00            0.00            0.00
MemTotal                63888.29        64461.79       514048.00       514048.00      1156446.08
MemFree                 53914.15        55831.04       514044.94       514047.91      1137838.03
MemUsed                  9974.14         8630.76            3.06            0.09        18608.05
Dirty                       0.05            0.13            0.00            0.00            0.18
Writeback                   0.00            0.00            0.00            0.00            0.00
FilePages                 365.13            6.26            0.03            0.00          371.42
AnonPages                 588.68            7.53            0.00            0.00          596.21
PageTables                 30.25            0.43            0.00            0.00           30.68
WritebackTmp                0.00            0.00            0.00            0.00            0.00
MemTotal                63888.29        64461.79       514048.00       514048.00      1156446.08
MemFree                 48773.95        55829.46       512971.77       514047.91      1131623.09
MemUsed                 15114.34         8632.34         1076.23            0.09        24822.99
Dirty                       0.59            0.18            0.02            0.00            0.79
Writeback                   0.00            0.00            0.00            0.00            0.00
FilePages                 362.07            7.55            3.52            0.00          373.13
AnonPages                5707.12            7.54         1065.39            0.00         6780.05
PageTables                 42.66            0.43            0.00            0.00           43.09
WritebackTmp                0.00            0.00            0.00            0.00            0.00
MemTotal                63888.29        64461.79       514048.00       514048.00      1156446.08
MemFree                 48754.24        55828.23       509639.84       514047.91      1128270.21
MemUsed                 15134.04         8633.57         4408.16            0.09        28175.87
Dirty                       0.54            0.21            0.00            0.00            0.75
Writeback                   0.00            0.00            0.00            0.00            0.00
FilePages                 362.07            9.29            3.52            0.00          374.89
AnonPages                5713.78            7.54         4397.57            0.00        10118.88
PageTables                 48.73            0.43            0.00            0.00           49.16
WritebackTmp                0.00            0.00            0.00            0.00            0.00
MemTotal                63888.29        64461.79       514048.00       514048.00      1156446.08
MemFree                 48741.05        55828.29       506479.84       514047.91      1125097.08
MemUsed                 15147.23         8633.51         7568.16            0.09        31349.00
Dirty                       0.50            0.18            0.02            0.00            0.69
Writeback                   0.00            0.00            0.00            0.00            0.00
FilePages                 362.01            9.35            3.60            0.00          374.96
AnonPages                5713.14            7.54         7557.57            0.00        13278.25
PageTables                 54.95            0.43            0.00            0.00           55.38
WritebackTmp                0.00            0.00            0.00            0.00            0.00
MemTotal                63888.29        64461.79       514048.00       514048.00      1156446.08
MemFree                 48724.96        55827.79       503279.59       514047.91      1121880.25
MemUsed                 15163.33         8634.00        10768.41            0.09        34565.83
Dirty                       0.36            0.21            0.00            0.00            0.57
Writeback                   0.00            0.00            0.00            0.00            0.00
FilePages                 362.51            9.89            3.61            0.00          376.00
AnonPages                5716.88            7.54        10757.57            0.00        16481.99
PageTables                 62.15            0.43            0.00            0.00           62.58
WritebackTmp                0.00            0.00            0.00            0.00            0.00
MemTotal                63888.29        64461.79       514048.00       514048.00      1156446.08
MemFree                 48710.56        55827.55       500207.34       514047.91      1118793.36
MemUsed                 15177.72         8634.25        13840.66            0.09        37652.72
Dirty                       1.70            0.39            0.02            0.00            2.11
Writeback                   0.00            0.00            0.00            0.00            0.00
FilePages                 362.82            9.93            3.61            0.00          376.36
AnonPages                5717.91            7.54        13829.57            0.00        19555.02
PageTables                 67.46            0.43            0.00            0.00           67.89
WritebackTmp                0.00            0.00            0.00            0.00            0.00
MemTotal                63888.29        64461.79       514048.00       514048.00      1156446.08
MemFree                 48699.75        55827.55       496879.34       514047.91      1115454.55
MemUsed                 15188.54         8634.25        17168.66            0.09        40991.53
Dirty                       0.40            0.27            0.00            0.00            0.67
Writeback                   0.00            0.00            0.00            0.00            0.00
FilePages                 362.82            9.97            3.61            0.00          376.40
AnonPages                5717.61            7.54        17157.57            0.00        22882.72
PageTables                 74.50            0.43            0.00            0.00           74.93
WritebackTmp                0.00            0.00            0.00            0.00            0.00
MemTotal                63888.29        64461.79       514048.00       514048.00      1156446.08
MemFree                 48689.25        55826.07       494063.18       514047.91      1112626.41
MemUsed                 15199.04         8635.72        19984.82            0.09        43819.67
Dirty                       0.34            0.19            0.02            0.00            0.54
Writeback                   0.00            0.00            0.00            0.00            0.00
FilePages                 362.83           10.14            3.61            0.00          376.57
AnonPages                5717.34            7.76        19973.57            0.00        25698.67
PageTables                 79.60            0.43            0.00            0.00           80.03
WritebackTmp                0.00            0.00            0.00            0.00            0.00
MemTotal                63888.29        64461.79       514048.00       514048.00      1156446.08
MemFree                 48675.43        55819.65       491575.18       514047.91      1110118.17
MemUsed                 15212.85         8642.14        22472.82            0.09        46327.91
Dirty                       0.24            0.22            0.00            0.00            0.46
Writeback                   0.09            0.00            0.00            0.00            0.09
FilePages                 362.84           10.31            3.61            0.00          376.76
AnonPages                5721.42           12.00        22457.57            0.00        28190.99
PageTables                 84.12            0.43            0.00            0.00           84.55
WritebackTmp                0.00            0.00            0.00            0.00            0.00
MemTotal                63888.29        64461.79       514048.00       514048.00      1156446.08
MemFree                 48665.81        55818.67       488685.46       514047.91      1107217.84
MemUsed                 15222.47         8643.12        25362.54            0.09        49228.23
Dirty                       0.38            0.15            0.02            0.00            0.55
Writeback                   0.00            0.00            0.00            0.00            0.00
FilePages                 363.02           10.35            3.61            0.00          376.98
AnonPages                5718.61           11.75        25353.16            0.00        31083.52
PageTables                 90.17            0.45            0.00            0.00           90.61
WritebackTmp                0.00            0.00            0.00            0.00            0.00
MemTotal                63888.29        64461.79       514048.00       514048.00      1156446.08
MemFree                 48657.58        55817.45       486381.21       514047.91      1104904.15
MemUsed                 15230.70         8644.34        27666.79            0.09        51541.93
Dirty                       0.32            0.20            0.00            0.00            0.52
Writeback                   0.00            0.00            0.00            0.00            0.00
FilePages                 363.48           10.41            3.61            0.00          377.50
AnonPages                5719.24           11.78        27654.15            0.00        33385.16
PageTables                 94.30            0.45            0.00            0.00           94.74
WritebackTmp                0.00            0.00            0.00            0.00            0.00
MemTotal                63888.29        64461.79       514048.00       514048.00      1156446.08
MemFree                 48666.81        55817.45       486373.21       514047.91      1104905.38
MemUsed                 15221.48         8644.34        27674.79            0.09        51540.70
Dirty                       0.29            0.23            0.02            0.00            0.54
Writeback                   0.00            0.00            0.00            0.00            0.00
FilePages                 363.48           10.46            3.61            0.00          377.56
AnonPages                5709.86           12.02        27664.57            0.00        33386.45
PageTables                 94.47            0.45            0.00            0.00           94.92
WritebackTmp                0.00            0.00            0.00            0.00            0.00
MemTotal                63888.29        64461.79       514048.00       514048.00      1156446.08
MemFree                 48675.26        55816.96       486365.21       514047.91      1104905.34
MemUsed                 15213.02         8644.83        27682.79            0.09        51540.73
Dirty                       0.23            0.28            0.00            0.00            0.51
Writeback                   0.00            0.00            0.00            0.00            0.00
FilePages                 363.49           10.52            3.61            0.00          377.62
AnonPages                5702.65           12.27        27672.57            0.00        33387.50
PageTables                 94.48            0.45            0.00            0.00           94.93
WritebackTmp                0.00            0.00            0.00            0.00            0.00
MemTotal                63888.29        64461.79       514048.00       514048.00      1156446.08
MemFree                 48684.16        55818.00       486353.46       514047.91      1104903.52
MemUsed                 15204.13         8643.79        27694.54            0.09        51542.56
Dirty                       0.54            0.39            0.02            0.00            0.95
Writeback                   0.00            0.00            0.00            0.00            0.00
FilePages                 363.51           10.57            3.61            0.00          377.69
AnonPages                5693.67           12.21        27682.57            0.00        33388.46
PageTables                 94.50            0.45            0.00            0.00           94.95
WritebackTmp                0.00            0.00            0.00            0.00            0.00
MemTotal                63888.29        64461.79       514048.00       514048.00      1156446.08
MemFree                 48695.10        55818.54       486345.46       514047.91      1104907.01
MemUsed                 15193.18         8643.25        27702.54            0.09        51539.07
Dirty                       0.50            0.44            0.00            0.00            0.93
Writeback                   0.00            0.00            0.00            0.00            0.00
FilePages                 363.79           10.87            3.61            0.00          378.27
AnonPages                5683.24           12.21        27692.57            0.00        33388.03
PageTables                 94.52            0.45            0.00            0.00           94.96
WritebackTmp                0.00            0.00            0.00            0.00            0.00
MemTotal                63888.29        64461.79       514048.00       514048.00      1156446.08
MemFree                 48703.12        55815.83       486333.21       514047.91      1104900.06
MemUsed                 15185.17         8645.96        27714.79            0.09        51546.02
Dirty                       0.12            0.14            0.00            0.00            0.26
Writeback                   0.00            0.09            0.00            0.00            0.09
FilePages                 363.80           10.91            3.61            0.00          378.32
AnonPages                5674.36           14.75        27702.87            0.00        33391.98
PageTables                 94.61            0.45            0.00            0.00           95.05
WritebackTmp                0.00            0.00            0.00            0.00            0.00
MemTotal                63888.29        64461.79       514048.00       514048.00      1156446.08
MemFree                 48715.50        55817.12       486325.21       514047.91      1104905.73
MemUsed                 15172.79         8644.68        27722.79            0.09        51540.34
Dirty                       0.24            0.43            0.00            0.00            0.67
Writeback                   0.00            0.00            0.00            0.00            0.00
FilePages                 363.80           11.46            3.61            0.00          378.88
AnonPages                5663.04           14.15        27712.87            0.00        33390.05
PageTables                 94.53            0.45            0.00            0.00           94.98
WritebackTmp                0.00            0.00            0.00            0.00            0.00
MemTotal                63888.29        64461.79       514048.00       514048.00      1156446.08
MemFree                 48725.75        55816.62       486313.21       514047.91      1104903.49
MemUsed                 15162.54         8645.17        27734.79            0.09        51542.59
Dirty                       1.75            0.40            0.02            0.00            2.17
Writeback                   0.00            0.00            0.00            0.00            0.00
FilePages                 363.81           12.02            3.61            0.00          379.44
AnonPages                5654.10           14.53        27722.87            0.00        33391.50
PageTables                 94.54            0.45            0.00            0.00           94.99
WritebackTmp                0.00            0.00            0.00            0.00            0.00
MemTotal                63888.29        64461.79       514048.00       514048.00      1156446.08
MemFree                 48734.66        55816.39       486300.96       514047.91      1104899.93
MemUsed                 15153.62         8645.40        27747.04            0.09        51546.15
Dirty                       1.62            0.45            0.00            0.00            2.07
Writeback                   0.00            0.00            0.00            0.00            0.00
FilePages                 363.82           12.07            3.62            0.00          379.50
AnonPages                5644.45           14.62        27732.87            0.00        33391.94
PageTables                 94.53            0.45            0.00            0.00           94.98
WritebackTmp                0.00            0.00            0.00            0.00            0.00
MemTotal                63888.29        64461.79       514048.00       514048.00      1156446.08
MemFree                 48744.96        55817.68       486292.96       514047.91      1104903.52
MemUsed                 15143.32         8644.11        27755.04            0.09        51542.56
Dirty                       1.73            0.34            0.02            0.00            2.09
Writeback                   0.00            0.00            0.00            0.00            0.00
FilePages                 363.83           12.11            3.62            0.00          379.56
AnonPages                5634.32           13.94        27742.87            0.00        33391.12
PageTables                 94.71            0.45            0.00            0.00           95.16
WritebackTmp                0.00            0.00            0.00            0.00            0.00
MemTotal                63888.29        64461.79       514048.00       514048.00      1156446.08
MemFree                 48754.54        55817.44       486280.96       514047.91      1104900.85
MemUsed                 15133.75         8644.35        27767.04            0.09        51545.23
Dirty                       2.93            0.55            0.00            0.00            3.48
Writeback                   0.00            0.00            0.00            0.00            0.00
FilePages                 363.84           12.16            3.62            0.00          379.63
AnonPages                5624.76           14.06        27752.87            0.00        33391.69
PageTables                 94.75            0.45            0.00            0.00           95.20
WritebackTmp                0.00            0.00            0.00            0.00            0.00
MemTotal                63888.29        64461.79       514048.00       514048.00      1156446.08
MemFree                 48763.33        55815.69       486273.21       514047.91      1104900.14
MemUsed                 15124.95         8646.10        27774.79            0.09        51545.94
Dirty                       3.82            0.66            0.02            0.00            4.49
Writeback                   0.00            0.00            0.00            0.00            0.00
FilePages                 363.85           12.21            3.62            0.00          379.68
AnonPages                5616.71           16.19        27760.87            0.00        33393.76
PageTables                 94.53            0.45            0.00            0.00           94.98
WritebackTmp                0.00            0.00            0.00            0.00            0.00
MemTotal                63888.29        64461.79       514048.00       514048.00      1156446.08
MemFree                 48772.42        55815.45       486265.21       514047.91      1104900.98
MemUsed                 15115.87         8646.35        27782.79            0.09        51545.10
Dirty                       4.54            0.87            0.00            0.00            5.40
Writeback                   0.00            0.00            0.00            0.00            0.00
FilePages                 363.86           12.26            3.62            0.00          379.74
AnonPages                5606.22           16.32        27770.87            0.00        33393.41
PageTables                 94.52            0.45            0.00            0.00           94.97
WritebackTmp                0.00            0.00            0.00            0.00            0.00
MemTotal                63888.29        64461.79       514048.00       514048.00      1156446.08
MemFree                 48781.01        55814.97       486253.21       514047.91      1104897.10
MemUsed                 15107.27         8646.82        27794.79            0.09        51548.98
Dirty                       1.48            0.39            0.02            0.00            1.89
Writeback                   0.00            0.00            0.00            0.00            0.00
FilePages                 363.87           12.80            3.62            0.00          380.30
AnonPages                5596.61           16.42        27780.87            0.00        33393.89
PageTables                 94.53            0.45            0.00            0.00           94.98
WritebackTmp                0.00            0.00            0.00            0.00            0.00
MemTotal                63888.29        64461.79       514048.00       514048.00      1156446.08
MemFree                 48790.94        55814.98       486245.46       514047.91      1104899.28
MemUsed                 15097.35         8646.82        27802.54            0.09        51546.80
Dirty                       1.51            0.41            0.00            0.00            1.92
Writeback                   0.00            0.00            0.00            0.00            0.00
FilePages                 363.88           12.85            3.62            0.00          380.35
AnonPages                5587.04           16.53        27790.87            0.00        33394.44
PageTables                 94.52            0.45            0.00            0.00           94.97
WritebackTmp                0.00            0.00            0.00            0.00            0.00
MemTotal                63888.29        64461.79       514048.00       514048.00      1156446.08
MemFree                 48804.46        55814.51       486233.46       514047.91      1104900.34
MemUsed                 15083.82         8647.28        27814.54            0.09        51545.74
Dirty                       1.48            0.29            0.02            0.00            1.78
Writeback                   0.00            0.00            0.00            0.00            0.00
FilePages                 363.88           12.90            3.62            0.00          380.41
AnonPages                5574.67           16.25        27800.87            0.00        33391.79
PageTables                 94.52            0.45            0.00            0.00           94.97
WritebackTmp                0.00            0.00            0.00            0.00            0.00
MemTotal                63888.29        64461.79       514048.00       514048.00      1156446.08
MemFree                 48809.83        55814.76       486229.70       514047.91      1104902.20
MemUsed                 15078.46         8647.04        27818.30            0.09        51543.88
Dirty                       1.39            0.37            0.00            0.00            1.75
Writeback                   0.00            0.00            0.00            0.00            0.00
FilePages                 363.89           12.95            3.62            0.00          380.47
AnonPages                5569.05           15.57        27806.87            0.00        33391.48
PageTables                 94.52            0.45            0.00            0.00           94.97
WritebackTmp                0.00            0.00            0.00            0.00            0.00
MemTotal                63888.29        64461.79       514048.00       514048.00      1156446.08
MemFree                 48809.47        55812.64       486229.94       514047.91      1104899.96
MemUsed                 15078.81         8649.15        27818.06            0.09        51546.12
Dirty                       1.45            0.25            0.02            0.00            1.71
Writeback                   0.00            0.00            0.00            0.00            0.00
FilePages                 363.90           13.01            3.62            0.00          380.54
AnonPages                5569.39           17.77        27806.87            0.00        33394.03
PageTables                 94.53            0.45            0.00            0.00           94.98
WritebackTmp                0.00            0.00            0.00            0.00            0.00
MemTotal                63888.29        64461.79       514048.00       514048.00      1156446.08
MemFree                 48809.83        55811.41       486230.18       514047.91      1104899.33
MemUsed                 15078.45         8650.38        27817.82            0.09        51546.75
Dirty                       1.40            0.32            0.00            0.00            1.72
Writeback                   0.00            0.00            0.00            0.00            0.00
FilePages                 363.92           13.55            3.62            0.00          381.10
AnonPages                5568.81           18.37        27806.87            0.00        33394.05
PageTables                 94.53            0.45            0.00            0.00           94.98
WritebackTmp                0.00            0.00            0.00            0.00            0.00
MemTotal                63888.29        64461.79       514048.00       514048.00      1156446.08
MemFree                 48810.00        55811.41       486230.18       514047.91      1104899.50
MemUsed                 15078.28         8650.38        27817.82            0.09        51546.57
Dirty                       1.34            0.37            0.00            0.00            1.71
Writeback                   0.00            0.00            0.00            0.00            0.00
FilePages                 363.93           13.60            3.62            0.00          381.15
AnonPages                5568.86           17.69        27806.87            0.00        33393.41
PageTables                 94.53            0.45            0.00            0.00           94.98
WritebackTmp                0.00            0.00            0.00            0.00            0.00
MemTotal                63888.29        64461.79       514048.00       514048.00      1156446.08
MemFree                 48809.38        55810.53       486230.18       514047.91      1104898.00
MemUsed                 15078.91         8651.27        27817.82            0.09        51548.08
Dirty                       1.30            0.40            0.01            0.00            1.71
Writeback                   0.00            0.00            0.00            0.00            0.00
FilePages                 363.96           13.64            3.62            0.00          381.23
AnonPages                5568.45           18.34        27806.87            0.00        33393.66
PageTables                 94.41            0.45            0.00            0.00           94.86
WritebackTmp                0.00            0.00            0.00            0.00            0.00
