MemTotal                63856.97        64493.11       514048.00       514048.00      1156446.08
MemFree                 50263.14        55715.21       514047.97       514047.97      1134074.29
MemUsed                 13593.82         8777.90            0.03            0.03        22371.79
Dirty                       0.09            0.11            0.00            0.00            0.19
Writeback                   0.00            0.00            0.00            0.00            0.00
FilePages                 374.64           87.00            0.00            0.00          461.64
AnonPages                4164.55           42.24            0.00            0.00         4206.79
PageTables                 45.03            0.73            0.00            0.00           45.75
WritebackTmp                0.00            0.00            0.00            0.00            0.00
MemTotal                63856.97        64493.11       514048.00       514048.00      1156446.08
MemFree                 45045.33        55654.74       512995.85       514047.97      1127743.88
MemUsed                 18811.64         8838.38         1052.15            0.03        28702.20
Dirty                       0.10           39.71            0.00            0.00           39.80
Writeback                   0.00            0.00            0.00            0.00            0.00
FilePages                 432.87          145.90            2.84            0.00          581.62
AnonPages                9302.11           43.04         1047.14            0.00        10392.29
PageTables                 56.79            0.84            0.00            0.00           57.62
WritebackTmp                0.00            0.00            0.00            0.00            0.00
MemTotal                63856.97        64493.11       514048.00       514048.00      1156446.08
MemFree                 45035.44        55609.30       509641.92       514047.97      1124334.63
MemUsed                 18821.53         8883.82         4406.08            0.03        32111.45
Dirty                       0.05           79.38            0.02            0.00           79.44
Writeback                   0.00            0.00            0.00            0.00            0.00
FilePages                 432.82          190.54            2.91            0.00          626.26
AnonPages                9298.75           43.23         4399.88            0.00        13741.85
PageTables                 63.30            0.99            0.00            0.00           64.29
WritebackTmp                0.00            0.00            0.00            0.00            0.00
MemTotal                63856.97        64493.11       514048.00       514048.00      1156446.08
MemFree                 45035.21        55571.27       506476.93       514047.97      1121131.39
MemUsed                 18821.75         8921.84         7571.07            0.03        35314.70
Dirty                       0.01          122.14            0.00            0.00          122.15
Writeback                   0.00            0.00            0.00            0.00            0.00
FilePages                 432.82          230.16            2.91            0.00          665.89
AnonPages                9289.64           43.33         7563.88            0.00        16896.85
PageTables                 69.77            1.07            0.00            0.00           70.84
WritebackTmp                0.00            0.00            0.00            0.00            0.00
MemTotal                63888.29        64461.80       514048.00       514048.00      1156446.08
MemFree                 51301.87        55814.94       514047.97       514047.97      1135212.75
MemUsed                 12586.41         8646.86            0.03            0.03        21233.33
Dirty                       0.07            0.01            0.00            0.00            0.07
Writeback                   0.00            0.00            0.00            0.00            0.00
FilePages                 399.42            0.98            0.00            0.00          400.40
AnonPages                3152.26            5.95            0.00            0.00         3158.21
PageTables                 36.53            0.29            0.00            0.00           36.82
WritebackTmp                0.00            0.00            0.00            0.00            0.00
MemTotal                63888.29        64461.80       514048.00       514048.00      1156446.08
MemFree                 46153.52        55812.56       512499.36       514047.97      1128513.41
MemUsed                 17734.76         8649.23         1548.64            0.03        27932.67
Dirty                       0.03            0.00            0.00            0.00            0.04
Writeback                   0.00            0.00            0.00            0.00            0.00
FilePages                 396.21            0.98            3.56            0.00          400.75
AnonPages                8271.13            5.91         1542.72            0.00         9819.76
PageTables                 49.44            0.29            0.00            0.00           49.73
WritebackTmp                0.00            0.00            0.00            0.00            0.00
MemTotal                63888.29        64461.80       514048.00       514048.00      1156446.08
MemFree                 46142.26        55813.76       509041.36       514047.97      1125045.35
MemUsed                 17746.02         8648.04         5006.64            0.03        31400.73
Dirty                       0.02            0.00            0.02            0.00            0.04
Writeback                   0.00            0.00            0.00            0.00            0.00
FilePages                 396.88            0.98            3.56            0.00          401.42
AnonPages                8269.53            5.91         5000.68            0.00        13276.12
PageTables                 55.98            0.29            0.00            0.00           56.27
WritebackTmp                0.00            0.00            0.00            0.00            0.00
MemTotal                63888.29        64461.80       514048.00       514048.00      1156446.08
MemFree                 46122.68        55814.17       505461.41       514047.97      1121446.22
MemUsed                 17765.61         8647.63         8586.59            0.03        34999.86
Dirty                       0.00            0.00            0.00            0.00            0.00
Writeback                   0.00            0.00            0.00            0.00            0.00
FilePages                 396.89            0.98            3.56            0.00          401.43
AnonPages                8271.63            5.91         8578.68            0.00        16856.22
PageTables                 62.77            0.29            0.00            0.00           63.06
WritebackTmp                0.00            0.00            0.00            0.00            0.00
MemTotal                63888.29        64461.80       514048.00       514048.00      1156446.08
MemFree                 46112.12        55814.41       502005.41       514047.97      1117979.91
MemUsed                 17776.16         8647.38        12042.59            0.03        38466.17
Dirty                       0.01            0.00            0.02            0.00            0.03
Writeback                   0.00            0.00            0.00            0.00            0.00
FilePages                 396.90            0.98            3.56            0.00          401.44
AnonPages                8271.18            5.91        12038.68            0.00        20315.77
PageTables                 69.78            0.29            0.00            0.00           70.07
WritebackTmp                0.00            0.00            0.00            0.00            0.00
MemTotal                63888.29        64461.80       514048.00       514048.00      1156446.08
MemFree                 46097.31        55814.41       498677.41       514047.97      1114637.10
MemUsed                 17790.97         8647.38        15370.59            0.03        41808.98
Dirty                       0.00            0.00            0.00            0.00            0.00
Writeback                   0.00            0.00            0.00            0.00            0.00
FilePages                 396.91            0.98            3.56            0.00          401.45
AnonPages                8272.09            5.91        15364.68            0.00        23642.68
PageTables                 76.54            0.29            0.00            0.00           76.84
WritebackTmp                0.00            0.00            0.00            0.00            0.00
MemTotal                63888.29        64461.80       514048.00       514048.00      1156446.08
MemFree                 46084.98        55814.41       495477.41       514047.97      1111424.77
MemUsed                 17803.30         8647.38        18570.59            0.03        45021.31
Dirty                       0.01            0.00            0.02            0.00            0.03
Writeback                   0.00            0.00            0.00            0.00            0.00
FilePages                 396.91            0.98            3.57            0.00          401.46
AnonPages                8272.30            5.91        18566.68            0.00        26844.89
PageTables                 82.43            0.29            0.00            0.00           82.73
WritebackTmp                0.00            0.00            0.00            0.00            0.00
MemTotal                63888.29        64461.80       514048.00       514048.00      1156446.08
MemFree                 46069.91        55814.41       492785.41       514047.97      1108717.70
MemUsed                 17818.38         8647.38        21262.59            0.03        47728.39
Dirty                       0.00            0.00            0.00            0.00            0.00
Writeback                   0.00            0.00            0.00            0.00            0.00
FilePages                 398.53            0.98            3.57            0.00          403.08
AnonPages                8272.14            5.91        21256.68            0.00        29534.73
PageTables                 88.09            0.29            0.00            0.00           88.38
WritebackTmp                0.00            0.00            0.00            0.00            0.00
MemTotal                63888.29        64461.80       514048.00       514048.00      1156446.08
MemFree                 46051.99        55814.22       489316.91       514047.97      1105231.10
MemUsed                 17836.29         8647.57        24731.09            0.03        51214.98
Dirty                       0.14            0.02            0.02            0.00            0.17
Writeback                   0.00            0.00            0.00            0.00            0.00
FilePages                 398.73            1.12            3.57            0.00          403.42
AnonPages                8275.94            5.91        24722.74            0.00        33004.60
PageTables                 94.69            0.29            0.00            0.00           94.98
WritebackTmp                0.00            0.00            0.00            0.00            0.00
MemTotal                63888.29        64461.80       514048.00       514048.00      1156446.08
MemFree                 46044.12        55814.22       486584.23       514047.97      1102490.54
MemUsed                 17844.17         8647.57        27463.77            0.03        53955.54
Dirty                       0.00            0.00            0.00            0.00            0.00
Writeback                   0.00            0.00            0.00            0.00            0.00
FilePages                 398.74            1.12            3.57            0.00          403.43
AnonPages                8276.51            5.91        27454.73            0.00        35737.16
PageTables                 99.84            0.29            0.00            0.00          100.13
WritebackTmp                0.00            0.00            0.00            0.00            0.00
MemTotal                63888.29        64461.80       514048.00       514048.00      1156446.08
MemFree                 46058.76        55814.22       486370.51       514047.97      1102291.46
MemUsed                 17829.52         8647.57        27677.49            0.03        54154.62
Dirty                       0.00            0.00            0.02            0.00            0.02
Writeback                   0.00            0.00            0.00            0.00            0.00
FilePages                 398.75            1.12            3.57            0.00          403.43
AnonPages                8261.20            5.91        27668.55            0.00        35935.67
PageTables                100.79            0.29            0.00            0.00          101.09
WritebackTmp                0.00            0.00            0.00            0.00            0.00
MemTotal                63888.29        64461.80       514048.00       514048.00      1156446.08
MemFree                 46079.54        55814.22       486351.24       514047.97      1102292.97
MemUsed                 17808.75         8647.57        27696.76            0.03        54153.11
Dirty                       0.00            0.00            0.00            0.00            0.00
Writeback                   0.00            0.00            0.00            0.00            0.00
FilePages                 398.75            1.12            3.57            0.00          403.45
AnonPages                8240.48            5.91        27688.55            0.00        35934.95
PageTables                100.75            0.29            0.00            0.00          101.05
WritebackTmp                0.00            0.00            0.00            0.00            0.00
MemTotal                63888.29        64461.80       514048.00       514048.00      1156446.08
MemFree                 46099.34        55814.22       486331.49       514047.97      1102293.02
MemUsed                 17788.95         8647.57        27716.51            0.03        54153.07
Dirty                       0.00            0.00            0.02            0.00            0.02
Writeback                   0.00            0.00            0.00            0.00            0.00
FilePages                 398.76            1.12            3.57            0.00          403.45
AnonPages                8220.77            5.91        27708.55            0.00        35935.24
PageTables                100.77            0.29            0.00            0.00          101.06
WritebackTmp                0.00            0.00            0.00            0.00            0.00
MemTotal                63888.29        64461.80       514048.00       514048.00      1156446.08
MemFree                 46114.40        55814.22       486315.49       514047.97      1102292.08
MemUsed                 17773.89         8647.57        27732.51            0.03        54154.00
Dirty                       0.00            0.00            0.00            0.00            0.00
Writeback                   0.00            0.00            0.00            0.00            0.00
FilePages                 398.77            1.12            3.57            0.00          403.46
AnonPages                8205.07            5.91        27726.55            0.00        35937.54
PageTables                100.78            0.29            0.00            0.00          101.07
WritebackTmp                0.00            0.00            0.00            0.00            0.00
MemTotal                63888.29        64461.80       514048.00       514048.00      1156446.08
MemFree                 46135.43        55814.22       486295.49       514047.97      1102293.11
MemUsed                 17752.86         8647.57        27752.51            0.03        54152.97
Dirty                       0.00            0.00            0.02            0.00            0.02
Writeback                   0.00            0.00            0.00            0.00            0.00
FilePages                 399.11            1.12            3.57            0.00          403.80
AnonPages                8185.13            5.92        27746.55            0.00        35937.61
PageTables                100.69            0.29            0.00            0.00          100.98
WritebackTmp                0.00            0.00            0.00            0.00            0.00
MemTotal                63888.29        64461.80       514048.00       514048.00      1156446.08
MemFree                 46155.25        55814.22       486275.49       514047.97      1102292.93
MemUsed                 17733.04         8647.57        27772.51            0.03        54153.16
Dirty                       0.00            0.00            0.00            0.00            0.00
Writeback                   0.00            0.00            0.00            0.00            0.00
FilePages                 399.13            1.12            3.57            0.00          403.82
AnonPages                8165.57            5.93        27766.55            0.00        35938.05
PageTables                100.77            0.29            0.00            0.00          101.07
WritebackTmp                0.00            0.00            0.00            0.00            0.00
MemTotal                63888.29        64461.80       514048.00       514048.00      1156446.08
MemFree                 46176.11        55814.22       486255.49       514047.97      1102293.79
MemUsed                 17712.18         8647.57        27792.51            0.03        54152.30
Dirty                       0.00            0.00            0.00            0.00            0.00
Writeback                   0.00            0.00            0.00            0.00            0.00
FilePages                 399.14            1.12            3.57            0.00          403.83
AnonPages                8143.66            5.93        27786.55            0.00        35936.15
PageTables                100.44            0.29            0.00            0.00          100.73
WritebackTmp                0.00            0.00            0.00            0.00            0.00
MemTotal                63888.29        64461.80       514048.00       514048.00      1156446.08
MemFree                 46190.50        55814.22       486235.49       514047.97      1102288.18
MemUsed                 17697.78         8647.57        27812.51            0.03        54157.90
Dirty                       0.00            0.00            0.02            0.00            0.02
Writeback                   0.00            0.00            0.00            0.00            0.00
FilePages                 399.14            1.12            3.57            0.00          403.84
AnonPages                8128.82            5.93        27804.55            0.00        35939.30
PageTables                100.49            0.30            0.00            0.00          100.79
WritebackTmp                0.00            0.00            0.00            0.00            0.00
