MemTotal                63861.90        64493.11       514048.00       514048.00      1156451.01
MemFree                 54761.19        54207.73       514047.97       514047.97      1137064.86
MemUsed                  9100.71        10285.38            0.03            0.03        19386.15
Dirty                       0.01            0.00            0.00            0.00            0.01
Writeback                   0.01            0.00            0.00            0.00            0.01
FilePages                  96.04          310.68            0.00            0.00          406.72
AnonPages                  67.25         1061.28            0.00            0.00         1128.52
PageTables                  0.64           38.56            0.00            0.00           39.20
WritebackTmp                0.00            0.00            0.00            0.00            0.00
MemTotal                63861.90        64493.11       514048.00       514048.00      1156451.01
MemFree                 38297.46        54204.19       509681.73       514047.97      1116231.35
MemUsed                 25564.44        10288.92         4366.27            0.03        40219.66
Dirty                       0.10            0.11            0.00            0.00            0.21
Writeback                   0.00            0.00            0.00            0.00            0.00
FilePages                  96.03          312.08            0.21            0.00          408.33
AnonPages               16444.02         1060.05         4362.00            0.00        21866.07
PageTables                 41.11           38.50            0.00            0.00           79.61
WritebackTmp                0.00            0.00            0.00            0.00            0.00
MemTotal                63861.90        64493.11       514048.00       514048.00      1156451.01
MemFree                 38296.84        54203.46       500036.99       514047.97      1106585.26
MemUsed                 25565.06        10289.65        14011.01            0.03        49865.75
Dirty                       0.04            0.02            0.00            0.00            0.06
Writeback                   0.00            0.02            0.00            0.00            0.02
FilePages                  96.04          312.09            0.21            0.00          408.34
AnonPages               16408.27         1060.40        14008.64            0.00        31477.32
PageTables                 59.95           38.61            0.00            0.00           98.56
WritebackTmp                0.00            0.00            0.00            0.00            0.00
MemTotal                63861.90        64493.11       514048.00       514048.00      1156451.01
MemFree                 41631.14        54201.86       494266.99       514047.97      1104147.96
MemUsed                 22230.75        10291.25        19781.01            0.03        52303.05
Dirty                       0.09            0.11            0.00            0.00            0.20
Writeback                   0.00            0.00            0.00            0.00            0.00
FilePages                  96.05          313.35            0.21            0.00          409.61
AnonPages               13061.15         1060.60        19772.64            0.00        33894.39
PageTables                 64.86           38.61            0.00            0.00          103.48
WritebackTmp                0.00            0.00            0.00            0.00            0.00
MemTotal                63861.90        64493.11       514048.00       514048.00      1156451.01
MemFree                 38728.23        54199.54       497176.99       514047.97      1104152.73
MemUsed                 25133.67        10293.57        16871.01            0.03        52298.29
Dirty                       0.00            0.00            0.00            0.00            0.00
Writeback                   0.00            0.00            0.00            0.00            0.00
FilePages                  96.05          313.35            0.21            0.00          409.62
AnonPages               15969.13         1060.86        16868.64            0.00        33898.63
PageTables                 64.86           38.56            0.00            0.00          103.43
WritebackTmp                0.00            0.00            0.00            0.00            0.00
MemTotal                63861.90        64493.11       514048.00       514048.00      1156451.01
MemFree                 38728.73        54199.40       497176.99       514047.97      1104153.09
MemUsed                 25133.17        10293.71        16871.01            0.03        52297.93
Dirty                       0.09            0.11            0.00            0.00            0.21
Writeback                   0.00            0.00            0.00            0.00            0.00
FilePages                  96.06          313.65            0.21            0.00          409.93
AnonPages               15969.12         1061.50        16868.64            0.00        33899.27
PageTables                 64.86           38.68            0.00            0.00          103.54
WritebackTmp                0.00            0.00            0.00            0.00            0.00
MemTotal                63861.90        64493.11       514048.00       514048.00      1156451.01
MemFree                 38729.26        54196.96       497176.99       514047.97      1104151.18
MemUsed                 25132.64        10296.15        16871.01            0.03        52299.84
Dirty                       0.04            0.02            0.00            0.00            0.07
Writeback                   0.00            0.00            0.00            0.00            0.00
FilePages                  96.07          313.65            0.21            0.00          409.94
AnonPages               15969.12         1063.74        16868.64            0.00        33901.50
PageTables                 64.86           38.63            0.00            0.00          103.50
WritebackTmp                0.00            0.00            0.00            0.00            0.00
MemTotal                63861.90        64493.11       514048.00       514048.00      1156451.01
MemFree                 38729.95        54196.31       497176.99       514047.97      1104151.21
MemUsed                 25131.95        10296.80        16871.01            0.03        52299.80
Dirty                       0.02            0.04            0.00            0.00            0.05
Writeback                   0.00            0.00            0.00            0.00            0.00
FilePages                  96.08          313.66            0.21            0.00          409.95
AnonPages               15969.12         1064.08        16868.64            0.00        33901.84
PageTables                 64.86           38.66            0.00            0.00          103.52
WritebackTmp                0.00            0.00            0.00            0.00            0.00
MemTotal                63861.90        64493.11       514048.00       514048.00      1156451.01
MemFree                 38730.57        54196.56       497176.99       514047.97      1104152.09
MemUsed                 25131.33        10296.55        16871.01            0.03        52298.93
Dirty                       0.01            0.00            0.00            0.00            0.01
Writeback                   0.00            0.00            0.00            0.00            0.00
FilePages                  96.09          313.65            0.21            0.00          409.95
AnonPages               15969.12         1064.43        16868.64            0.00        33902.20
PageTables                 64.86           38.66            0.00            0.00          103.52
WritebackTmp                0.00            0.00            0.00            0.00            0.00
MemTotal                63861.90        64493.11       514048.00       514048.00      1156451.01
MemFree                 38730.70        54197.57       497176.99       514047.97      1104153.23
MemUsed                 25131.20        10295.54        16871.01            0.03        52297.79
Dirty                       0.09            0.11            0.00            0.00            0.20
Writeback                   0.00            0.00            0.00            0.00            0.00
FilePages                  96.09          313.65            0.21            0.00          409.96
AnonPages               15969.12         1063.65        16868.64            0.00        33901.42
PageTables                 64.86           38.60            0.00            0.00          103.46
WritebackTmp                0.00            0.00            0.00            0.00            0.00
MemTotal                63861.90        64493.11       514048.00       514048.00      1156451.01
MemFree                 38730.95        54194.44       497176.99       514047.97      1104150.34
MemUsed                 25130.95        10298.67        16871.01            0.03        52300.67
Dirty                       0.00            0.00            0.00            0.00            0.00
Writeback                   0.00            0.00            0.00            0.00            0.00
FilePages                  96.10          313.66            0.21            0.00          409.97
AnonPages               15969.12         1066.35        16868.64            0.00        33904.12
PageTables                 64.86           38.74            0.00            0.00          103.60
WritebackTmp                0.00            0.00            0.00            0.00            0.00
MemTotal                63861.90        64493.11       514048.00       514048.00      1156451.01
MemFree                 38730.96        54194.23       497176.99       514047.97      1104150.16
MemUsed                 25130.93        10298.88        16871.01            0.03        52300.86
Dirty                       0.08            0.11            0.00            0.00            0.19
Writeback                   0.00            0.00            0.00            0.00            0.00
FilePages                  96.11          313.66            0.21            0.00          409.98
AnonPages               15969.12         1066.32        16868.64            0.00        33904.09
PageTables                 64.86           38.52            0.00            0.00          103.38
WritebackTmp                0.00            0.00            0.00            0.00            0.00
MemTotal                63861.90        64493.11       514048.00       514048.00      1156451.01
MemFree                 38730.96        54206.07       497176.99       514047.97      1104161.99
MemUsed                 25130.93        10287.04        16871.01            0.03        52289.02
Dirty                       0.05            0.02            0.00            0.00            0.07
Writeback                   0.00            0.00            0.00            0.00            0.00
FilePages                  96.12          313.66            0.21            0.00          409.99
AnonPages               15969.06         1053.50        16868.64            0.00        33891.21
PageTables                 64.86           38.50            0.00            0.00          103.37
WritebackTmp                0.00            0.00            0.00            0.00            0.00
MemTotal                63861.90        64493.11       514048.00       514048.00      1156451.01
MemFree                 38730.72        54207.30       497176.99       514047.97      1104162.98
MemUsed                 25131.18        10285.81        16871.01            0.03        52288.03
Dirty                       0.05            0.11            0.00            0.00            0.16
Writeback                   0.00            0.00            0.00            0.00            0.00
FilePages                  96.13          313.66            0.21            0.00          410.00
AnonPages               15969.06         1053.80        16868.64            0.00        33891.50
PageTables                 64.86           38.59            0.00            0.00          103.46
WritebackTmp                0.00            0.00            0.00            0.00            0.00
MemTotal                63861.90        64493.11       514048.00       514048.00      1156451.01
MemFree                 38730.48        54203.21       497176.99       514047.97      1104158.65
MemUsed                 25131.42        10289.90        16871.01            0.03        52292.36
Dirty                       0.01            0.01            0.00            0.00            0.02
Writeback                   0.00            0.00            0.00            0.00            0.00
FilePages                  96.88          315.19            0.21            0.00          412.28
AnonPages               15969.06         1056.12        16868.64            0.00        33893.82
PageTables                 64.86           38.65            0.00            0.00          103.51
WritebackTmp                0.00            0.00            0.00            0.00            0.00
MemTotal                63861.90        64493.11       514048.00       514048.00      1156451.01
MemFree                 38730.73        54203.70       497176.99       514047.97      1104159.39
MemUsed                 25131.16        10289.41        16871.01            0.03        52291.62
Dirty                       0.04            0.12            0.00            0.00            0.16
Writeback                   0.00            0.00            0.00            0.00            0.00
FilePages                  96.88          315.20            0.21            0.00          412.29
AnonPages               15969.06         1056.36        16868.64            0.00        33894.07
PageTables                 64.86           38.72            0.00            0.00          103.58
WritebackTmp                0.00            0.00            0.00            0.00            0.00
MemTotal                63861.90        64493.11       514048.00       514048.00      1156451.01
MemFree                 38730.54        54199.74       497176.99       514047.97      1104155.23
MemUsed                 25131.36        10293.38        16871.01            0.03        52295.78
Dirty                       0.00            0.00            0.00            0.00            0.00
Writeback                   0.00            0.00            0.00            0.00            0.00
FilePages                  96.89          315.19            0.21            0.00          412.30
AnonPages               15969.05         1059.62        16868.64            0.00        33897.32
PageTables                 64.86           38.71            0.00            0.00          103.58
WritebackTmp                0.00            0.00            0.00            0.00            0.00
MemTotal                63861.90        64493.11       514048.00       514048.00      1156451.01
MemFree                 38730.38        54200.48       497176.99       514047.97      1104155.82
MemUsed                 25131.52        10292.63        16871.01            0.03        52295.19
Dirty                       0.08            0.11            0.00            0.00            0.19
Writeback                   0.00            0.00            0.00            0.00            0.00
FilePages                  96.90          315.20            0.21            0.00          412.31
AnonPages               15969.05         1059.92        16868.64            0.00        33897.62
PageTables                 64.86           38.64            0.00            0.00          103.50
WritebackTmp                0.00            0.00            0.00            0.00            0.00
MemTotal                63861.90        64493.11       514048.00       514048.00      1156451.01
MemFree                 38730.38        54193.79       497176.99       514047.97      1104149.12
MemUsed                 25131.52        10299.32        16871.01            0.03        52301.89
Dirty                       0.00            0.01            0.00            0.00            0.01
Writeback                   0.00            0.00            0.00            0.00            0.00
FilePages                  96.91          315.20            0.21            0.00          412.32
AnonPages               15969.05         1066.04        16868.64            0.00        33903.74
PageTables                 64.86           38.75            0.00            0.00          103.61
WritebackTmp                0.00            0.00            0.00            0.00            0.00
MemTotal                63861.90        64493.11       514048.00       514048.00      1156451.01
MemFree                 38730.65        54193.79       497176.99       514047.97      1104149.40
MemUsed                 25131.25        10299.32        16871.01            0.03        52301.61
Dirty                       0.05            0.12            0.00            0.00            0.16
Writeback                   0.00            0.00            0.00            0.00            0.00
FilePages                  96.91          315.20            0.21            0.00          412.33
AnonPages               15969.05         1065.99        16868.64            0.00        33903.69
PageTables                 64.86           38.60            0.00            0.00          103.46
WritebackTmp                0.00            0.00            0.00            0.00            0.00
MemTotal                63861.90        64493.11       514048.00       514048.00      1156451.01
MemFree                 38730.67        54191.57       497176.99       514047.97      1104147.19
MemUsed                 25131.23        10301.55        16871.01            0.03        52303.82
Dirty                       0.00            0.00            0.00            0.00            0.00
Writeback                   0.00            0.00            0.00            0.00            0.00
FilePages                  96.92          315.20            0.21            0.00          412.33
AnonPages               15969.05         1067.36        16868.64            0.00        33905.06
PageTables                 64.86           38.61            0.00            0.00          103.48
WritebackTmp                0.00            0.00            0.00            0.00            0.00
MemTotal                63861.90        64493.11       514048.00       514048.00      1156451.01
MemFree                 38730.67        54191.07       497176.99       514047.97      1104146.70
MemUsed                 25131.23        10302.04        16871.01            0.03        52304.31
Dirty                       0.05            0.11            0.00            0.00            0.16
Writeback                   0.00            0.00            0.00            0.00            0.00
FilePages                  96.93          315.20            0.21            0.00          412.34
AnonPages               15969.05         1067.68        16868.64            0.00        33905.37
PageTables                 64.86           38.72            0.00            0.00          103.58
WritebackTmp                0.00            0.00            0.00            0.00            0.00
MemTotal                63861.90        64493.11       514048.00       514048.00      1156451.01
MemFree                 38730.67        54192.06       497176.99       514047.97      1104147.69
MemUsed                 25131.23        10301.05        16871.01            0.03        52303.32
Dirty                       0.00            0.02            0.00            0.00            0.02
Writeback                   0.00            0.00            0.00            0.00            0.00
FilePages                  96.94          315.20            0.21            0.00          412.35
AnonPages               15969.05         1066.66        16868.64            0.00        33904.35
PageTables                 64.86           38.69            0.00            0.00          103.55
WritebackTmp                0.00            0.00            0.00            0.00            0.00
MemTotal                63861.90        64493.11       514048.00       514048.00      1156451.01
MemFree                 38730.67        54192.06       497176.99       514047.97      1104147.69
MemUsed                 25131.23        10301.05        16871.01            0.03        52303.32
Dirty                       0.08            0.09            0.00            0.00            0.18
Writeback                   0.00            0.00            0.00            0.00            0.00
FilePages                  96.95          315.20            0.21            0.00          412.36
AnonPages               15969.05         1066.96        16868.64            0.00        33904.65
PageTables                 64.86           38.74            0.00            0.00          103.61
WritebackTmp                0.00            0.00            0.00            0.00            0.00
MemTotal                63861.90        64493.11       514048.00       514048.00      1156451.01
MemFree                 38732.39        54187.46       497176.99       514047.97      1104144.81
MemUsed                 25129.50        10305.65        16871.01            0.03        52306.20
Dirty                       0.00            0.02            0.00            0.00            0.02
Writeback                   0.00            0.00            0.00            0.00            0.00
FilePages                  96.95          315.20            0.21            0.00          412.37
AnonPages               15968.69         1071.62        16868.64            0.00        33908.96
PageTables                 64.86           38.67            0.00            0.00          103.53
WritebackTmp                0.00            0.00            0.00            0.00            0.00
MemTotal                63861.90        64493.11       514048.00       514048.00      1156451.01
MemFree                 38732.39        54187.25       497176.99       514047.97      1104144.60
MemUsed                 25129.50        10305.87        16871.01            0.03        52306.41
Dirty                       0.04            0.10            0.00            0.00            0.14
Writeback                   0.00            0.00            0.00            0.00            0.00
FilePages                  96.96          315.21            0.21            0.00          412.38
AnonPages               15968.67         1071.74        16868.64            0.00        33909.06
PageTables                 64.86           38.55            0.00            0.00          103.42
WritebackTmp                0.00            0.00            0.00            0.00            0.00
MemTotal                63861.90        64493.11       514048.00       514048.00      1156451.01
MemFree                 38730.65        54189.21       497176.99       514047.97      1104144.82
MemUsed                 25131.25        10303.90        16871.01            0.03        52306.19
Dirty                       0.00            0.02            0.00            0.00            0.02
Writeback                   0.00            0.00            0.00            0.00            0.00
FilePages                  96.97          315.20            0.21            0.00          412.39
AnonPages               15970.66         1070.54        16868.64            0.00        33909.85
PageTables                 64.86           38.68            0.00            0.00          103.55
WritebackTmp                0.00            0.00            0.00            0.00            0.00
MemTotal                63861.90        64493.11       514048.00       514048.00      1156451.01
MemFree                 38730.65        54188.02       497176.99       514047.97      1104143.62
MemUsed                 25131.25        10305.09        16871.01            0.03        52307.39
Dirty                       0.04            0.09            0.00            0.00            0.13
Writeback                   0.00            0.00            0.00            0.00            0.00
FilePages                  96.98          315.21            0.21            0.00          412.40
AnonPages               15970.66         1070.89        16868.64            0.00        33910.20
PageTables                 64.86           38.76            0.00            0.00          103.62
WritebackTmp                0.00            0.00            0.00            0.00            0.00
MemTotal                63861.90        64493.11       514048.00       514048.00      1156451.01
MemFree                 38730.72        54187.55       497176.74       514047.97      1104142.99
MemUsed                 25131.18        10305.56        16871.26            0.03        52308.02
Dirty                       0.00            0.02            0.00            0.00            0.02
Writeback                   0.00            0.00            0.00            0.00            0.00
FilePages                  96.98          315.21            0.21            0.00          412.41
AnonPages               15970.58         1071.08        16868.73            0.00        33910.38
PageTables                 64.86           38.72            0.00            0.00          103.58
WritebackTmp                0.00            0.00            0.00            0.00            0.00
MemTotal                63861.90        64493.11       514048.00       514048.00      1156451.01
MemFree                 38730.72        54187.31       497178.74       514047.97      1104144.75
MemUsed                 25131.18        10305.80        16869.26            0.03        52306.27
Dirty                       0.06            0.10            0.00            0.00            0.16
Writeback                   0.00            0.00            0.00            0.00            0.00
FilePages                  97.00          315.22            0.21            0.00          412.43
AnonPages               15970.58         1071.33        16868.73            0.00        33910.64
PageTables                 64.86           38.68            0.00            0.00          103.54
WritebackTmp                0.00            0.00            0.00            0.00            0.00
MemTotal                63861.90        64493.11       514048.00       514048.00      1156451.01
MemFree                 38730.72        54188.79       497178.74       514047.97      1104146.22
MemUsed                 25131.18        10304.32        16869.26            0.03        52304.79
Dirty                       0.00            0.02            0.00            0.00            0.02
Writeback                   0.00            0.00            0.00            0.00            0.00
FilePages                  97.00          315.22            0.21            0.00          412.43
AnonPages               15970.58         1071.50        16868.73            0.00        33910.80
PageTables                 64.86           38.65            0.00            0.00          103.52
WritebackTmp                0.00            0.00            0.00            0.00            0.00
MemTotal                63861.90        64493.11       514048.00       514048.00      1156451.01
MemFree                 38730.72        54190.27       497178.74       514047.97      1104147.70
MemUsed                 25131.18        10302.84        16869.26            0.03        52303.31
Dirty                       0.04            0.09            0.00            0.00            0.13
Writeback                   0.00            0.00            0.00            0.00            0.00
FilePages                  97.01          315.22            0.21            0.00          412.45
AnonPages               15970.43         1070.58        16868.73            0.00        33909.74
PageTables                 64.86           38.68            0.00            0.00          103.55
WritebackTmp                0.00            0.00            0.00            0.00            0.00
MemTotal                63861.90        64493.11       514048.00       514048.00      1156451.01
MemFree                 38730.72        54189.29       497178.74       514047.97      1104146.72
MemUsed                 25131.18        10303.83        16869.26            0.03        52304.29
Dirty                       0.00            0.02            0.00            0.00            0.02
Writeback                   0.00            0.00            0.00            0.00            0.00
FilePages                  97.02          315.22            0.21            0.00          412.45
AnonPages               15970.52         1071.88        16868.73            0.00        33911.12
PageTables                 64.86           38.69            0.00            0.00          103.55
WritebackTmp                0.00            0.00            0.00            0.00            0.00
MemTotal                63861.90        64493.11       514048.00       514048.00      1156451.01
MemFree                 38730.76        54189.08       497178.74       514047.97      1104146.55
MemUsed                 25131.14        10304.04        16869.26            0.03        52304.46
Dirty                       0.04            0.10            0.00            0.00            0.14
Writeback                   0.00            0.00            0.00            0.00            0.00
FilePages                  97.02          315.23            0.21            0.00          412.46
AnonPages               15970.59         1071.27        16868.73            0.00        33910.58
PageTables                 64.86           38.71            0.00            0.00          103.57
WritebackTmp                0.00            0.00            0.00            0.00            0.00
MemTotal                63861.90        64493.11       514048.00       514048.00      1156451.01
MemFree                 38730.78        54189.36       497178.74       514047.97      1104146.85
MemUsed                 25131.12        10303.75        16869.26            0.03        52304.16
Dirty                       0.00            0.02            0.00            0.00            0.02
Writeback                   0.00            0.00            0.00            0.00            0.00
FilePages                  97.21          315.63            0.21            0.00          413.06
AnonPages               15970.46         1071.42        16868.73            0.00        33910.61
PageTables                 64.86           38.65            0.00            0.00          103.52
WritebackTmp                0.00            0.00            0.00            0.00            0.00
MemTotal                63861.90        64493.11       514048.00       514048.00      1156451.01
MemFree                 38730.78        54188.62       497178.74       514047.97      1104146.11
MemUsed                 25131.12        10304.49        16869.26            0.03        52304.90
Dirty                       0.04            0.10            0.00            0.00            0.14
Writeback                   0.00            0.00            0.00            0.00            0.00
FilePages                  97.22          315.63            0.21            0.00          413.07
AnonPages               15970.52         1071.71        16868.73            0.00        33910.96
PageTables                 64.86           38.66            0.00            0.00          103.52
WritebackTmp                0.00            0.00            0.00            0.00            0.00
MemTotal                63861.90        64493.11       514048.00       514048.00      1156451.01
MemFree                 38730.78        54190.84       497178.74       514047.97      1104148.32
MemUsed                 25131.12        10302.28        16869.26            0.03        52302.69
Dirty                       0.04            0.09            0.00            0.00            0.13
Writeback                   0.00            0.00            0.00            0.00            0.00
FilePages                  97.23          315.63            0.21            0.00          413.07
AnonPages               15970.67         1070.87        16868.73            0.00        33910.27
PageTables                 64.86           38.60            0.00            0.00          103.46
WritebackTmp                0.00            0.00            0.00            0.00            0.00
MemTotal                63861.90        64493.11       514048.00       514048.00      1156451.01
MemFree                 38730.83        54190.59       497178.74       514047.97      1104148.13
MemUsed                 25131.07        10302.52        16869.26            0.03        52302.88
Dirty                       0.04            0.10            0.00            0.00            0.14
Writeback                   0.00            0.00            0.00            0.00            0.00
FilePages                  97.24          315.63            0.21            0.00          413.09
AnonPages               15970.75         1071.15        16868.73            0.00        33910.62
PageTables                 64.86           38.66            0.00            0.00          103.52
WritebackTmp                0.00            0.00            0.00            0.00            0.00
