MemTotal                63854.68        64492.78       514048.00       514048.00      1156443.45
MemFree                 54674.96        55778.07       513890.43       514047.20      1138390.67
MemUsed                  9179.71         8714.70          157.57            0.80        18052.78
Dirty                       0.08            0.01            0.13            0.00            0.22
Writeback                   0.00            0.00            0.00            0.00            0.00
FilePages                 161.39           45.01          151.51            0.01          357.91
AnonPages                 326.93          245.58            1.76            0.00          574.27
PageTables                 30.77           11.54            0.00            0.00           42.30
WritebackTmp                0.00            0.00            0.00            0.00            0.00
MemTotal                63854.68        64492.78       514048.00       514048.00      1156443.45
MemFree                 41683.27        55694.74       513890.43       514047.20      1125315.64
MemUsed                 22171.41         8798.04          157.57            0.80        31127.81
Dirty                       0.00            0.00            0.00            0.00            0.00
Writeback                   0.00            0.00            0.00            0.00            0.00
FilePages                6585.09           98.90          151.51            0.01         6835.51
AnonPages                6846.98          246.75            1.76            0.00         7095.49
PageTables                 43.64           11.48            0.00            0.00           55.12
WritebackTmp                0.00            0.00            0.00            0.00            0.00
MemTotal                63854.68        64492.78       514048.00       514048.00      1156443.45
MemFree                 29874.27        55693.95       513890.68       514047.20      1113506.11
MemUsed                 33980.41         8798.82          157.32            0.80        42937.34
Dirty                       0.02            0.02            0.00            0.00            0.03
Writeback                   0.00            0.00            0.00            0.00            0.00
FilePages               12306.35           98.92          151.51            0.01        12556.78
AnonPages               12909.33          246.08            1.76            0.00        13157.17
PageTables                 55.59           11.32            0.00            0.00           66.91
WritebackTmp                0.00            0.00            0.00            0.00            0.00
MemTotal                63854.68        64492.78       514048.00       514048.00      1156443.45
MemFree                 29849.84        55693.88       513890.68       514047.20      1113481.60
MemUsed                 34004.84         8798.90          157.32            0.80        42961.85
Dirty                       0.00            0.01            0.00            0.00            0.01
Writeback                   0.00            0.00            0.00            0.00            0.00
FilePages               12306.36           98.92          151.51            0.01        12556.79
AnonPages               12940.79          245.69            1.76            0.00        13188.24
PageTables                 56.25           11.32            0.00            0.00           67.57
WritebackTmp                0.00            0.00            0.00            0.00            0.00
MemTotal                63854.68        64492.78       514048.00       514048.00      1156443.45
MemFree                 29867.38        55692.59       513890.69       514047.20      1113497.86
MemUsed                 33987.30         8800.18          157.31            0.80        42945.59
Dirty                       0.01            0.01            0.00            0.00            0.02
Writeback                   0.00            0.00            0.00            0.00            0.00
FilePages               12306.38           98.93          151.51            0.01        12556.82
AnonPages               12913.22          246.17            1.76            0.00        13161.15
PageTables                 55.75           11.38            0.00            0.00           67.12
WritebackTmp                0.00            0.00            0.00            0.00            0.00
MemTotal                63854.68        64492.78       514048.00       514048.00      1156443.45
MemFree                 29849.90        55692.66       513890.69       514047.20      1113480.45
MemUsed                 34004.77         8800.12          157.31            0.80        42963.00
Dirty                       0.01            0.01            0.00            0.00            0.02
Writeback                   0.00            0.00            0.00            0.00            0.00
FilePages               12306.39           98.93          151.51            0.01        12556.84
AnonPages               12940.81          246.65            1.76            0.00        13189.22
PageTables                 56.19           11.38            0.00            0.00           67.57
WritebackTmp                0.00            0.00            0.00            0.00            0.00
MemTotal                63854.68        64492.78       514048.00       514048.00      1156443.45
MemFree                 29873.80        55693.08       513890.69       514047.20      1113504.77
MemUsed                 33980.88         8799.70          157.31            0.80        42938.68
Dirty                       0.01            0.00            0.00            0.00            0.02
Writeback                   0.00            0.00            0.00            0.00            0.00
FilePages               12306.55           98.95          151.51            0.01        12557.01
AnonPages               12912.26          245.82            1.76            0.00        13159.84
PageTables                 55.71           11.38            0.00            0.00           67.09
WritebackTmp                0.00            0.00            0.00            0.00            0.00
MemTotal                63854.68        64492.78       514048.00       514048.00      1156443.45
MemFree                 29849.69        55693.27       513890.70       514047.20      1113480.86
MemUsed                 34004.99         8799.51          157.30            0.80        42962.60
Dirty                       0.00            0.00            0.00            0.00            0.00
Writeback                   0.00            0.00            0.00            0.00            0.00
FilePages               12306.56           98.95          151.51            0.01        12557.03
AnonPages               12940.68          245.38            1.76            0.00        13187.82
PageTables                 56.40           11.37            0.00            0.00           67.77
WritebackTmp                0.00            0.00            0.00            0.00            0.00
MemTotal                63854.68        64492.78       514048.00       514048.00      1156443.45
MemFree                 29850.82        55693.37       513890.70       514047.20      1113482.09
MemUsed                 34003.86         8799.41          157.30            0.80        42961.36
Dirty                       0.00            0.00            0.00            0.00            0.00
Writeback                   0.00            0.00            0.00            0.00            0.00
FilePages               12306.57           98.95          151.51            0.01        12557.04
AnonPages               12940.88          245.45            1.76            0.00        13188.08
PageTables                 56.19           11.38            0.00            0.00           67.57
WritebackTmp                0.00            0.00            0.00            0.00            0.00
MemTotal                63854.68        64492.78       514048.00       514048.00      1156443.45
MemFree                 29850.64        55693.18       513890.70       514047.20      1113481.71
MemUsed                 34004.04         8799.60          157.30            0.80        42961.74
Dirty                       0.00            0.00            0.00            0.00            0.00
Writeback                   0.00            0.00            0.00            0.00            0.00
FilePages               12306.59           98.95          151.51            0.01        12557.05
AnonPages               12940.88          245.58            1.76            0.00        13188.21
PageTables                 56.19           11.38            0.00            0.00           67.57
WritebackTmp                0.00            0.00            0.00            0.00            0.00
MemTotal                63854.68        64492.78       514048.00       514048.00      1156443.45
MemFree                 29851.81        55693.18       513890.70       514047.20      1113482.88
MemUsed                 34002.87         8799.60          157.30            0.80        42960.57
Dirty                       0.00            0.00            0.00            0.00            0.00
Writeback                   0.00            0.00            0.00            0.00            0.00
FilePages               12306.61           98.95          151.51            0.01        12557.08
AnonPages               12940.88          245.70            1.76            0.00        13188.34
PageTables                 56.19           11.38            0.00            0.00           67.57
WritebackTmp                0.00            0.00            0.00            0.00            0.00
MemTotal                63854.68        64492.78       514048.00       514048.00      1156443.45
MemFree                 29851.40        55693.18       513890.70       514047.20      1113482.48
MemUsed                 34003.27         8799.60          157.30            0.80        42960.97
Dirty                       0.01            0.01            0.00            0.00            0.02
Writeback                   0.00            0.00            0.00            0.00            0.00
FilePages               12306.62           98.95          151.51            0.01        12557.09
AnonPages               12940.88          245.82            1.76            0.00        13188.46
PageTables                 56.19           11.38            0.00            0.00           67.57
WritebackTmp                0.00            0.00            0.00            0.00            0.00
MemTotal                63854.68        64492.78       514048.00       514048.00      1156443.45
MemFree                 29851.76        55692.93       513890.70       514047.20      1113482.59
MemUsed                 34002.92         8799.84          157.30            0.80        42960.86
Dirty                       0.00            0.00            0.00            0.00            0.00
Writeback                   0.00            0.00            0.00            0.00            0.00
FilePages               12306.63           98.95          151.51            0.01        12557.10
AnonPages               12940.86          245.96            1.76            0.00        13188.58
PageTables                 56.19           11.38            0.00            0.00           67.57
WritebackTmp                0.00            0.00            0.00            0.00            0.00
MemTotal                63854.68        64492.78       514048.00       514048.00      1156443.45
MemFree                 29851.84        55692.62       513890.70       514047.20      1113482.36
MemUsed                 34002.84         8800.16          157.30            0.80        42961.10
Dirty                       0.00            0.01            0.00            0.00            0.01
Writeback                   0.00            0.00            0.00            0.00            0.00
FilePages               12306.65           98.95          151.51            0.01        12557.12
AnonPages               12940.83          246.12            1.76            0.00        13188.71
PageTables                 56.25           11.32            0.00            0.00           67.57
WritebackTmp                0.00            0.00            0.00            0.00            0.00
MemTotal                63854.68        64492.78       514048.00       514048.00      1156443.45
MemFree                 29853.29        55692.59       513890.70       514047.20      1113483.77
MemUsed                 34001.39         8800.19          157.30            0.80        42959.68
Dirty                       0.00            0.00            0.00            0.00            0.00
Writeback                   0.00            0.00            0.00            0.00            0.00
FilePages               12306.66           98.95          151.51            0.01        12557.12
AnonPages               12940.75          246.25            1.76            0.00        13188.76
PageTables                 56.19           11.34            0.00            0.00           67.53
WritebackTmp                0.00            0.00            0.00            0.00            0.00
MemTotal                63854.68        64492.78       514048.00       514048.00      1156443.45
MemFree                 29851.71        55692.61       513890.70       514047.20      1113482.21
MemUsed                 34002.96         8800.17          157.30            0.80        42961.24
Dirty                       0.00            0.00            0.00            0.00            0.01
Writeback                   0.00            0.00            0.00            0.00            0.00
FilePages               12306.68           98.95          151.51            0.01        12557.14
AnonPages               12940.83          246.38            1.76            0.00        13188.97
PageTables                 56.24           11.32            0.00            0.00           67.56
WritebackTmp                0.00            0.00            0.00            0.00            0.00
MemTotal                63854.68        64492.78       514048.00       514048.00      1156443.45
MemFree                 29852.41        55692.72       513890.70       514047.20      1113483.03
MemUsed                 34002.27         8800.06          157.30            0.80        42960.43
Dirty                       0.01            0.00            0.00            0.00            0.02
Writeback                   0.00            0.00            0.00            0.00            0.00
FilePages               12306.69           98.95          151.51            0.01        12557.16
AnonPages               12940.84          246.50            1.76            0.00        13189.10
PageTables                 56.24           11.32            0.00            0.00           67.56
WritebackTmp                0.00            0.00            0.00            0.00            0.00
MemTotal                63854.68        64492.78       514048.00       514048.00      1156443.45
MemFree                 29852.00        55691.40       513890.70       514047.20      1113481.30
MemUsed                 34002.68         8801.38          157.30            0.80        42962.15
Dirty                       0.00            0.00            0.00            0.00            0.00
Writeback                   0.00            0.00            0.00            0.00            0.00
FilePages               12306.71          100.14          151.51            0.01        12558.37
AnonPages               12940.84          246.70            1.76            0.00        13189.30
PageTables                 56.25           11.32            0.00            0.00           67.57
WritebackTmp                0.00            0.00            0.00            0.00            0.00
MemTotal                63854.68        64492.78       514048.00       514048.00      1156443.45
MemFree                 29854.56        55691.63       513890.70       514047.20      1113484.09
MemUsed                 34000.11         8801.14          157.30            0.80        42959.36
Dirty                       0.00            0.00            0.00            0.00            0.00
Writeback                   0.00            0.00            0.00            0.00            0.00
FilePages               12306.71          100.14          151.51            0.01        12558.38
AnonPages               12940.83          245.89            1.76            0.00        13188.48
PageTables                 56.25           11.32            0.00            0.00           67.57
WritebackTmp                0.00            0.00            0.00            0.00            0.00
MemTotal                63854.68        64492.78       514048.00       514048.00      1156443.45
MemFree                 29852.56        55691.66       513890.70       514047.20      1113482.12
MemUsed                 34002.11         8801.12          157.30            0.80        42961.33
Dirty                       0.00            0.00            0.00            0.00            0.00
Writeback                   0.00            0.00            0.00            0.00            0.00
FilePages               12306.73          100.16          151.51            0.01        12558.41
AnonPages               12940.83          246.02            1.76            0.00        13188.61
PageTables                 56.25           11.32            0.00            0.00           67.57
WritebackTmp                0.00            0.00            0.00            0.00            0.00
MemTotal                63854.68        64492.78       514048.00       514048.00      1156443.45
MemFree                 29854.51        55691.18       513890.70       514047.20      1113483.59
MemUsed                 34000.16         8801.60          157.30            0.80        42959.87
Dirty                       0.00            0.00            0.00            0.00            0.00
Writeback                   0.00            0.00            0.00            0.00            0.00
FilePages               12306.75          100.16          151.51            0.01        12558.42
AnonPages               12940.83          246.14            1.76            0.00        13188.73
PageTables                 56.25           11.32            0.00            0.00           67.57
WritebackTmp                0.00            0.00            0.00            0.00            0.00
MemTotal                63854.68        64492.78       514048.00       514048.00      1156443.45
MemFree                 29852.74        55691.45       513890.70       514047.20      1113482.09
MemUsed                 34001.94         8801.33          157.30            0.80        42961.37
Dirty                       0.00            0.00            0.00            0.00            0.00
Writeback                   0.00            0.00            0.00            0.00            0.00
FilePages               12306.75          100.16          151.51            0.01        12558.43
AnonPages               12940.82          246.27            1.76            0.00        13188.85
PageTables                 56.25           11.32            0.00            0.00           67.57
WritebackTmp                0.00            0.00            0.00            0.00            0.00
MemTotal                63854.68        64492.78       514048.00       514048.00      1156443.45
MemFree                 29854.71        55691.18       513890.70       514047.20      1113483.79
MemUsed                 33999.97         8801.60          157.30            0.80        42959.67
Dirty                       0.00            0.00            0.00            0.00            0.00
Writeback                   0.00            0.00            0.00            0.00            0.00
FilePages               12306.77          100.16          151.51            0.01        12558.45
AnonPages               12940.81          246.41            1.76            0.00        13188.98
PageTables                 56.25           11.32            0.00            0.00           67.57
WritebackTmp                0.00            0.00            0.00            0.00            0.00
MemTotal                63854.68        64492.78       514048.00       514048.00      1156443.45
MemFree                 29853.70        55690.04       513890.70       514047.20      1113481.63
MemUsed                 34000.98         8802.74          157.30            0.80        42961.82
Dirty                       0.00            0.00            0.00            0.00            0.00
Writeback                   0.00            0.00            0.00            0.00            0.00
FilePages               12306.79          100.16          151.51            0.01        12558.46
AnonPages               12940.81          246.53            1.76            0.00        13189.10
PageTables                 56.25           11.32            0.00            0.00           67.57
WritebackTmp                0.00            0.00            0.00            0.00            0.00
MemTotal                63854.68        64492.78       514048.00       514048.00      1156443.45
MemFree                 29855.62        55691.11       513890.70       514047.20      1113484.62
MemUsed                 33999.05         8801.67          157.30            0.80        42958.83
Dirty                       0.00            0.01            0.00            0.00            0.01
Writeback                   0.00            0.00            0.00            0.00            0.00
FilePages               12306.79          100.16          151.51            0.01        12558.47
AnonPages               12940.81          246.65            1.76            0.00        13189.22
PageTables                 56.25           11.32            0.00            0.00           67.57
WritebackTmp                0.00            0.00            0.00            0.00            0.00
MemTotal                63854.68        64492.78       514048.00       514048.00      1156443.45
MemFree                 29853.91        55690.91       513890.70       514047.20      1113482.71
MemUsed                 34000.77         8801.87          157.30            0.80        42960.74
Dirty                       0.00            0.00            0.00            0.00            0.00
Writeback                   0.00            0.00            0.00            0.00            0.00
FilePages               12306.81          100.17          151.51            0.01        12558.49
AnonPages               12940.81          246.81            1.76            0.00        13189.38
PageTables                 56.25           11.32            0.00            0.00           67.57
WritebackTmp                0.00            0.00            0.00            0.00            0.00
MemTotal                63854.68        64492.78       514048.00       514048.00      1156443.45
MemFree                 29855.39        55691.64       513890.70       514047.20      1113484.93
MemUsed                 33999.29         8801.14          157.30            0.80        42958.52
Dirty                       0.01            0.02            0.00            0.00            0.03
Writeback                   0.00            0.00            0.00            0.00            0.00
FilePages               12306.82          100.18          151.51            0.01        12558.51
AnonPages               12940.81          246.18            1.76            0.00        13188.75
PageTables                 56.25           11.32            0.00            0.00           67.57
WritebackTmp                0.00            0.00            0.00            0.00            0.00
MemTotal                63854.68        64492.78       514048.00       514048.00      1156443.45
MemFree                 29853.23        55691.47       513890.70       514047.20      1113482.60
MemUsed                 34001.45         8801.31          157.30            0.80        42960.86
Dirty                       0.00            0.00            0.00            0.00            0.00
Writeback                   0.00            0.00            0.00            0.00            0.00
FilePages               12306.82          100.18          151.51            0.01        12558.52
AnonPages               12940.80          246.45            1.76            0.00        13189.01
PageTables                 56.19           11.38            0.00            0.00           67.57
WritebackTmp                0.00            0.00            0.00            0.00            0.00
MemTotal                63854.68        64492.78       514048.00       514048.00      1156443.45
MemFree                 29854.77        55691.22       513890.70       514047.20      1113483.89
MemUsed                 33999.91         8801.55          157.30            0.80        42959.57
Dirty                       0.00            0.01            0.00            0.00            0.01
Writeback                   0.00            0.00            0.00            0.00            0.00
FilePages               12306.83          100.18          151.51            0.01        12558.53
AnonPages               12940.88          246.60            1.76            0.00        13189.24
PageTables                 56.25           11.32            0.00            0.00           67.57
WritebackTmp                0.00            0.00            0.00            0.00            0.00
MemTotal                63854.68        64492.78       514048.00       514048.00      1156443.45
MemFree                 29853.94        55692.28       513890.70       514047.20      1113484.12
MemUsed                 34000.74         8800.50          157.30            0.80        42959.34
Dirty                       0.00            0.00            0.00            0.00            0.01
Writeback                   0.00            0.00            0.00            0.00            0.00
FilePages               12306.84          100.18          151.51            0.01        12558.54
AnonPages               12940.78          245.97            1.76            0.00        13188.50
PageTables                 56.25           11.32            0.00            0.00           67.57
WritebackTmp                0.00            0.00            0.00            0.00            0.00
MemTotal                63854.68        64492.78       514048.00       514048.00      1156443.45
MemFree                 29855.64        55693.04       513890.70       514047.20      1113486.58
MemUsed                 33999.04         8799.74          157.30            0.80        42956.88
Dirty                       0.00            0.00            0.00            0.00            0.00
Writeback                   0.00            0.00            0.00            0.00            0.00
FilePages               12306.85          100.19          151.51            0.01        12558.56
AnonPages               12940.70          245.77            1.76            0.00        13188.23
PageTables                 56.19           11.38            0.00            0.00           67.57
WritebackTmp                0.00            0.00            0.00            0.00            0.00
MemTotal                63854.68        64492.78       514048.00       514048.00      1156443.45
MemFree                 29852.39        55692.89       513890.70       514047.20      1113483.18
MemUsed                 34002.29         8799.89          157.30            0.80        42960.28
Dirty                       0.01            0.01            0.00            0.00            0.02
Writeback                   0.00            0.00            0.00            0.00            0.00
FilePages               12306.87          100.19          151.51            0.01        12558.57
AnonPages               12940.70          245.91            1.76            0.00        13188.36
PageTables                 56.19           11.38            0.00            0.00           67.57
WritebackTmp                0.00            0.00            0.00            0.00            0.00
MemTotal                63854.68        64492.78       514048.00       514048.00      1156443.45
MemFree                 29853.41        55692.89       513890.70       514047.20      1113484.20
MemUsed                 34001.27         8799.89          157.30            0.80        42959.25
Dirty                       0.00            0.00            0.00            0.00            0.00
Writeback                   0.00            0.00            0.00            0.00            0.00
FilePages               12306.88          100.19          151.51            0.01        12558.58
AnonPages               12940.70          246.03            1.76            0.00        13188.48
PageTables                 56.19           11.38            0.00            0.00           67.57
WritebackTmp                0.00            0.00            0.00            0.00            0.00
MemTotal                63854.68        64492.78       514048.00       514048.00      1156443.45
MemFree                 29851.13        55692.41       513890.70       514047.20      1113481.44
MemUsed                 34003.55         8800.36          157.30            0.80        42962.01
Dirty                       0.00            0.00            0.00            0.00            0.00
Writeback                   0.00            0.00            0.00            0.00            0.00
FilePages               12306.89          100.19          151.51            0.01        12558.60
AnonPages               12940.73          246.17            1.76            0.00        13188.66
PageTables                 56.19           11.38            0.00            0.00           67.57
WritebackTmp                0.00            0.00            0.00            0.00            0.00
MemTotal                63854.68        64492.78       514048.00       514048.00      1156443.45
MemFree                 29851.84        55692.41       513890.70       514047.20      1113482.16
MemUsed                 34002.83         8800.36          157.30            0.80        42961.30
Dirty                       0.01            0.01            0.00            0.00            0.02
Writeback                   0.00            0.00            0.00            0.00            0.00
FilePages               12306.91          100.19          151.51            0.01        12558.62
AnonPages               12940.73          246.30            1.76            0.00        13188.79
PageTables                 56.19           11.38            0.00            0.00           67.57
WritebackTmp                0.00            0.00            0.00            0.00            0.00
MemTotal                63854.68        64492.78       514048.00       514048.00      1156443.45
MemFree                 29852.14        55692.18       513890.70       514047.20      1113482.21
MemUsed                 34002.54         8800.60          157.30            0.80        42961.24
Dirty                       0.00            0.00            0.00            0.00            0.00
Writeback                   0.00            0.00            0.00            0.00            0.00
FilePages               12306.92          100.19          151.51            0.01        12558.62
AnonPages               12940.73          246.42            1.76            0.00        13188.91
PageTables                 56.19           11.38            0.00            0.00           67.57
WritebackTmp                0.00            0.00            0.00            0.00            0.00
MemTotal                63854.68        64492.78       514048.00       514048.00      1156443.45
MemFree                 29852.86        55693.26       513890.70       514047.20      1113484.02
MemUsed                 34001.82         8799.52          157.30            0.80        42959.44
Dirty                       0.00            0.00            0.00            0.00            0.01
Writeback                   0.00            0.00            0.00            0.00            0.00
FilePages               12306.93          100.19          151.51            0.01        12558.64
AnonPages               12940.73          245.67            1.76            0.00        13188.16
PageTables                 56.19           11.37            0.00            0.00           67.56
WritebackTmp                0.00            0.00            0.00            0.00            0.00
MemTotal                63854.68        64492.78       514048.00       514048.00      1156443.45
MemFree                 29852.93        55692.78       513890.71       514047.20      1113483.62
MemUsed                 34001.75         8800.00          157.29            0.80        42959.84
Dirty                       0.00            0.00            0.00            0.00            0.00
Writeback                   0.00            0.00            0.00            0.00            0.00
FilePages               12306.94          100.19          151.51            0.01        12558.65
AnonPages               12940.73          245.80            1.76            0.00        13188.29
PageTables                 56.19           11.38            0.00            0.00           67.57
WritebackTmp                0.00            0.00            0.00            0.00            0.00
MemTotal                63854.68        64492.78       514048.00       514048.00      1156443.45
MemFree                 29853.64        55692.78       513890.71       514047.20      1113484.33
MemUsed                 34001.04         8800.00          157.29            0.80        42959.12
Dirty                       0.01            0.00            0.00            0.00            0.02
Writeback                   0.00            0.00            0.00            0.00            0.00
FilePages               12306.97          100.19          151.51            0.01        12558.68
AnonPages               12940.73          245.93            1.76            0.00        13188.42
PageTables                 56.19           11.38            0.00            0.00           67.57
WritebackTmp                0.00            0.00            0.00            0.00            0.00
MemTotal                63854.68        64492.78       514048.00       514048.00      1156443.45
MemFree                 29853.02        55693.66       513890.71       514047.20      1113484.59
MemUsed                 34001.66         8799.12          157.29            0.80        42958.87
Dirty                       0.01            0.01            0.00            0.00            0.02
Writeback                   0.00            0.00            0.00            0.00            0.00
FilePages               12306.98          100.19          151.51            0.01        12558.68
AnonPages               12940.82          245.50            1.76            0.00        13188.07
PageTables                 56.25           11.34            0.00            0.00           67.58
WritebackTmp                0.00            0.00            0.00            0.00            0.00
MemTotal                63854.68        64492.78       514048.00       514048.00      1156443.45
MemFree                 29854.00        55691.69       513890.71       514047.20      1113483.60
MemUsed                 34000.68         8801.09          157.29            0.80        42959.85
Dirty                       0.00            0.00            0.00            0.00            0.00
Writeback                   0.00            0.00            0.00            0.00            0.00
FilePages               12307.00          100.19          151.51            0.01        12558.71
AnonPages               12939.04          247.01            1.76            0.00        13187.81
PageTables                 56.19           11.38            0.00            0.00           67.57
WritebackTmp                0.00            0.00            0.00            0.00            0.00
MemTotal                63854.68        64492.78       514048.00       514048.00      1156443.45
MemFree                 29855.82        55689.18       513890.71       514047.20      1113482.91
MemUsed                 33998.86         8803.60          157.29            0.80        42960.55
Dirty                       0.01            0.01            0.00            0.00            0.02
Writeback                   0.00            0.00            0.00            0.00            0.00
FilePages               12307.43          100.20          151.51            0.01        12559.14
AnonPages               12938.67          248.11            1.76            0.00        13188.54
PageTables                 56.19           11.37            0.00            0.00           67.56
WritebackTmp                0.00            0.00            0.00            0.00            0.00
MemTotal                63854.68        64492.78       514048.00       514048.00      1156443.45
MemFree                 29857.05        55689.45       513890.71       514047.20      1113484.41
MemUsed                 33997.63         8803.32          157.29            0.80        42959.04
Dirty                       0.00            0.00            0.00            0.00            0.00
Writeback                   0.00            0.00            0.00            0.00            0.00
FilePages               12307.43          100.21          151.51            0.01        12559.16
AnonPages               12938.66          248.27            1.76            0.00        13188.70
PageTables                 56.19           11.38            0.00            0.00           67.57
WritebackTmp                0.00            0.00            0.00            0.00            0.00
