MemTotal                63854.68        64492.78       514048.00       514048.00      1156443.45
MemFree                  4824.98        51752.02       487916.54       495300.86      1039794.41
MemUsed                 59029.70        12740.75        26131.46        18747.14       116649.05
Dirty                       0.00            0.00            0.00            0.00            0.00
Writeback                   0.00            0.00            0.00            0.00            0.00
FilePages               46995.43         3803.85        25105.88        18728.57        94633.73
AnonPages                1497.20          370.55          248.80           15.51         2132.05
PageTables                 74.89           18.59            0.01            0.00           93.49
WritebackTmp                0.00            0.00            0.00            0.00            0.00
MemTotal                63854.68        64492.78       514048.00       514048.00      1156443.45
MemFree                  2205.25        51753.61       487917.03       495300.88      1037176.77
MemUsed                 61649.43        12739.17        26130.97        18747.12       119266.69
Dirty                       0.03            0.00            0.00            0.00            0.03
Writeback                   0.00            0.00            0.00            0.00            0.00
FilePages               46995.49         3803.85        25105.88        18728.57        94633.79
AnonPages                4070.76          370.73          248.80           15.51         4705.79
PageTables                 81.66           18.62            0.01            0.00          100.29
WritebackTmp                0.00            0.00            0.00            0.00            0.00
MemTotal                63854.68        64492.78       514048.00       514048.00      1156443.45
MemFree                   496.28        51754.38       487710.05       495300.88      1035261.59
MemUsed                 63358.40        12738.40        26337.95        18747.12       121181.87
Dirty                       0.01            0.00            0.00            0.00            0.01
Writeback                   0.00            0.00            0.00            0.00            0.00
FilePages               46995.50         3803.86        25105.88        18728.57        94633.81
AnonPages                5770.12          370.68          388.81           15.51         6545.12
PageTables                 84.92           18.64            0.34            0.00          103.91
WritebackTmp                0.00            0.00            0.00            0.00            0.00
MemTotal                63854.68        64492.78       514048.00       514048.00      1156443.45
MemFree                   508.66        51754.88       487525.18       495300.88      1035089.60
MemUsed                 63346.01        12737.90        26522.82        18747.12       121353.85
Dirty                       0.04            0.01            0.00            0.00            0.04
Writeback                   0.00            0.00            0.00            0.00            0.00
FilePages               46995.50         3803.86        25105.89        18728.57        94633.82
AnonPages                5769.56          371.09          566.67           15.51         6722.82
PageTables                 84.93           18.59            0.67            0.00          104.18
WritebackTmp                0.00            0.00            0.00            0.00            0.00
MemTotal                63854.68        64492.78       514048.00       514048.00      1156443.45
MemFree                   508.72        51753.91       487521.54       495300.88      1035085.05
MemUsed                 63345.96        12738.87        26526.46        18747.12       121358.41
Dirty                       0.03            0.00            0.00            0.00            0.03
Writeback                   0.00            0.00            0.00            0.00            0.00
FilePages               46995.50         3803.86        25105.90        18728.57        94633.83
AnonPages                5763.82          376.30          567.75           15.51         6723.39
PageTables                 84.93           18.64            0.64            0.00          104.20
WritebackTmp                0.00            0.00            0.00            0.00            0.00
MemTotal                63854.68        64492.78       514048.00       514048.00      1156443.45
MemFree                   509.93        51753.19       487519.08       495300.88      1035083.08
MemUsed                 63344.75        12739.59        26528.92        18747.12       121360.37
Dirty                       0.01            0.00            0.00            0.00            0.01
Writeback                   0.00            0.00            0.00            0.00            0.00
FilePages               46995.51         3803.86        25105.91        18728.57        94633.85
AnonPages                5764.16          376.22          567.39           15.51         6723.28
PageTables                 84.94           18.59            0.69            0.00          104.21
WritebackTmp                0.00            0.00            0.00            0.00            0.00
MemTotal                63854.68        64492.78       514048.00       514048.00      1156443.45
MemFree                   510.21        51754.33       487524.01       495300.88      1035089.44
MemUsed                 63344.46        12738.45        26523.99        18747.12       121354.02
Dirty                       0.03            0.00            0.00            0.00            0.03
Writeback                   0.00            0.00            0.00            0.00            0.00
FilePages               46995.51         3803.86        25105.93        18728.57        94633.87
AnonPages                5764.29          376.34          567.25           15.51         6723.39
PageTables                 84.94           18.64            0.62            0.00          104.21
WritebackTmp                0.00            0.00            0.00            0.00            0.00
MemTotal                63854.68        64492.78       514048.00       514048.00      1156443.45
MemFree                   510.04        51752.27       487515.49       495300.88      1035078.68
MemUsed                 63344.64        12740.51        26532.51        18747.12       121364.78
Dirty                       0.04            0.01            0.00            0.00            0.05
Writeback                   0.00            0.00            0.00            0.00            0.00
FilePages               46995.51         3803.86        25105.95        18728.57        94633.88
AnonPages                5764.45          376.71          568.30           15.51         6724.97
PageTables                 84.94           18.59            0.70            0.00          104.22
WritebackTmp                0.00            0.00            0.00            0.00            0.00
MemTotal                63854.68        64492.78       514048.00       514048.00      1156443.45
MemFree                   510.21        51751.83       487521.50       495300.88      1035084.42
MemUsed                 63344.47        12740.95        26526.50        18747.12       121359.04
Dirty                       0.03            0.00            0.00            0.00            0.03
Writeback                   0.00            0.00            0.00            0.00            0.00
FilePages               46995.51         3803.86        25105.95        18728.57        94633.89
AnonPages                5764.15          376.82          568.44           15.51         6724.91
PageTables                 84.95           18.64            0.65            0.00          104.23
WritebackTmp                0.00            0.00            0.00            0.00            0.00
MemTotal                63854.68        64492.78       514048.00       514048.00      1156443.45
MemFree                   511.12        51750.15       487509.16       495300.88      1035071.31
MemUsed                 63343.55        12742.63        26538.84        18747.12       121372.14
Dirty                       0.03            0.00            0.00            0.00            0.03
Writeback                   0.00            0.00            0.00            0.00            0.00
FilePages               46995.51         3803.86        25105.97        18728.57        94633.91
AnonPages                5763.88          376.84          568.79           15.51         6725.01
PageTables                 84.95           18.64            0.65            0.00          104.24
WritebackTmp                0.00            0.00            0.00            0.00            0.00
MemTotal                63854.68        64492.78       514048.00       514048.00      1156443.45
MemFree                   508.45        51749.82       487513.34       495300.88      1035072.49
MemUsed                 63346.23        12742.96        26534.66        18747.12       121370.96
Dirty                       0.02            0.00            0.00            0.00            0.02
Writeback                   0.00            0.00            0.00            0.00            0.00
FilePages               46995.52         3803.86        25105.98        18728.57        94633.93
AnonPages                5763.69          376.84          569.14           15.51         6725.18
PageTables                 84.94           18.64            0.67            0.00          104.25
WritebackTmp                0.00            0.00            0.00            0.00            0.00
MemTotal                63854.68        64492.78       514048.00       514048.00      1156443.45
MemFree                   510.14        51747.79       487503.51       495300.88      1035062.32
MemUsed                 63344.53        12744.99        26544.49        18747.12       121381.13
Dirty                       0.03            0.01            0.00            0.00            0.04
Writeback                   0.00            0.00            0.00            0.00            0.00
FilePages               46995.52         3803.86        25105.99        18728.57        94633.94
AnonPages                5763.70          376.84          569.08           15.51         6725.12
PageTables                 84.95           18.59            0.73            0.00          104.27
WritebackTmp                0.00            0.00            0.00            0.00            0.00
MemTotal                63854.68        64492.78       514048.00       514048.00      1156443.45
MemFree                   506.45        51750.20       487508.11       495300.88      1035065.64
MemUsed                 63348.22        12742.58        26539.89        18747.12       121377.82
Dirty                       0.02            0.00            0.00            0.00            0.02
Writeback                   0.00            0.00            0.00            0.00            0.00
FilePages               46995.52         3803.86        25106.00        18728.57        94633.96
AnonPages                5763.79          376.87          569.04           15.51         6725.21
PageTables                 85.00           18.59            0.69            0.00          104.28
WritebackTmp                0.00            0.00            0.00            0.00            0.00
MemTotal                63854.68        64492.78       514048.00       514048.00      1156443.45
MemFree                   505.63        51748.96       487501.53       495300.88      1035057.00
MemUsed                 63349.04        12743.82        26546.47        18747.12       121386.45
Dirty                       0.02            0.00            0.00            0.00            0.03
Writeback                   0.00            0.00            0.00            0.00            0.00
FilePages               46995.52         3803.86        25106.01        18728.57        94633.96
AnonPages                5764.01          377.12          568.98           15.51         6725.62
PageTables                 84.95           18.60            0.76            0.00          104.31
WritebackTmp                0.00            0.00            0.00            0.00            0.00
MemTotal                63854.68        64492.78       514048.00       514048.00      1156443.45
MemFree                   508.57        51751.48       487508.38       495300.88      1035069.31
MemUsed                 63346.11        12741.30        26539.62        18747.12       121374.14
Dirty                       0.02            0.00            0.00            0.00            0.02
Writeback                   0.00            0.00            0.00            0.00            0.00
FilePages               46995.52         3803.86        25106.02        18728.57        94633.98
AnonPages                5763.73          377.18          569.26           15.51         6725.68
PageTables                 84.95           18.60            0.78            0.00          104.33
WritebackTmp                0.00            0.00            0.00            0.00            0.00
MemTotal                63854.68        64492.78       514048.00       514048.00      1156443.45
MemFree                   508.34        51752.76       487499.10       495300.88      1035061.09
MemUsed                 63346.33        12740.02        26548.90        18747.12       121382.37
Dirty                       0.02            0.00            0.00            0.00            0.03
Writeback                   0.00            0.00            0.00            0.00            0.00
FilePages               46995.52         3803.87        25106.03        18728.57        94633.99
AnonPages                5763.52          377.22          569.38           15.51         6725.64
PageTables                 84.95           18.60            0.80            0.00          104.35
WritebackTmp                0.00            0.00            0.00            0.00            0.00
MemTotal                63854.68        64492.78       514048.00       514048.00      1156443.45
MemFree                   509.75        51752.66       487499.30       495300.88      1035062.59
MemUsed                 63344.93        12740.12        26548.70        18747.12       121380.86
Dirty                       0.02            0.00            0.00            0.00            0.02
Writeback                   0.00            0.00            0.00            0.00            0.00
FilePages               46995.52         3803.88        25106.04        18728.57        94634.01
AnonPages                5763.53          377.28          569.53           15.51         6725.84
PageTables                 84.95           18.60            0.82            0.00          104.37
WritebackTmp                0.00            0.00            0.00            0.00            0.00
MemTotal                63854.68        64492.78       514048.00       514048.00      1156443.45
MemFree                   507.25        51752.53       487499.87       495300.88      1035060.53
MemUsed                 63347.43        12740.25        26548.13        18747.12       121382.92
Dirty                       0.03            0.00            0.00            0.00            0.04
Writeback                   0.00            0.00            0.00            0.00            0.00
FilePages               46995.52         3803.89        25106.04        18728.57        94634.02
AnonPages                5764.15          377.34          570.46           15.51         6727.45
PageTables                 84.95           18.60            0.84            0.00          104.39
WritebackTmp                0.00            0.00            0.00            0.00            0.00
MemTotal                63854.68        64492.78       514048.00       514048.00      1156443.45
MemFree                   506.81        51752.03       487499.13       495300.88      1035058.86
MemUsed                 63347.86        12740.75        26548.87        18747.12       121384.59
Dirty                       0.03            0.00            0.00            0.00            0.03
Writeback                   0.00            0.00            0.00            0.00            0.00
FilePages               46995.52         3803.89        25106.05        18728.57        94634.04
AnonPages                5764.14          377.49          570.38           15.51         6727.52
PageTables                 84.95           18.66            0.81            0.00          104.42
WritebackTmp                0.00            0.00            0.00            0.00            0.00
MemTotal                63854.68        64492.78       514048.00       514048.00      1156443.45
MemFree                   507.27        51751.40       487494.10       495300.88      1035053.65
MemUsed                 63347.41        12741.38        26553.90        18747.12       121389.80
Dirty                       0.03            0.00            0.01            0.00            0.04
Writeback                   0.00            0.00            0.00            0.00            0.00
FilePages               46995.52         3803.90        25106.06        18728.57        94634.06
AnonPages                5763.48          377.06          570.82           15.51         6726.87
PageTables                 84.95           18.60            0.89            0.00          104.45
WritebackTmp                0.00            0.00            0.00            0.00            0.00
MemTotal                63854.68        64492.78       514048.00       514048.00      1156443.45
MemFree                   508.36        51751.54       487493.91       495300.88      1035054.70
MemUsed                 63346.32        12741.24        26554.09        18747.12       121388.76
Dirty                       0.02            0.00            0.00            0.00            0.02
Writeback                   0.00            0.00            0.00            0.00            0.00
FilePages               46995.52         3803.91        25106.07        18728.57        94634.07
AnonPages                5763.48          377.06          571.50           15.51         6727.55
PageTables                 84.96           18.60            0.91            0.00          104.47
WritebackTmp                0.00            0.00            0.00            0.00            0.00
MemTotal                63854.68        64492.78       514048.00       514048.00      1156443.45
MemFree                   508.08        51753.02       487487.93       495300.88      1035049.91
MemUsed                 63346.59        12739.76        26560.07        18747.12       121393.55
Dirty                       0.03            0.00            0.00            0.00            0.04
Writeback                   0.00            0.00            0.00            0.00            0.00
FilePages               46995.52         3803.92        25106.08        18728.57        94634.09
AnonPages                5763.60          376.94          571.98           15.51         6728.03
PageTables                 84.96           18.60            0.93            0.00          104.49
WritebackTmp                0.00            0.00            0.00            0.00            0.00
MemTotal                63854.68        64492.78       514048.00       514048.00      1156443.45
MemFree                   507.23        51754.38       487482.33       495300.88      1035044.83
MemUsed                 63347.44        12738.40        26565.67        18747.12       121398.62
Dirty                       0.03            0.00            0.00            0.00            0.03
Writeback                   0.00            0.00            0.00            0.00            0.00
FilePages               46995.52         3803.93        25106.09        18728.57        94634.11
AnonPages                5754.21          376.86          573.60           15.51         6720.17
PageTables                 84.97           18.61            1.21            0.00          104.80
WritebackTmp                0.00            0.00            0.00            0.00            0.00
MemTotal                63854.68        64492.78       514048.00       514048.00      1156443.45
MemFree                   510.22        51754.04       487482.20       495300.88      1035047.35
MemUsed                 63344.45        12738.73        26565.80        18747.12       121396.11
Dirty                       0.03            0.00            0.00            0.00            0.03
Writeback                   0.00            0.00            0.00            0.00            0.00
FilePages               46995.52         3803.93        25106.09        18728.57        94634.12
AnonPages                5754.48          376.89          574.73           15.51         6721.61
PageTables                 84.97           18.65            0.88            0.00          104.50
WritebackTmp                0.00            0.00            0.00            0.00            0.00
MemTotal                63854.68        64492.78       514048.00       514048.00      1156443.45
MemFree                   507.36        51753.54       487479.61       495300.88      1035041.39
MemUsed                 63347.32        12739.24        26568.39        18747.12       121402.07
Dirty                       0.02            0.00            0.00            0.00            0.02
Writeback                   0.00            0.00            0.00            0.00            0.00
FilePages               46995.54         3803.94        25106.09        18728.57        94634.14
AnonPages                5755.25          376.84          576.15           15.51         6723.75
PageTables                 85.05           18.63            0.96            0.00          104.64
WritebackTmp                0.00            0.00            0.00            0.00            0.00
MemTotal                63854.68        64492.78       514048.00       514048.00      1156443.45
MemFree                   512.34        51752.19       487471.34       495300.88      1035036.75
MemUsed                 63342.34        12740.59        26576.66        18747.12       121406.70
Dirty                       0.03            0.00            0.00            0.00            0.03
Writeback                   0.00            0.00            0.00            0.00            0.00
FilePages               46995.54         3803.95        25106.10        18728.57        94634.16
AnonPages                5755.31          377.02          576.97           15.51         6724.82
PageTables                 85.20           18.77            0.98            0.00          104.95
WritebackTmp                0.00            0.00            0.00            0.00            0.00
MemTotal                63854.68        64492.78       514048.00       514048.00      1156443.45
MemFree                   511.07        51753.85       487480.22       495300.88      1035046.02
MemUsed                 63343.60        12738.93        26567.78        18747.12       121397.43
Dirty                       0.02            0.00            0.00            0.00            0.02
Writeback                   0.00            0.00            0.00            0.00            0.00
FilePages               46995.54         3803.96        25106.10        18728.57        94634.17
AnonPages                5755.16          376.76          576.86           15.51         6724.29
PageTables                 85.06           18.59            0.95            0.00          104.61
WritebackTmp                0.00            0.00            0.00            0.00            0.00
MemTotal                63854.68        64492.78       514048.00       514048.00      1156443.45
MemFree                   512.05        51752.25       487479.61       495300.88      1035044.80
MemUsed                 63342.63        12740.52        26568.39        18747.12       121398.66
Dirty                       0.03            0.00            0.00            0.00            0.03
Writeback                   0.00            0.00            0.00            0.00            0.00
FilePages               46995.54         3803.96        25106.12        18728.57        94634.19
AnonPages                5756.60          376.76          578.14           15.51         6727.00
PageTables                 85.01           18.59            0.64            0.00          104.25
WritebackTmp                0.00            0.00            0.00            0.00            0.00
MemTotal                63854.68        64492.78       514048.00       514048.00      1156443.45
MemFree                   507.87        51753.48       487476.25       495300.88      1035038.48
MemUsed                 63346.80        12739.30        26571.75        18747.12       121404.98
Dirty                       0.02            0.00            0.00            0.00            0.02
Writeback                   0.00            0.00            0.00            0.00            0.00
FilePages               46995.56         3803.96        25106.12        18728.57        94634.20
AnonPages                5756.88          376.76          578.38           15.51         6727.52
PageTables                 85.03           18.59            1.03            0.00          104.65
WritebackTmp                0.00            0.00            0.00            0.00            0.00
MemTotal                63854.68        64492.78       514048.00       514048.00      1156443.45
MemFree                   510.04        51752.45       487487.83       495300.88      1035051.20
MemUsed                 63344.64        12740.33        26560.17        18747.12       121392.25
Dirty                       0.02            0.00            0.00            0.00            0.02
Writeback                   0.00            0.00            0.00            0.00            0.00
FilePages               46995.57         3803.96        25106.13        18728.57        94634.22
AnonPages                5756.61          377.37          578.59           15.51         6728.07
PageTables                 84.98           18.59            1.09            0.00          104.66
WritebackTmp                0.00            0.00            0.00            0.00            0.00
MemTotal                63854.68        64492.78       514048.00       514048.00      1156443.45
MemFree                   510.34        51752.51       487481.84       495300.88      1035045.57
MemUsed                 63344.34        12740.27        26566.16        18747.12       121397.88
Dirty                       0.02            0.00            0.00            0.00            0.03
Writeback                   0.00            0.00            0.00            0.00            0.00
FilePages               46995.57         3803.96        25106.14        18728.57        94634.24
AnonPages                5757.03          377.38          578.95           15.51         6728.87
PageTables                 85.04           18.59            1.05            0.00          104.69
WritebackTmp                0.00            0.00            0.00            0.00            0.00
MemTotal                63854.68        64492.78       514048.00       514048.00      1156443.45
MemFree                   506.14        51749.92       487490.34       495300.88      1035047.29
MemUsed                 63348.53        12742.86        26557.66        18747.12       121396.16
Dirty                       0.02            0.00            0.00            0.00            0.02
Writeback                   0.00            0.00            0.00            0.00            0.00
FilePages               46995.58         3803.96        25106.14        18728.57        94634.25
AnonPages                5757.36          377.20          579.76           15.51         6729.83
PageTables                 85.00           18.59            1.11            0.00          104.71
WritebackTmp                0.00            0.00            0.00            0.00            0.00
MemTotal                63854.68        64492.78       514048.00       514048.00      1156443.45
MemFree                   510.49        51750.92       487487.70       495300.88      1035049.99
MemUsed                 63344.19        12741.86        26560.30        18747.12       121393.46
Dirty                       0.02            0.00            0.00            0.00            0.02
Writeback                   0.00            0.00            0.00            0.00            0.00
FilePages               46995.59         3803.96        25106.15        18728.57        94634.27
AnonPages                5757.42          377.24          580.39           15.51         6730.56
PageTables                 85.01           18.59            1.13            0.00          104.73
WritebackTmp                0.00            0.00            0.00            0.00            0.00
MemTotal                63854.68        64492.78       514048.00       514048.00      1156443.45
MemFree                   511.39        51751.93       487488.91       495300.88      1035053.11
MemUsed                 63343.29        12740.85        26559.09        18747.12       121390.34
Dirty                       0.02            0.00            0.00            0.00            0.02
Writeback                   0.00            0.00            0.00            0.00            0.00
FilePages               46995.59         3803.96        25106.17        18728.57        94634.29
AnonPages                5757.45          377.18          582.52           15.51         6732.65
PageTables                 85.02           18.59            1.15            0.00          104.76
WritebackTmp                0.00            0.00            0.00            0.00            0.00
MemTotal                63854.68        64492.78       514048.00       514048.00      1156443.45
MemFree                   507.84        51752.11       487485.71       495300.88      1035046.54
MemUsed                 63346.84        12740.67        26562.29        18747.12       121396.91
Dirty                       0.02            0.00            0.00            0.00            0.03
Writeback                   0.00            0.00            0.00            0.00            0.00
FilePages               46995.59         3803.96        25106.19        18728.57        94634.30
AnonPages                5757.75          377.19          583.57           15.51         6734.02
PageTables                 85.02           18.59            1.17            0.00          104.78
WritebackTmp                0.00            0.00            0.00            0.00            0.00
MemTotal                63854.68        64492.78       514048.00       514048.00      1156443.45
MemFree                   511.63        51751.77       487483.48       495300.88      1035047.77
MemUsed                 63343.04        12741.00        26564.52        18747.12       121395.68
Dirty                       0.02            0.00            0.00            0.00            0.02
Writeback                   0.00            0.00            0.00            0.00            0.00
FilePages               46995.59         3803.96        25106.20        18728.57        94634.32
AnonPages                5757.93          377.80          584.47           15.51         6735.70
PageTables                 85.03           18.59            1.18            0.00          104.80
WritebackTmp                0.00            0.00            0.00            0.00            0.00
MemTotal                63854.68        64492.78       514048.00       514048.00      1156443.45
MemFree                   511.14        51750.25       487484.99       495300.88      1035047.27
MemUsed                 63343.53        12742.53        26563.01        18747.12       121396.19
Dirty                       0.02            0.00            0.00            0.00            0.02
Writeback                   0.00            0.00            0.00            0.00            0.00
FilePages               46995.59         3803.96        25106.21        18728.57        94634.33
AnonPages                5758.16          377.81          585.35           15.51         6736.83
PageTables                 85.03           18.59            1.20            0.00          104.82
WritebackTmp                0.00            0.00            0.00            0.00            0.00
MemTotal                63854.68        64492.78       514048.00       514048.00      1156443.45
MemFree                   507.68        51750.09       487482.64       495300.88      1035041.29
MemUsed                 63347.00        12742.68        26565.36        18747.12       121402.16
Dirty                       0.02            0.00            0.00            0.00            0.02
Writeback                   0.00            0.00            0.00            0.00            0.00
FilePages               46995.59         3803.96        25106.23        18728.57        94634.34
AnonPages                5758.21          377.66          586.55           15.51         6737.93
PageTables                 85.03           18.59            1.22            0.00          104.84
WritebackTmp                0.00            0.00            0.00            0.00            0.00
MemTotal                63854.68        64492.78       514048.00       514048.00      1156443.45
MemFree                   509.54        51751.54       487481.50       495300.88      1035043.45
MemUsed                 63345.14        12741.24        26566.50        18747.12       121400.00
Dirty                       0.02            0.00            0.01            0.00            0.02
Writeback                   0.00            0.00            0.00            0.00            0.00
FilePages               46995.59         3803.96        25106.25        18728.57        94634.36
AnonPages                5758.33          377.66          587.32           15.51         6738.82
PageTables                 85.04           18.59            1.24            0.00          104.87
WritebackTmp                0.00            0.00            0.00            0.00            0.00
MemTotal                63854.68        64492.78       514048.00       514048.00      1156443.45
MemFree                   511.75        51749.85       487481.39       495300.88      1035043.87
MemUsed                 63342.93        12742.93        26566.61        18747.12       121399.58
Dirty                       0.02            0.00            0.00            0.00            0.02
Writeback                   0.00            0.00            0.00            0.00            0.00
FilePages               46995.59         3803.96        25106.26        18728.57        94634.38
AnonPages                5758.32          377.60          587.81           15.51         6739.23
PageTables                 85.04           18.59            1.25            0.00          104.88
WritebackTmp                0.00            0.00            0.00            0.00            0.00
MemTotal                63854.68        64492.78       514048.00       514048.00      1156443.45
MemFree                   511.39        51750.62       487481.02       495300.88      1035043.91
MemUsed                 63343.29        12742.16        26566.98        18747.12       121399.54
Dirty                       0.02            0.00            0.00            0.00            0.03
Writeback                   0.00            0.00            0.00            0.00            0.00
FilePages               46995.60         3803.96        25106.27        18728.57        94634.39
AnonPages                5758.68          377.60          587.72           15.51         6739.51
PageTables                 85.04           18.65            1.21            0.00          104.91
WritebackTmp                0.00            0.00            0.00            0.00            0.00
MemTotal                63854.68        64492.78       514048.00       514048.00      1156443.45
MemFree                   510.68        51750.14       487477.61       495300.88      1035039.31
MemUsed                 63344.00        12742.63        26570.39        18747.12       121404.14
Dirty                       0.02            0.00            0.00            0.00            0.02
Writeback                   0.00            0.00            0.00            0.00            0.00
FilePages               46995.61         3803.96        25106.27        18728.57        94634.41
AnonPages                5758.72          376.84          588.50           15.51         6739.56
PageTables                 85.10           18.61            1.23            0.00          104.95
WritebackTmp                0.00            0.00            0.00            0.00            0.00
MemTotal                63854.68        64492.78       514048.00       514048.00      1156443.45
MemFree                   507.04        51749.23       487475.23       495300.88      1035032.39
MemUsed                 63347.63        12743.55        26572.77        18747.12       121411.07
Dirty                       0.02            0.00            0.00            0.00            0.02
Writeback                   0.00            0.00            0.00            0.00            0.00
FilePages               46995.61         3803.96        25106.29        18728.57        94634.43
AnonPages                5758.26          376.82          588.36           15.51         6738.95
PageTables                 85.05           18.59            1.30            0.00          104.94
WritebackTmp                0.00            0.00            0.00            0.00            0.00
MemTotal                63854.68        64492.78       514048.00       514048.00      1156443.45
MemFree                   509.00        51751.97       487471.81       495300.88      1035033.66
MemUsed                 63345.67        12740.81        26576.19        18747.12       121409.79
Dirty                       0.02            0.00            0.00            0.00            0.02
Writeback                   0.00            0.00            0.00            0.00            0.00
FilePages               46995.61         3803.96        25106.32        18728.57        94634.45
AnonPages                5758.34          376.51          588.64           15.51         6738.99
PageTables                 85.05           18.59            1.32            0.00          104.96
WritebackTmp                0.00            0.00            0.00            0.00            0.00
MemTotal                63854.68        64492.78       514048.00       514048.00      1156443.45
MemFree                   510.68        51752.53       487472.96       495300.88      1035037.06
MemUsed                 63344.00        12740.25        26575.04        18747.12       121406.39
Dirty                       0.02            0.00            0.00            0.00            0.03
Writeback                   0.00            0.00            0.00            0.00            0.00
FilePages               46995.61         3803.96        25106.34        18728.57        94634.47
AnonPages                5758.51          376.51          589.26           15.51         6739.79
PageTables                 85.05           18.59            1.34            0.00          104.99
WritebackTmp                0.00            0.00            0.00            0.00            0.00
MemTotal                63854.68        64492.78       514048.00       514048.00      1156443.45
MemFree                   511.43        51750.35       487471.72       495300.88      1035034.39
MemUsed                 63343.24        12742.43        26576.28        18747.12       121409.06
Dirty                       0.02            0.00            0.00            0.00            0.02
Writeback                   0.00            0.00            0.00            0.00            0.00
FilePages               46995.61         3803.96        25106.34        18728.57        94634.48
AnonPages                5758.90          376.46          589.59           15.51         6740.46
PageTables                 85.06           18.59            1.35            0.00          105.01
WritebackTmp                0.00            0.00            0.00            0.00            0.00
MemTotal                63854.68        64492.78       514048.00       514048.00      1156443.45
MemFree                   512.58        51750.54       487470.41       495300.88      1035034.41
MemUsed                 63342.09        12742.23        26577.59        18747.12       121409.04
Dirty                       0.01            0.00            0.00            0.00            0.02
Writeback                   0.00            0.00            0.00            0.00            0.00
FilePages               46995.61         3803.96        25106.36        18728.57        94634.50
AnonPages                5759.00          376.47          590.29           15.51         6741.27
PageTables                 85.06           18.59            1.37            0.00          105.03
WritebackTmp                0.00            0.00            0.00            0.00            0.00
MemTotal                63854.68        64492.78       514048.00       514048.00      1156443.45
MemFree                   509.20        51748.56       487469.85       495300.88      1035028.50
MemUsed                 63345.47        12744.21        26578.15        18747.12       121414.96
Dirty                       0.04            0.00            0.00            0.00            0.04
Writeback                   0.00            0.00            0.00            0.00            0.00
FilePages               46995.62         3803.96        25106.37        18728.57        94634.52
AnonPages                5759.22          376.50          591.42           15.51         6742.65
PageTables                 85.12           18.59            1.34            0.00          105.05
WritebackTmp                0.00            0.00            0.00            0.00            0.00
MemTotal                63854.68        64492.78       514048.00       514048.00      1156443.45
MemFree                   506.01        51748.35       487469.34       495300.88      1035024.58
MemUsed                 63348.66        12744.43        26578.66        18747.12       121418.88
Dirty                       0.02            0.00            0.00            0.00            0.02
Writeback                   0.00            0.00            0.00            0.00            0.00
FilePages               46995.63         3803.96        25106.38        18728.57        94634.54
AnonPages                5759.16          376.54          591.99           15.51         6743.19
PageTables                 85.06           18.59            1.41            0.00          105.07
WritebackTmp                0.00            0.00            0.00            0.00            0.00
MemTotal                63854.68        64492.78       514048.00       514048.00      1156443.45
MemFree                   508.96        51748.43       487470.94       495300.88      1035029.22
MemUsed                 63345.71        12744.34        26577.06        18747.12       121414.23
Dirty                       0.02            0.00            0.00            0.00            0.02
Writeback                   0.00            0.00            0.00            0.00            0.00
FilePages               46995.63         3803.96        25106.39        18728.57        94634.55
AnonPages                5759.37          377.38          592.27           15.51         6744.52
PageTables                 85.07           18.65            1.38            0.00          105.09
WritebackTmp                0.00            0.00            0.00            0.00            0.00
MemTotal                63854.68        64492.78       514048.00       514048.00      1156443.45
MemFree                   507.55        51746.93       487468.73       495300.88      1035024.10
MemUsed                 63347.13        12745.84        26579.27        18747.12       121419.36
Dirty                       0.01            0.00            0.00            0.00            0.01
Writeback                   0.00            0.00            0.00            0.00            0.00
FilePages               46995.64         3803.96        25106.39        18728.57        94634.56
AnonPages                5759.45          377.31          593.28           15.51         6745.54
PageTables                 85.07           18.59            1.45            0.00          105.11
WritebackTmp                0.00            0.00            0.00            0.00            0.00
MemTotal                63854.68        64492.78       514048.00       514048.00      1156443.45
MemFree                   505.75        51748.00       487472.70       495300.88      1035027.34
MemUsed                 63348.93        12744.77        26575.30        18747.12       121416.11
Dirty                       0.03            0.00            0.00            0.00            0.03
Writeback                   0.00            0.00            0.00            0.00            0.00
FilePages               46995.65         3803.96        25106.40        18728.57        94634.57
AnonPages                5759.75          377.19          593.96           15.51         6746.41
PageTables                 85.12           18.59            1.41            0.00          105.13
WritebackTmp                0.00            0.00            0.00            0.00            0.00
MemTotal                63854.68        64492.78       514048.00       514048.00      1156443.45
MemFree                   509.65        51748.26       487464.32       495300.88      1035023.11
MemUsed                 63345.03        12744.52        26583.68        18747.12       121420.34
Dirty                       0.02            0.00            0.00            0.00            0.03
Writeback                   0.00            0.00            0.00            0.00            0.00
FilePages               46995.65         3803.96        25106.41        18728.57        94634.59
AnonPages                5759.67          377.21          595.04           15.51         6747.43
PageTables                 85.07           18.59            1.49            0.00          105.15
WritebackTmp                0.00            0.00            0.00            0.00            0.00
MemTotal                63854.68        64492.78       514048.00       514048.00      1156443.45
MemFree                   509.05        51749.26       487465.14       495300.88      1035024.34
MemUsed                 63345.63        12743.52        26582.86        18747.12       121419.12
Dirty                       0.02            0.00            0.00            0.00            0.02
Writeback                   0.00            0.00            0.00            0.00            0.00
FilePages               46995.66         3803.96        25106.41        18728.57        94634.61
AnonPages                5759.98          376.58          596.73           15.51         6748.80
PageTables                 85.12           18.59            1.45            0.00          105.17
WritebackTmp                0.00            0.00            0.00            0.00            0.00
MemTotal                63854.68        64492.78       514048.00       514048.00      1156443.45
MemFree                   508.89        51751.01       487460.88       495300.88      1035021.66
MemUsed                 63345.79        12741.77        26587.12        18747.12       121421.79
Dirty                       0.02            0.01            0.00            0.00            0.04
Writeback                   0.00            0.00            0.00            0.00            0.00
FilePages               46995.66         3803.96        25106.43        18728.57        94634.62
AnonPages                5759.83          376.59          597.54           15.51         6749.47
PageTables                 85.07           18.59            1.52            0.00          105.19
WritebackTmp                0.00            0.00            0.00            0.00            0.00
MemTotal                63854.68        64492.78       514048.00       514048.00      1156443.45
MemFree                   508.58        51750.59       487460.43       495300.88      1035020.49
MemUsed                 63346.10        12742.18        26587.57        18747.12       121422.96
Dirty                       0.02            0.00            0.00            0.00            0.02
Writeback                   0.00            0.00            0.00            0.00            0.00
FilePages               46995.66         3803.96        25106.44        18728.57        94634.63
AnonPages                5760.07          376.61          598.58           15.51         6750.77
PageTables                 85.08           18.59            1.54            0.00          105.21
WritebackTmp                0.00            0.00            0.00            0.00            0.00
MemTotal                63854.68        64492.78       514048.00       514048.00      1156443.45
MemFree                   510.50        51750.89       487455.73       495300.88      1035017.99
MemUsed                 63344.18        12741.89        26592.27        18747.12       121425.46
Dirty                       0.02            0.00            0.00            0.00            0.02
Writeback                   0.00            0.00            0.00            0.00            0.00
FilePages               46995.66         3803.96        25106.45        18728.57        94634.65
AnonPages                5760.00          376.61          599.62           15.51         6751.74
PageTables                 85.08           18.59            1.55            0.00          105.23
WritebackTmp                0.00            0.00            0.00            0.00            0.00
MemTotal                63854.68        64492.78       514048.00       514048.00      1156443.45
MemFree                   510.50        51751.36       487450.89       495300.88      1035013.63
MemUsed                 63344.18        12741.42        26597.11        18747.12       121429.82
Dirty                       0.02            0.00            0.00            0.00            0.02
Writeback                   0.00            0.00            0.00            0.00            0.00
FilePages               46995.66         3803.96        25106.47        18728.57        94634.67
AnonPages                5760.24          376.62          600.73           15.51         6753.10
PageTables                 85.09           18.59            1.57            0.00          105.25
WritebackTmp                0.00            0.00            0.00            0.00            0.00
MemTotal                63854.68        64492.78       514048.00       514048.00      1156443.45
MemFree                   509.44        51751.31       487448.00       495300.88      1035009.63
MemUsed                 63345.23        12741.47        26600.00        18747.12       121433.82
Dirty                       0.03            0.01            0.00            0.00            0.04
Writeback                   0.00            0.00            0.00            0.00            0.00
FilePages               46995.66         3803.96        25106.48        18728.57        94634.68
AnonPages                5760.13          376.58          601.09           15.51         6753.31
PageTables                 85.09           18.59            1.59            0.00          105.27
WritebackTmp                0.00            0.00            0.00            0.00            0.00
MemTotal                63854.68        64492.78       514048.00       514048.00      1156443.45
MemFree                   509.22        51750.19       487440.00       495300.88      1035000.29
MemUsed                 63345.45        12742.59        26608.00        18747.12       121443.16
Dirty                       0.02            0.00            0.00            0.00            0.02
Writeback                   0.00            0.00            0.00            0.00            0.00
FilePages               46995.66         3803.96        25106.50        18728.57        94634.70
AnonPages                5760.09          376.60          603.04           15.51         6755.24
PageTables                 85.09           18.59            1.62            0.00          105.30
WritebackTmp                0.00            0.00            0.00            0.00            0.00
MemTotal                63854.68        64492.78       514048.00       514048.00      1156443.45
MemFree                   509.63        51749.82       487442.71       495300.88      1035003.05
MemUsed                 63345.04        12742.96        26605.29        18747.12       121440.41
Dirty                       0.02            0.00            0.00            0.00            0.02
Writeback                   0.00            0.00            0.00            0.00            0.00
FilePages               46995.66         3803.96        25106.52        18728.57        94634.71
AnonPages                5760.03          376.60          603.78           15.51         6755.91
PageTables                 85.09           18.59            1.64            0.00          105.32
WritebackTmp                0.00            0.00            0.00            0.00            0.00
MemTotal                63854.68        64492.78       514048.00       514048.00      1156443.45
MemFree                   509.76        51748.32       487436.44       495300.88      1034995.40
MemUsed                 63344.92        12744.45        26611.56        18747.12       121448.05
Dirty                       0.02            0.00            0.00            0.00            0.02
Writeback                   0.00            0.00            0.00            0.00            0.00
FilePages               46995.66         3803.96        25106.54        18728.57        94634.73
AnonPages                5760.16          376.61          603.84           15.51         6756.12
PageTables                 85.10           18.59            1.65            0.00          105.34
WritebackTmp                0.00            0.00            0.00            0.00            0.00
MemTotal                63854.68        64492.78       514048.00       514048.00      1156443.45
MemFree                   512.02        51748.06       487440.86       495300.88      1035001.83
MemUsed                 63342.65        12744.71        26607.14        18747.12       121441.62
Dirty                       0.02            0.00            0.00            0.00            0.03
Writeback                   0.00            0.00            0.00            0.00            0.00
FilePages               46995.66         3803.96        25106.55        18728.57        94634.75
AnonPages                5760.04          376.70          603.90           15.51         6756.15
PageTables                 85.10           18.65            1.62            0.00          105.37
WritebackTmp                0.00            0.00            0.00            0.00            0.00
MemTotal                63854.68        64492.78       514048.00       514048.00      1156443.45
MemFree                   511.34        51746.90       487439.63       495300.88      1034998.75
MemUsed                 63343.34        12745.88        26608.37        18747.12       121444.70
Dirty                       0.02            0.00            0.00            0.00            0.02
Writeback                   0.00            0.00            0.00            0.00            0.00
FilePages               46995.67         3803.96        25106.56        18728.57        94634.77
AnonPages                5760.24          377.18          603.57           15.51         6756.50
PageTables                 85.15           18.59            1.64            0.00          105.39
WritebackTmp                0.00            0.00            0.00            0.00            0.00
MemTotal                63854.68        64492.78       514048.00       514048.00      1156443.45
MemFree                   510.92        51747.94       487444.09       495300.88      1035003.84
MemUsed                 63343.75        12744.84        26603.91        18747.12       121439.61
Dirty                       0.02            0.00            0.00            0.00            0.02
Writeback                   0.00            0.00            0.00            0.00            0.00
FilePages               46995.67         3803.96        25106.57        18728.57        94634.78
AnonPages                5760.24          377.19          604.08           15.51         6757.02
PageTables                 85.10           18.59            1.71            0.00          105.41
WritebackTmp                0.00            0.00            0.00            0.00            0.00
MemTotal                63854.68        64492.78       514048.00       514048.00      1156443.45
MemFree                   511.73        51745.64       487436.25       495300.88      1034994.51
MemUsed                 63342.94        12747.14        26611.75        18747.12       121448.95
Dirty                       0.02            0.00            0.00            0.00            0.02
Writeback                   0.00            0.00            0.00            0.00            0.00
FilePages               46995.67         3803.96        25106.59        18728.57        94634.80
AnonPages                5760.34          377.09          605.48           15.51         6758.42
PageTables                 85.10           18.59            1.73            0.00          105.43
WritebackTmp                0.00            0.00            0.00            0.00            0.00
MemTotal                63854.68        64492.78       514048.00       514048.00      1156443.45
MemFree                   509.59        51746.46       487438.92       495300.88      1034995.85
MemUsed                 63345.09        12746.32        26609.08        18747.12       121447.61
Dirty                       0.02            0.00            0.01            0.00            0.03
Writeback                   0.00            0.00            0.00            0.00            0.00
FilePages               46995.67         3803.96        25106.61        18728.57        94634.82
AnonPages                5760.45          377.10          606.40           15.51         6759.46
PageTables                 85.11           18.59            1.75            0.00          105.45
WritebackTmp                0.00            0.00            0.00            0.00            0.00
MemTotal                63854.68        64492.78       514048.00       514048.00      1156443.45
MemFree                   512.03        51748.20       487431.14       495300.88      1034992.25
MemUsed                 63342.65        12744.57        26616.86        18747.12       121451.20
Dirty                       0.02            0.00            0.00            0.00            0.02
Writeback                   0.00            0.00            0.00            0.00            0.00
FilePages               46995.67         3803.96        25106.62        18728.57        94634.83
AnonPages                5760.36          377.21          607.85           15.51         6760.93
PageTables                 85.11           18.59            1.77            0.00          105.48
WritebackTmp                0.00            0.00            0.00            0.00            0.00
MemTotal                63854.68        64492.78       514048.00       514048.00      1156443.45
MemFree                   510.39        51748.36       487434.66       495300.88      1034994.30
MemUsed                 63344.29        12744.42        26613.34        18747.12       121449.16
Dirty                       0.03            0.01            0.00            0.00            0.04
Writeback                   0.00            0.00            0.00            0.00            0.00
FilePages               46995.67         3803.96        25106.64        18728.57        94634.85
AnonPages                5760.89          377.25          608.34           15.51         6761.99
PageTables                 85.17           18.59            1.74            0.00          105.50
WritebackTmp                0.00            0.00            0.00            0.00            0.00
MemTotal                63854.68        64492.78       514048.00       514048.00      1156443.45
MemFree                   510.96        51746.70       487426.80       495300.88      1034985.34
MemUsed                 63343.72        12746.07        26621.20        18747.12       121458.11
Dirty                       0.02            0.00            0.00            0.00            0.02
Writeback                   0.00            0.00            0.00            0.00            0.00
FilePages               46995.67         3803.96        25106.65        18728.57        94634.86
AnonPages                5760.59          377.11          610.05           15.51         6763.26
PageTables                 85.11           18.59            1.82            0.00          105.52
WritebackTmp                0.00            0.00            0.00            0.00            0.00
MemTotal                63854.68        64492.78       514048.00       514048.00      1156443.45
MemFree                   512.00        51746.99       487431.28       495300.88      1034991.15
MemUsed                 63342.68        12745.79        26616.72        18747.12       121452.30
Dirty                       0.02            0.00            0.00            0.00            0.03
Writeback                   0.00            0.00            0.00            0.00            0.00
FilePages               46995.67         3803.96        25106.66        18728.57        94634.87
AnonPages                5760.74          377.20          610.47           15.51         6763.92
PageTables                 85.12           18.65            1.78            0.00          105.55
WritebackTmp                0.00            0.00            0.00            0.00            0.00
MemTotal                63854.68        64492.78       514048.00       514048.00      1156443.45
MemFree                   510.64        51748.51       487424.15       495300.88      1034984.18
MemUsed                 63344.04        12744.27        26623.85        18747.12       121459.27
Dirty                       0.02            0.00            0.00            0.00            0.02
Writeback                   0.00            0.00            0.00            0.00            0.00
FilePages               46995.68         3803.96        25106.67        18728.57        94634.89
AnonPages                5760.71          377.73          610.86           15.51         6764.80
PageTables                 85.18           18.59            1.80            0.00          105.57
WritebackTmp                0.00            0.00            0.00            0.00            0.00
MemTotal                63854.68        64492.78       514048.00       514048.00      1156443.45
MemFree                   509.84        51747.31       487432.23       495300.88      1034990.27
MemUsed                 63344.83        12745.47        26615.77        18747.12       121453.19
Dirty                       0.03            0.00            0.00            0.00            0.03
Writeback                   0.00            0.00            0.00            0.00            0.00
FilePages               46995.68         3803.96        25106.69        18728.57        94634.91
AnonPages                5760.82          377.84          611.58           15.51         6765.75
PageTables                 85.13           18.65            1.81            0.00          105.59
WritebackTmp                0.00            0.00            0.00            0.00            0.00
MemTotal                63854.68        64492.78       514048.00       514048.00      1156443.45
MemFree                   509.14        51747.57       487423.12       495300.88      1034980.73
MemUsed                 63345.53        12745.20        26624.88        18747.12       121462.73
Dirty                       0.02            0.00            0.00            0.00            0.02
Writeback                   0.00            0.00            0.00            0.00            0.00
FilePages               46995.68         3803.96        25106.70        18728.57        94634.92
AnonPages                5760.93          377.74          612.78           15.51         6766.96
PageTables                 85.13           18.65            1.83            0.00          105.61
WritebackTmp                0.00            0.00            0.00            0.00            0.00
MemTotal                63854.68        64492.78       514048.00       514048.00      1156443.45
MemFree                   510.55        51750.29       487428.26       495300.88      1034989.98
MemUsed                 63344.13        12742.48        26619.74        18747.12       121453.47
Dirty                       0.02            0.00            0.00            0.00            0.02
Writeback                   0.00            0.00            0.00            0.00            0.00
FilePages               46995.68         3803.96        25106.72        18728.57        94634.94
AnonPages                5760.93          377.70          612.95           15.51         6767.07
PageTables                 85.13           18.65            1.85            0.00          105.63
WritebackTmp                0.00            0.00            0.00            0.00            0.00
MemTotal                63854.68        64492.78       514048.00       514048.00      1156443.45
MemFree                   509.91        51750.67       487423.04       495300.88      1034984.50
MemUsed                 63344.77        12742.11        26624.96        18747.12       121458.95
Dirty                       0.02            0.00            0.00            0.00            0.02
Writeback                   0.00            0.00            0.00            0.00            0.00
FilePages               46995.68         3803.96        25106.73        18728.57        94634.95
AnonPages                5761.13          377.68          613.76           15.51         6768.08
PageTables                 85.14           18.65            1.87            0.00          105.65
WritebackTmp                0.00            0.00            0.00            0.00            0.00
MemTotal                63854.68        64492.78       514048.00       514048.00      1156443.45
MemFree                   510.13        51749.74       487421.52       495300.88      1034982.27
MemUsed                 63344.55        12743.04        26626.48        18747.12       121461.19
Dirty                       0.02            0.00            0.00            0.00            0.03
Writeback                   0.00            0.00            0.00            0.00            0.00
FilePages               46995.68         3803.97        25106.74        18728.57        94634.96
AnonPages                5761.10          377.69          614.91           15.51         6769.21
PageTables                 85.14           18.65            1.88            0.00          105.67
WritebackTmp                0.00            0.00            0.00            0.00            0.00
MemTotal                63854.68        64492.78       514048.00       514048.00      1156443.45
MemFree                   511.13        51751.64       487413.39       495300.88      1034977.04
MemUsed                 63343.54        12741.14        26634.61        18747.12       121466.41
Dirty                       0.02            0.00            0.00            0.00            0.02
Writeback                   0.00            0.00            0.00            0.00            0.00
FilePages               46995.68         3803.97        25106.76        18728.57        94634.98
AnonPages                5761.24          377.12          615.96           15.51         6769.83
PageTables                 85.14           18.65            1.90            0.00          105.69
WritebackTmp                0.00            0.00            0.00            0.00            0.00
MemTotal                63854.68        64492.78       514048.00       514048.00      1156443.45
MemFree                   512.14        51750.40       487415.45       495300.88      1034978.88
MemUsed                 63342.54        12742.38        26632.55        18747.12       121464.58
Dirty                       0.03            0.01            0.00            0.00            0.04
Writeback                   0.00            0.00            0.00            0.00            0.00
FilePages               46995.68         3803.97        25106.77        18728.57        94635.00
AnonPages                5761.32          377.13          617.30           15.51         6771.26
PageTables                 85.14           18.65            1.91            0.00          105.70
WritebackTmp                0.00            0.00            0.00            0.00            0.00
MemTotal                63854.68        64492.78       514048.00       514048.00      1156443.45
MemFree                   510.15        51748.60       487412.66       495300.88      1034972.30
MemUsed                 63344.53        12744.18        26635.34        18747.12       121471.16
Dirty                       0.02            0.00            0.00            0.00            0.02
Writeback                   0.00            0.00            0.00            0.00            0.00
FilePages               46995.69         3803.97        25106.77        18728.57        94635.00
AnonPages                5761.27          377.15          617.88           15.51         6771.80
PageTables                 85.14           18.65            1.93            0.00          105.72
WritebackTmp                0.00            0.00            0.00            0.00            0.00
MemTotal                63854.68        64492.78       514048.00       514048.00      1156443.45
MemFree                   511.54        51749.74       487414.20       495300.88      1034976.37
MemUsed                 63343.13        12743.04        26633.80        18747.12       121467.09
Dirty                       0.02            0.01            0.00            0.00            0.03
Writeback                   0.00            0.00            0.00            0.00            0.00
FilePages               46995.69         3803.97        25106.79        18728.57        94635.02
AnonPages                5761.33          377.07          618.79           15.51         6772.70
PageTables                 85.14           18.59            2.01            0.00          105.75
WritebackTmp                0.00            0.00            0.00            0.00            0.00
MemTotal                63854.68        64492.78       514048.00       514048.00      1156443.45
MemFree                   509.90        51746.84       487406.61       495300.88      1034964.24
MemUsed                 63344.77        12745.93        26641.39        18747.12       121479.21
Dirty                       0.02            0.00            0.00            0.00            0.02
Writeback                   0.00            0.00            0.00            0.00            0.00
FilePages               46995.69         3803.97        25106.80        18728.57        94635.04
AnonPages                5761.52          377.18          620.01           15.51         6774.21
PageTables                 85.14           18.65            1.98            0.00          105.77
WritebackTmp                0.00            0.00            0.00            0.00            0.00
MemTotal                63854.68        64492.78       514048.00       514048.00      1156443.45
MemFree                   511.48        51746.81       487410.45       495300.88      1034969.62
MemUsed                 63343.20        12745.97        26637.55        18747.12       121473.83
Dirty                       0.03            0.01            0.00            0.00            0.04
Writeback                   0.00            0.00            0.00            0.00            0.00
FilePages               46995.69         3803.97        25106.82        18728.57        94635.05
AnonPages                5761.72          377.21          620.39           15.51         6774.83
PageTables                 85.15           18.65            1.99            0.00          105.79
WritebackTmp                0.00            0.00            0.00            0.00            0.00
MemTotal                63854.68        64492.78       514048.00       514048.00      1156443.45
MemFree                   511.60        51745.72       487403.46       495300.88      1034961.66
MemUsed                 63343.08        12747.05        26644.54        18747.12       121481.79
Dirty                       0.02            0.00            0.00            0.00            0.02
Writeback                   0.00            0.00            0.00            0.00            0.00
FilePages               46995.69         3803.97        25106.83        18728.57        94635.06
AnonPages                5761.92          377.24          621.42           15.51         6776.09
PageTables                 85.16           18.65            2.00            0.00          105.81
WritebackTmp                0.00            0.00            0.00            0.00            0.00
MemTotal                63854.68        64492.78       514048.00       514048.00      1156443.45
MemFree                   512.13        51747.60       487407.03       495300.88      1034967.64
MemUsed                 63342.55        12745.18        26640.97        18747.12       121475.82
Dirty                       0.02            0.00            0.00            0.00            0.02
Writeback                   0.00            0.00            0.00            0.00            0.00
FilePages               46995.69         3803.97        25106.84        18728.57        94635.08
AnonPages                5762.00          377.25          622.45           15.51         6777.20
PageTables                 85.16           18.65            2.02            0.00          105.83
WritebackTmp                0.00            0.00            0.00            0.00            0.00
MemTotal                63854.68        64492.78       514048.00       514048.00      1156443.45
MemFree                   511.18        51746.17       487406.36       495300.88      1034964.58
MemUsed                 63343.50        12746.61        26641.64        18747.12       121478.87
Dirty                       0.02            0.00            0.00            0.00            0.02
Writeback                   0.00            0.00            0.00            0.00            0.00
FilePages               46995.70         3803.98        25106.85        18728.57        94635.10
AnonPages                5762.71          377.26          622.59           15.51         6778.07
PageTables                 85.16           18.65            2.04            0.00          105.85
WritebackTmp                0.00            0.00            0.00            0.00            0.00
MemTotal                63854.68        64492.78       514048.00       514048.00      1156443.45
MemFree                   510.01        51746.34       487407.48       495300.88      1034964.71
MemUsed                 63344.66        12746.44        26640.52        18747.12       121478.74
Dirty                       0.02            0.01            0.00            0.00            0.02
Writeback                   0.00            0.00            0.00            0.00            0.00
FilePages               46995.70         3803.98        25106.87        18728.57        94635.11
AnonPages                5762.79          377.23          622.84           15.51         6778.36
PageTables                 85.16           18.65            2.06            0.00          105.88
WritebackTmp                0.00            0.00            0.00            0.00            0.00
MemTotal                63854.68        64492.78       514048.00       514048.00      1156443.45
MemFree                   510.79        51749.03       487401.49       495300.88      1034962.20
MemUsed                 63343.88        12743.75        26646.51        18747.12       121481.26
Dirty                       0.03            0.00            0.00            0.00            0.03
Writeback                   0.00            0.00            0.00            0.00            0.00
FilePages               46995.70         3803.98        25106.88        18728.57        94635.13
AnonPages                5761.04          377.36          624.25           15.51         6778.15
PageTables                 85.16           18.65            2.09            0.00          105.90
WritebackTmp                0.00            0.00            0.00            0.00            0.00
