100.0
100.0
100.0
100.0
100.0
100.0
100.0
100.0
100.0
100.0
100.0
100.0
100.0
100.0
100.0
100.0
100.0
100.0
100.0
100.0
100.0
100.0
100.0
100.0
100.0
98.17782695602513
98.09722148057172
98.18017025360322
98.09544266638026
18.114446529080677
21.840042975415535
10.148439866707058
24.30834886686942
24.218913331320124
23.781640462907465
24.864201029710454
25.27896076705289
19.128941899340383
12.14222109146419
0.10889824296873364
0.07740423840505428
0.006826559868930051
0.002062365946213496
0.008234858154568288
11.051076930054824
31.925456449679864
7.330626498344027
7.05441278628889
9.05981343795082
9.930947719578477
9.433005446259864
7.9010435819078655
8.49737488298897
17.505690972063686
30.18284875283834
30.22066473939464
29.957292432035267
29.294985109805232
6.838767352033329
6.721501361110298
8.512082099715087
5.3336338880264105
7.170201362835924
14.911614508314782
15.056061278863233
25.910848519245924
26.81996864054035
8.062760358630621
4.742410626786632
7.562787729613929
7.631365338104231
20.31246522600316
20.612490527348104
21.255426541761004
27.305309671644334
25.01851722025281
5.61919344254746
7.186766560592013
6.761720836586268
10.975927747685816
19.787385138479415
19.435598989788076
26.42934623393693
25.623455595158113
9.290257783729494
5.4667233035484015
6.111097636891336
7.6751399125096
5.952686266738166
7.138690933011731
6.380200038223864
6.088693098384728
7.002899315794466
5.490153831294508
12.911486418530524
18.59079252656002
18.51172475335878
27.098315031811094
25.572799725044863
5.215144664602291
7.421230172970645
5.99225699908081
10.545007145697001
18.444225982555587
18.51164054715101
23.124297055001694
27.49645331142234
12.366646815331112
5.631002386725405
5.365621506756831
6.374252939466695
5.954505084772886
6.276938460359892
6.223182862744467
4.220806350532693
6.752711228402952
6.120379612465738
6.5567450429757566
5.390793651998073
5.8741230946560945
6.33780200596189
6.093667681032923
5.722723218709741
7.290099822234377
4.576348310954778
9.244295620486971
16.75251410350748
17.563573425642392
23.154574132492115
27.521738188994647
17.2760491639907
4.921968787515006
5.3575366473612736
9.00595498374889
16.94327968463605
16.797962291896432
21.504261869034544
26.741416493982136
16.208409850051332
5.41775064286681
5.796284087027667
5.963278903566129
5.997059599050762
5.381924043531495
5.273488565961236
5.654830027546035
4.85855731002448
6.114701624905707
4.9371701909570636
5.798602736801319
5.285140069814581
6.453292559456164
4.928803694189965
5.435443087598252
5.584853835589563
4.7359327642502596
5.435752585959385
5.739169984759382
6.142391247384737
4.895286260779356
5.609475177974064
7.079162147264354
6.277911832754574
4.568434531124668
5.533854678351083
6.153446762569176
4.557115605288739
5.260991784310985
5.6391214047454215
5.347349355733987
5.808773757361793
4.1376234561240715
6.94913449869057
4.654467602607904
5.053105161051686
6.35898035742633
5.791507358611565
4.527167299019257
6.055134772507982
5.736243443099235
4.5615598969257505
5.0894758371275985
5.198113170860701
5.3371393970849015
5.775819275245559
5.400254881614198
5.590298268057079
4.867507600163346
5.697750992795993
6.314600776157389
5.293847166176459
4.334996213977106
5.283479612143124
5.163277357303579
6.129807195339279
6.188535990705742
4.174387703799469
4.834254143646409
4.880332907883905
5.304681336364133
5.5330650441559275
4.4838610624424255
5.587455918391743
5.833959367650902
5.2092804514814235
5.000095838684326
5.098865304624419
4.988561842305932
4.929797673691403
6.298887917031113
5.429906771143994
5.299263615736835
7.4735922484314194
7.124148280715491
6.754352865074659
6.666312828406135
7.607335282321389
6.358970784284681
6.9266247006134645
6.805681742637446
6.7750725070093765
7.823635255947068
6.946513690028762
7.173121842577
7.277284140079093
7.420475168354046
6.261419966253727
7.918740031136283
9.802729899372322
7.234206983662683
8.302529582409221
9.000550673323291
10.265068055436327
9.446009993977869
7.756707557697938
8.929238450115248
9.459350766712245
8.677336006429256
9.41828128144611
8.750318077720019
7.9000318150941125
9.195417747492261
8.159622787271735
10.842145677408958
10.799339672001011
9.272065433120622
10.309398715703445
10.91741345431818
10.793698479241487
11.086702154719896
10.152089538767036
11.154469942025608
10.737774304877254
10.422156069288135
12.777130907967587
12.788496128140562
11.855988698070725
12.664574759306504
10.886686991869919
11.558984107336265
12.400877496824847
11.419638270358364
11.868229264932364
12.029694768938699
11.516223415869689
12.844794593434084
14.897866590391272
10.61333377588403
12.078042737689687
22.762720044707496
29.502989884689182
30.889348117033506
60.61517040599981
99.63531378209998
