MemTotal                63854.68        64492.78       514048.00       514048.00      1156443.45
MemFree                  4815.11        51778.12       487886.50       495301.02      1039780.75
MemUsed                 59039.56        12714.66        26161.50        18746.98       116662.71
Dirty                       0.00            0.00            0.00            0.00            0.00
Writeback                   0.00            0.00            0.00            0.00            0.00
FilePages               46998.38         3805.13        25112.00        18728.57        94644.08
AnonPages                1485.59          376.50          259.54           15.36         2137.00
PageTables                 74.01           18.61            0.04            0.00           92.65
WritebackTmp                0.00            0.00            0.00            0.00            0.00
MemTotal                63854.68        64492.78       514048.00       514048.00      1156443.45
MemFree                   510.70        51773.27       486774.56       495301.02      1034359.55
MemUsed                 63343.98        12719.50        27273.44        18746.98       122083.91
Dirty                       0.05            0.00            0.00            0.00            0.05
Writeback                   0.00            0.00            0.00            0.00            0.00
FilePages               46998.45         3805.13        25112.00        18728.57        94644.15
AnonPages                5775.46          363.11         1301.59           15.36         7455.52
PageTables                 84.91           18.63            2.00            0.00          105.54
WritebackTmp                0.00            0.00            0.00            0.00            0.00
MemTotal                63854.68        64492.78       514048.00       514048.00      1156443.45
MemFree                   511.88        51771.95       483475.59       495301.02      1031060.43
MemUsed                 63342.80        12720.83        30572.41        18746.98       125383.03
Dirty                       0.01            0.00            0.00            0.00            0.01
Writeback                   0.00            0.00            0.00            0.00            0.00
FilePages               46998.45         3805.13        25112.02        18728.57        94644.17
AnonPages                5786.77          363.15         4604.10           15.36        10769.38
PageTables                 84.88           18.66            8.56            0.00          112.11
WritebackTmp                0.00            0.00            0.00            0.00            0.00
MemTotal                63854.68        64492.78       514048.00       514048.00      1156443.45
MemFree                   511.20        51764.38       483402.81       495301.02      1030979.41
MemUsed                 63343.48        12728.39        30645.19        18746.98       125464.05
Dirty                       0.04            0.00            0.00            0.00            0.05
Writeback                   0.00            0.00            0.00            0.00            0.00
FilePages               46998.47         3805.13        25112.02        18728.57        94644.18
AnonPages                5788.00          365.82         4683.51           15.36        10852.68
PageTables                 84.88           18.69            8.68            0.00          112.25
WritebackTmp                0.00            0.00            0.00            0.00            0.00
MemTotal                63854.68        64492.78       514048.00       514048.00      1156443.45
MemFree                   502.66        51762.28       483409.02       495301.02      1030974.97
MemUsed                 63352.02        12730.50        30638.98        18746.98       125468.48
Dirty                       0.01            0.00            0.00            0.00            0.01
Writeback                   0.00            0.00            0.00            0.00            0.00
FilePages               46998.48         3805.13        25112.02        18728.57        94644.19
AnonPages                5788.71          365.77         4683.73           15.36        10853.57
PageTables                 84.89           18.66            8.69            0.00          112.25
WritebackTmp                0.00            0.00            0.00            0.00            0.00
MemTotal                63854.68        64492.78       514048.00       514048.00      1156443.45
MemFree                   510.79        51760.14       483409.03       495301.02      1030980.97
MemUsed                 63343.89        12732.64        30638.97        18746.98       125462.48
Dirty                       0.05            0.00            0.00            0.00            0.05
Writeback                   0.00            0.00            0.00            0.00            0.00
FilePages               46998.48         3805.13        25112.03        18728.57        94644.21
AnonPages                5788.35          365.79         4684.91           15.36        10854.41
PageTables                 84.89           18.66            8.70            0.00          112.25
WritebackTmp                0.00            0.00            0.00            0.00            0.00
MemTotal                63854.68        64492.78       514048.00       514048.00      1156443.45
MemFree                   509.42        51760.81       483415.66       495301.02      1030986.91
MemUsed                 63345.25        12731.96        30632.34        18746.98       125456.54
Dirty                       0.03            0.00            0.00            0.00            0.03
Writeback                   0.00            0.00            0.00            0.00            0.00
FilePages               46998.48         3805.13        25112.03        18728.57        94644.22
AnonPages                5785.25          365.71         4684.78           15.36        10851.10
PageTables                 84.89           18.61            8.75            0.00          112.26
WritebackTmp                0.00            0.00            0.00            0.00            0.00
MemTotal                63854.68        64492.78       514048.00       514048.00      1156443.45
MemFree                   507.18        51761.74       483404.25       495301.02      1030974.18
MemUsed                 63347.50        12731.04        30643.75        18746.98       125469.27
Dirty                       0.04            0.01            0.00            0.00            0.05
Writeback                   0.00            0.00            0.00            0.00            0.00
FilePages               46998.49         3805.13        25112.04        18728.57        94644.23
AnonPages                5785.70          365.80         4684.57           15.36        10851.43
PageTables                 84.90           18.66            8.70            0.00          112.27
WritebackTmp                0.00            0.00            0.00            0.00            0.00
MemTotal                63854.68        64492.78       514048.00       514048.00      1156443.45
MemFree                   506.53        51761.26       483399.05       495301.02      1030967.86
MemUsed                 63348.15        12731.52        30648.95        18746.98       125475.60
Dirty                       0.02            0.00            0.00            0.00            0.02
Writeback                   0.00            0.00            0.00            0.00            0.00
FilePages               46998.49         3805.13        25112.05        18728.57        94644.24
AnonPages                5786.22          365.73         4684.29           15.36        10851.60
PageTables                 84.91           18.61            8.76            0.00          112.28
WritebackTmp                0.00            0.00            0.00            0.00            0.00
MemTotal                63854.68        64492.78       514048.00       514048.00      1156443.45
MemFree                   511.01        51760.05       483386.34       495301.02      1030958.41
MemUsed                 63343.66        12732.73        30661.66        18746.98       125485.04
Dirty                       0.03            0.00            0.00            0.00            0.03
Writeback                   0.00            0.00            0.00            0.00            0.00
FilePages               46998.49         3805.13        25112.06        18728.57        94644.26
AnonPages                5785.39          365.84         4685.68           15.36        10852.26
PageTables                 84.90           18.66            8.72            0.00          112.29
WritebackTmp                0.00            0.00            0.00            0.00            0.00
MemTotal                63854.68        64492.78       514048.00       514048.00      1156443.45
MemFree                   506.18        51760.70       483386.39       495301.02      1030954.29
MemUsed                 63348.49        12732.07        30661.61        18746.98       125489.16
Dirty                       0.02            0.00            0.00            0.00            0.02
Writeback                   0.00            0.00            0.00            0.00            0.00
FilePages               46998.50         3805.13        25112.07        18728.57        94644.28
AnonPages                5785.21          365.65         4685.36           15.36        10851.58
PageTables                 84.89           18.66            8.74            0.00          112.30
WritebackTmp                0.00            0.00            0.00            0.00            0.00
MemTotal                63854.68        64492.78       514048.00       514048.00      1156443.45
MemFree                   506.61        51759.40       483382.32       495301.02      1030949.34
MemUsed                 63348.07        12733.38        30665.68        18746.98       125494.12
Dirty                       0.03            0.00            0.00            0.00            0.03
Writeback                   0.00            0.00            0.00            0.00            0.00
FilePages               46998.50         3805.13        25112.09        18728.57        94644.29
AnonPages                5785.40          365.93         4685.53           15.36        10852.21
PageTables                 84.90           18.61            8.84            0.00          112.34
WritebackTmp                0.00            0.00            0.00            0.00            0.00
MemTotal                63854.68        64492.78       514048.00       514048.00      1156443.45
MemFree                   509.61        51757.69       483373.55       495301.02      1030941.87
MemUsed                 63345.06        12735.09        30674.45        18746.98       125501.59
Dirty                       0.02            0.00            0.00            0.00            0.02
Writeback                   0.00            0.00            0.00            0.00            0.00
FilePages               46998.50         3805.13        25112.10        18728.57        94644.31
AnonPages                5785.13          365.97         4687.29           15.36        10853.75
PageTables                 84.90           18.61            8.79            0.00          112.29
WritebackTmp                0.00            0.00            0.00            0.00            0.00
MemTotal                63854.68        64492.78       514048.00       514048.00      1156443.45
MemFree                   509.61        51756.12       483370.92       495301.02      1030937.66
MemUsed                 63345.07        12736.65        30677.08        18746.98       125505.79
Dirty                       0.04            0.00            0.00            0.00            0.04
Writeback                   0.00            0.00            0.00            0.00            0.00
FilePages               46998.50         3805.14        25112.10        18728.57        94644.32
AnonPages                5784.62          365.50         4687.94           15.36        10853.42
PageTables                 84.86           18.61            8.75            0.00          112.22
WritebackTmp                0.00            0.00            0.00            0.00            0.00
