MemTotal                63856.97        64493.11       514048.00       514048.00      1156446.08
MemFree                 51700.29        54846.20       514047.78       514047.78      1134642.05
MemUsed                 12156.68         9646.91            0.22            0.22        21804.04
Dirty                       0.00            0.00            0.00            0.00            0.00
Writeback                   0.00            0.00            0.00            0.00            0.00
FilePages                 430.14            2.50            0.00            0.00          432.65
AnonPages                2763.70          997.09            0.00            0.00         3760.79
PageTables                 34.98            4.00            0.00            0.00           38.98
WritebackTmp                0.00            0.00            0.00            0.00            0.00
MemTotal                63856.97        64493.11       514048.00       514048.00      1156446.08
MemFree                 46554.74        54843.68       513158.15       514047.78      1128604.35
MemUsed                 17302.23         9649.44          889.85            0.22        27841.73
Dirty                       0.05            0.00            0.00            0.00            0.05
Writeback                   0.01            0.00            0.00            0.00            0.01
FilePages                 431.98            2.51            0.00            0.00          434.49
AnonPages                7879.52          996.74          889.37            0.00         9765.63
PageTables                 46.60            3.73            0.00            0.00           50.33
WritebackTmp                0.00            0.00            0.00            0.00            0.00
MemTotal                63856.97        64493.11       514048.00       514048.00      1156446.08
MemFree                 46532.98        54842.33       509639.69       514047.97      1125062.98
MemUsed                 17323.98         9650.78         4408.31            0.03        31383.11
Dirty                       2.14            0.00            0.02            0.00            2.16
Writeback                   0.00            0.00            0.00            0.00            0.00
FilePages                 431.98            2.51            3.87            0.00          438.36
AnonPages                7885.73          997.35         4399.51            0.00        13282.59
PageTables                 53.51            3.73            0.00            0.00           57.24
WritebackTmp                0.00            0.00            0.00            0.00            0.00
MemTotal                63856.97        64493.11       514048.00       514048.00      1156446.08
MemFree                 46519.37        54844.18       506227.60       514047.97      1121639.12
MemUsed                 17337.60         9648.93         7820.40            0.03        34806.96
Dirty                       4.68            0.00            0.00            0.00            4.68
Writeback                   0.00            0.00            0.00            0.00            0.00
FilePages                 433.00            3.17            3.88            0.00          440.04
AnonPages                7885.00          997.35         7810.80            0.00        16693.15
PageTables                 60.53            3.73            0.00            0.00           64.26
WritebackTmp                0.00            0.00            0.00            0.00            0.00
MemTotal                63856.97        64493.11       514048.00       514048.00      1156446.08
MemFree                 46504.26        54845.19       502627.50       514047.97      1118024.91
MemUsed                 17352.71         9647.93        11420.50            0.03        38421.17
Dirty                       7.57            0.00            0.02            0.00            7.59
Writeback                   0.00            0.00            0.00            0.00            0.00
FilePages                 433.72            3.17            3.88            0.00          440.77
AnonPages                7885.12          997.25        11410.42            0.00        20292.79
PageTables                 67.50            3.85            0.00            0.00           71.35
WritebackTmp                0.00            0.00            0.00            0.00            0.00
MemTotal                63856.97        64493.11       514048.00       514048.00      1156446.08
MemFree                 46491.09        54845.32       499393.58       514047.97      1114777.95
MemUsed                 17365.88         9647.80        14654.42            0.03        41668.13
Dirty                       9.14            0.00            0.00            0.00            9.14
Writeback                   0.00            0.00            0.00            0.00            0.00
FilePages                 433.89            3.17            3.88            0.00          440.93
AnonPages                7885.07          997.73        14644.16            0.00        23526.95
PageTables                 73.59            3.73            0.00            0.00           77.32
WritebackTmp                0.00            0.00            0.00            0.00            0.00
MemTotal                63856.97        64493.11       514048.00       514048.00      1156446.08
MemFree                 46476.82        54844.34       496157.45       514047.97      1111526.58
MemUsed                 17380.15         9648.77        17890.55            0.03        44919.50
Dirty                      11.28            0.00            0.02            0.00           11.30
Writeback                   0.00            0.00            0.00            0.00            0.00
FilePages                 435.04            3.17            3.88            0.00          442.09
AnonPages                7885.16          997.93        17879.52            0.00        26762.61
PageTables                 79.80            3.73            0.00            0.00           83.53
WritebackTmp                0.00            0.00            0.00            0.00            0.00
