MemTotal                63856.97        64493.11       514048.00       514048.00      1156446.08
MemFree                 53988.18        55729.81       514047.97       514047.97      1137813.93
MemUsed                  9868.79         8763.30            0.03            0.03        18632.15
Dirty                       0.12            0.02            0.00            0.00            0.14
Writeback                   0.00            0.00            0.00            0.00            0.00
FilePages                 350.21           42.32            0.00            0.00          392.53
AnonPages                 520.21           63.59            0.00            0.00          583.80
PageTables                 27.63            3.20            0.00            0.00           30.83
WritebackTmp                0.00            0.00            0.00            0.00            0.00
MemTotal                63856.97        64493.11       514048.00       514048.00      1156446.08
MemFree                 48817.90        55662.38       512886.86       514047.97      1131415.12
MemUsed                 15039.07         8830.73         1161.14            0.03        25030.96
Dirty                      35.61           36.09            0.02            0.00           71.71
Writeback                   0.00            0.00            0.00            0.00            0.00
FilePages                 358.82          107.62            3.09            0.00          469.53
AnonPages                5653.65           64.05         1155.71            0.00         6873.41
PageTables                 39.77            3.38            0.00            0.00           43.14
WritebackTmp                0.00            0.00            0.00            0.00            0.00
MemTotal                63856.97        64493.11       514048.00       514048.00      1156446.08
MemFree                 48793.39        55615.56       509542.99       514047.97      1127999.91
MemUsed                 15063.58         8877.55         4505.01            0.03        28446.17
Dirty                      20.26           34.56            0.00            0.00           54.82
Writeback                   0.00            0.00            0.00            0.00            0.00
FilePages                 372.29          154.11            3.09            0.00          529.49
AnonPages                5654.92           64.08         4499.64            0.00        10218.65
PageTables                 46.64            3.50            0.00            0.00           50.14
WritebackTmp                0.00            0.00            0.00            0.00            0.00
MemTotal                63856.97        64493.11       514048.00       514048.00      1156446.08
MemFree                 48762.48        55581.42       506295.05       514047.97      1124686.93
MemUsed                 15094.48         8911.70         7752.95            0.03        31759.16
Dirty                      33.91           63.64            0.02            0.00           97.57
Writeback                   0.00            0.00            0.00            0.00            0.00
FilePages                 386.40          188.67            3.09            0.00          578.16
AnonPages                5657.71           64.09         7745.64            0.00        13467.45
PageTables                 52.50            3.65            0.00            0.00           56.15
WritebackTmp                0.00            0.00            0.00            0.00            0.00
MemTotal                63856.97        64493.11       514048.00       514048.00      1156446.08
MemFree                 48735.93        55542.13       503027.11       514047.97      1121353.14
MemUsed                 15121.04         8950.98        11020.89            0.03        35092.94
Dirty                      47.46           18.91            0.00            0.00           66.36
Writeback                   0.00            0.00            0.00            0.00            0.00
FilePages                 400.10          226.95            3.09            0.00          630.14
AnonPages                5657.32           64.16        11013.64            0.00        16735.12
PageTables                 58.60            3.60            0.00            0.00           62.20
WritebackTmp                0.00            0.00            0.00            0.00            0.00
MemTotal                63856.97        64493.11       514048.00       514048.00      1156446.08
MemFree                 48711.05        55505.65       500008.87       514047.97      1118273.54
MemUsed                 15145.92         8987.46        14039.13            0.03        38172.54
Dirty                       5.97           50.06            0.02            0.00           56.05
Writeback                   0.00            0.00            0.00            0.00            0.00
FilePages                 414.69          263.61            3.09            0.00          681.39
AnonPages                5657.32           64.16        14033.64            0.00        19755.12
PageTables                 64.80            3.76            0.00            0.00           68.55
WritebackTmp                0.00            0.00            0.00            0.00            0.00
MemTotal                63856.97        64493.11       514048.00       514048.00      1156446.08
MemFree                 48676.11        55493.32       496624.87       514047.97      1114842.27
MemUsed                 15180.86         8999.80        17423.13            0.03        41603.82
Dirty                      28.85           67.58            0.01            0.00           96.44
Writeback                   0.00            0.00            0.00            0.00            0.00
FilePages                 438.16          276.05            3.09            0.00          717.31
AnonPages                5655.92           64.21        17417.64            0.00        23137.78
PageTables                 71.37            3.81            0.00            0.00           75.18
WritebackTmp                0.00            0.00            0.00            0.00            0.00
MemTotal                63856.97        64493.11       514048.00       514048.00      1156446.08
MemFree                 48605.64        55497.54       493820.87       514047.97      1111972.02
MemUsed                 15251.32         8995.58        20227.13            0.03        44474.06
Dirty                      72.32            0.06            0.02            0.00           72.39
Writeback                   0.00            0.00            0.00            0.00            0.00
FilePages                 497.25          271.62            3.09            0.00          771.96
AnonPages                5651.07           64.22        20219.64            0.00        25934.93
PageTables                 76.89            3.48            0.00            0.00           80.37
WritebackTmp                0.00            0.00            0.00            0.00            0.00
MemTotal                63856.97        64493.11       514048.00       514048.00      1156446.08
MemFree                 53942.57        55672.45       514038.47       514047.97      1137701.46
MemUsed                  9914.39         8820.66            9.53            0.03        18744.62
Dirty                       0.05            0.03            0.00            0.00            0.08
Writeback                   0.00            0.00            0.00            0.00            0.00
FilePages                 372.76           95.80            0.04            0.00          468.60
AnonPages                 532.92           64.34            0.00            0.00          597.27
PageTables                 27.32            3.50            0.00            0.00           30.82
WritebackTmp                0.00            0.00            0.00            0.00            0.00
MemTotal                63856.97        64493.11       514048.00       514048.00      1156446.08
MemFree                 48802.93        55672.66       512788.79       514047.97      1131312.34
MemUsed                 15054.04         8820.46         1259.21            0.03        25133.75
Dirty                       0.20            0.03            0.02            0.00            0.24
Writeback                   0.00            0.00            0.00            0.00            0.00
FilePages                 371.98           95.81            2.95            0.00          470.75
AnonPages                5651.65           64.35         1245.12            0.00         6961.12
PageTables                 40.24            3.51            0.00            0.00           43.75
WritebackTmp                0.00            0.00            0.00            0.00            0.00
MemTotal                63856.97        64493.11       514048.00       514048.00      1156446.08
MemFree                 48786.32        55672.89       509440.11       514047.97      1127947.30
MemUsed                 15070.64         8820.22         4607.89            0.03        28498.78
Dirty                       0.20            0.00            0.00            0.00            0.20
Writeback                   0.00            0.00            0.00            0.00            0.00
FilePages                 372.62           95.82            2.98            0.00          471.42
AnonPages                5652.23           63.59         4593.80            0.00        10309.62
PageTables                 46.33            3.52            0.00            0.00           49.85
WritebackTmp                0.00            0.00            0.00            0.00            0.00
MemTotal                63856.97        64493.11       514048.00       514048.00      1156446.08
MemFree                 48772.31        55673.19       506222.46       514047.97      1124715.93
MemUsed                 15084.66         8819.93         7825.54            0.03        31730.16
Dirty                       0.19            0.00            0.02            0.00            0.21
Writeback                   0.00            0.00            0.00            0.00            0.00
FilePages                 372.63           95.83            2.98            0.00          471.44
AnonPages                5651.78           63.59         7817.80            0.00        13533.18
PageTables                 53.00            3.52            0.00            0.00           56.52
WritebackTmp                0.00            0.00            0.00            0.00            0.00
MemTotal                63856.97        64493.11       514048.00       514048.00      1156446.08
MemFree                 48761.43        55673.69       502894.71       514047.97      1121377.79
MemUsed                 15095.54         8819.43        11153.29            0.03        35068.29
Dirty                       0.22            0.00            0.00            0.00            0.22
Writeback                   0.00            0.00            0.00            0.00            0.00
FilePages                 372.77           95.84            2.98            0.00          471.59
AnonPages                5651.65           63.59        11145.80            0.00        16861.05
PageTables                 59.35            3.52            0.00            0.00           62.87
WritebackTmp                0.00            0.00            0.00            0.00            0.00
MemTotal                63856.97        64493.11       514048.00       514048.00      1156446.08
MemFree                 48746.48        55674.45       499822.96       514047.97      1118291.85
MemUsed                 15110.49         8818.67        14225.04            0.03        38154.23
Dirty                       0.19            0.00            0.02            0.00            0.21
Writeback                   0.00            0.00            0.00            0.00            0.00
FilePages                 373.03           95.84            2.98            0.00          471.85
AnonPages                5652.25           63.65        14217.80            0.00        19933.70
PageTables                 65.48            3.53            0.00            0.00           69.01
WritebackTmp                0.00            0.00            0.00            0.00            0.00
MemTotal                63856.97        64493.11       514048.00       514048.00      1156446.08
MemFree                 48736.39        55674.48       496495.20       514047.97      1114954.05
MemUsed                 15120.57         8818.63        17552.80            0.03        41492.03
Dirty                       0.20            0.00            0.00            0.00            0.20
Writeback                   0.00            0.00            0.00            0.00            0.00
FilePages                 373.04           95.85            2.98            0.00          471.87
AnonPages                5652.03           63.66        17545.80            0.00        23261.49
PageTables                 71.74            3.54            0.00            0.00           75.28
WritebackTmp                0.00            0.00            0.00            0.00            0.00
MemTotal                63856.97        64493.11       514048.00       514048.00      1156446.08
MemFree                 48724.18        55674.48       493775.70       514047.97      1112222.32
MemUsed                 15132.79         8818.63        20272.30            0.03        44223.76
Dirty                       0.18            0.00            0.02            0.00            0.20
Writeback                   0.00            0.00            0.00            0.00            0.00
FilePages                 373.29           95.86            2.98            0.00          472.13
AnonPages                5650.91           63.66        20263.80            0.00        25978.38
PageTables                 77.19            3.54            0.00            0.00           80.73
WritebackTmp                0.00            0.00            0.00            0.00            0.00
MemTotal                63856.97        64493.11       514048.00       514048.00      1156446.08
MemFree                 48711.21        55674.96       490871.94       514047.97      1109306.08
MemUsed                 15145.76         8818.15        23176.06            0.03        47140.00
Dirty                       0.23            0.00            0.00            0.00            0.23
Writeback                   0.00            0.00            0.00            0.00            0.00
FilePages                 373.30           95.87            2.98            0.00          472.15
AnonPages                5656.71           63.93        23167.80            0.00        28888.45
PageTables                 83.24            3.54            0.00            0.00           86.78
WritebackTmp                0.00            0.00            0.00            0.00            0.00
MemTotal                63856.97        64493.11       514048.00       514048.00      1156446.08
MemFree                 48696.14        55674.96       487972.20       514047.97      1106391.27
MemUsed                 15160.83         8818.15        26075.80            0.03        50054.81
Dirty                       0.19            0.00            0.02            0.00            0.21
Writeback                   0.01            0.00            0.00            0.00            0.01
FilePages                 373.30           95.88            2.98            0.00          472.16
AnonPages                5657.23           63.93        26067.80            0.00        31788.96
PageTables                 88.57            3.54            0.00            0.00           92.12
WritebackTmp                0.00            0.00            0.00            0.00            0.00
MemTotal                63856.97        64493.11       514048.00       514048.00      1156446.08
MemFree                 48687.12        55674.96       486384.20       514047.97      1104794.26
MemUsed                 15169.84         8818.15        27663.80            0.03        51651.82
Dirty                       0.21            0.00            0.00            0.00            0.21
Writeback                   0.00            0.00            0.00            0.00            0.00
FilePages                 373.81           95.88            2.98            0.00          472.68
AnonPages                5658.64           63.93        27657.96            0.00        33380.54
PageTables                 91.79            3.54            0.00            0.00           95.33
WritebackTmp                0.00            0.00            0.00            0.00            0.00
MemTotal                63856.97        64493.11       514048.00       514048.00      1156446.08
MemFree                 48694.82        55674.96       486376.45       514047.97      1104794.20
MemUsed                 15162.15         8818.15        27671.55            0.03        51651.89
Dirty                       0.15            0.00            0.02            0.00            0.17
Writeback                   0.01            0.00            0.00            0.00            0.01
FilePages                 374.32           95.89            2.99            0.00          473.20
AnonPages                5649.96           63.98        27665.96            0.00        33379.90
PageTables                 91.87            3.54            0.00            0.00           95.41
WritebackTmp                0.00            0.00            0.00            0.00            0.00
MemTotal                63856.97        64493.11       514048.00       514048.00      1156446.08
MemFree                 48703.65        55674.96       486368.64       514047.97      1104795.22
MemUsed                 15153.32         8818.15        27679.36            0.03        51650.86
Dirty                       0.17            0.00            0.00            0.00            0.17
Writeback                   0.00            0.00            0.00            0.00            0.00
FilePages                 374.96           95.90            2.99            0.00          473.85
AnonPages                5641.62           63.98        27675.96            0.00        33381.57
PageTables                 92.19            3.54            0.00            0.00           95.73
WritebackTmp                0.00            0.00            0.00            0.00            0.00
MemTotal                63856.97        64493.11       514048.00       514048.00      1156446.08
MemFree                 48711.79        55674.96       486356.64       514047.97      1104791.36
MemUsed                 15145.18         8818.15        27691.36            0.03        51654.72
Dirty                       0.15            0.00            0.02            0.00            0.16
Writeback                   0.00            0.00            0.00            0.00            0.00
FilePages                 374.98           95.91            2.99            0.00          473.87
AnonPages                5632.00           63.98        27685.96            0.00        33381.95
PageTables                 91.78            3.54            0.00            0.00           95.32
WritebackTmp                0.00            0.00            0.00            0.00            0.00
MemTotal                63856.97        64493.11       514048.00       514048.00      1156446.08
MemFree                 48720.63        55673.95       486348.64       514047.97      1104791.19
MemUsed                 15136.34         8819.16        27699.36            0.03        51654.89
Dirty                       0.18            0.00            0.00            0.00            0.18
Writeback                   0.00            0.00            0.00            0.00            0.00
FilePages                 374.99           95.91            2.99            0.00          473.89
AnonPages                5623.04           64.21        27695.96            0.00        33383.21
PageTables                 91.75            3.54            0.00            0.00           95.29
WritebackTmp                0.00            0.00            0.00            0.00            0.00
MemTotal                63856.97        64493.11       514048.00       514048.00      1156446.08
MemFree                 48732.18        55673.95       486335.41       514047.97      1104789.51
MemUsed                 15124.79         8819.16        27712.59            0.03        51656.57
Dirty                       0.20            0.00            0.02            0.00            0.22
Writeback                   0.00            0.00            0.00            0.00            0.00
FilePages                 375.41           95.92            2.99            0.00          474.32
AnonPages                5611.88           64.21        27707.35            0.00        33383.43
PageTables                 91.86            3.54            0.00            0.00           95.40
WritebackTmp                0.00            0.00            0.00            0.00            0.00
