MemTotal                63861.90        64493.11       514048.00       514048.00      1156451.01
MemFree                 53372.04        55742.90       514008.46       514047.88      1137171.28
MemUsed                 10489.86         8750.21           39.54            0.12        19279.73
Dirty                       0.05            0.00            0.00            0.00            0.05
Writeback                   0.00            0.00            0.00            0.00            0.00
FilePages                 363.88            2.41            0.00            0.00          366.29
AnonPages                 719.21           16.00            0.00            0.00          735.21
PageTables                 30.45            0.12            0.00            0.00           30.57
WritebackTmp                0.00            0.00            0.00            0.00            0.00
MemTotal                63861.90        64493.11       514048.00       514048.00      1156451.01
MemFree                 48375.45        55743.00       514009.69       514047.88      1132176.01
MemUsed                 15486.45         8750.12           38.31            0.12        24275.00
Dirty                       0.00            0.00            0.00            0.00            0.00
Writeback                   0.00            0.00            0.00            0.00            0.00
FilePages                2854.29            2.41            0.00            0.00         2856.71
AnonPages                3207.00           16.00            0.00            0.00         3223.00
PageTables                 35.54            0.12            0.00            0.00           35.66
WritebackTmp                0.00            0.00            0.00            0.00            0.00
MemTotal                63861.90        64493.11       514048.00       514048.00      1156451.01
MemFree                 43387.38        55743.00       514010.50       514047.88      1127188.75
MemUsed                 20474.52         8750.12           37.50            0.12        29262.27
Dirty                       0.06            0.00            0.00            0.00            0.06
Writeback                   0.00            0.00            0.00            0.00            0.00
FilePages                5343.11            2.41            0.00            0.00         5345.52
AnonPages                5692.73           16.00            0.00            0.00         5708.73
PageTables                 40.42            0.12            0.00            0.00           40.54
WritebackTmp                0.00            0.00            0.00            0.00            0.00
MemTotal                63861.90        64493.11       514048.00       514048.00      1156451.01
MemFree                 38412.59        55743.00       514011.65       514047.88      1122215.11
MemUsed                 25449.31         8750.12           36.35            0.12        34235.90
Dirty                       0.00            0.00            0.00            0.00            0.00
Writeback                   0.00            0.00            0.00            0.00            0.00
FilePages                7822.00            2.41            0.00            0.00         7824.41
AnonPages                8172.80           16.00            0.00            0.00         8188.80
PageTables                 45.17            0.12            0.00            0.00           45.29
WritebackTmp                0.00            0.00            0.00            0.00            0.00
MemTotal                63861.90        64493.11       514048.00       514048.00      1156451.01
MemFree                 33460.08        55743.26       514012.20       514047.88      1117263.41
MemUsed                 30401.82         8749.86           35.80            0.12        39187.60
Dirty                       0.03            0.00            0.00            0.00            0.03
Writeback                   0.00            0.00            0.00            0.00            0.00
FilePages               10291.24            2.41            0.00            0.00        10293.66
AnonPages               10641.09           16.00            0.00            0.00        10657.09
PageTables                 50.07            0.12            0.00            0.00           50.19
WritebackTmp                0.00            0.00            0.00            0.00            0.00
MemTotal                63861.90        64493.11       514048.00       514048.00      1156451.01
MemFree                 28459.99        55743.27       514012.70       514047.88      1112263.83
MemUsed                 35401.91         8749.85           35.30            0.12        44187.18
Dirty                       0.05            0.00            0.00            0.00            0.05
Writeback                   0.00            0.00            0.00            0.00            0.00
FilePages               12784.12            2.42            0.00            0.00        12786.55
AnonPages               13131.91           16.00            0.00            0.00        13147.91
PageTables                 55.00            0.12            0.00            0.00           55.12
WritebackTmp                0.00            0.00            0.00            0.00            0.00
MemTotal                63861.90        64493.11       514048.00       514048.00      1156451.01
MemFree                 23497.37        55743.27       514013.43       514047.88      1107301.94
MemUsed                 40364.53         8749.85           34.57            0.12        49149.07
Dirty                       0.02            0.00            0.00            0.00            0.02
Writeback                   0.00            0.00            0.00            0.00            0.00
FilePages               15258.90            2.42            0.00            0.00        15261.32
AnonPages               15606.04           16.00            0.00            0.00        15622.04
PageTables                 59.77            0.12            0.00            0.00           59.89
WritebackTmp                0.00            0.00            0.00            0.00            0.00
MemTotal                63861.90        64493.11       514048.00       514048.00      1156451.01
MemFree                 20500.11        55743.27       512151.24       514047.88      1102442.48
MemUsed                 43361.79         8749.85         1896.76            0.12        54008.53
Dirty                       0.00            0.00            0.00            0.00            0.00
Writeback                   0.02            0.00            0.00            0.00            0.02
FilePages               16086.17            2.42         1593.91            0.00        17682.50
AnonPages               17761.98           16.00          266.00            0.00        18043.98
PageTables                 64.50            0.12            0.00            0.00           64.62
WritebackTmp                0.00            0.00            0.00            0.00            0.00
MemTotal                63861.90        64493.11       514048.00       514048.00      1156451.01
MemFree                 20533.66        55743.28       507370.68       514047.88      1097695.50
MemUsed                 43328.23         8749.84         6677.32            0.12        58755.52
Dirty                       0.00            0.00            0.01            0.00            0.02
Writeback                   0.00            0.00            0.00            0.00            0.00
FilePages               14565.43            2.42         5481.22            0.00        20049.07
AnonPages               19231.21           16.00         1162.00            0.00        20409.21
PageTables                 69.08            0.12            0.00            0.00           69.20
WritebackTmp                0.00            0.00            0.00            0.00            0.00
MemTotal                63861.90        64493.11       514048.00       514048.00      1156451.01
MemFree                 20461.05        55743.29       502686.20       514047.88      1092938.41
MemUsed                 43400.85         8749.83        11361.80            0.12        63512.61
Dirty                       0.05            0.01            0.00            0.00            0.07
Writeback                   0.00            0.00            0.00            0.00            0.00
FilePages               13108.09            2.42         9309.50            0.00        22420.02
AnonPages               20747.52           16.00         2015.96            0.00        22779.48
PageTables                 73.73            0.12            0.00            0.00           73.84
WritebackTmp                0.00            0.00            0.00            0.00            0.00
MemTotal                63861.90        64493.11       514048.00       514048.00      1156451.01
MemFree                 20370.85        55743.29       498089.73       514047.88      1088251.74
MemUsed                 43491.05         8749.83        15958.27            0.12        68199.27
Dirty                       0.01            0.00            0.02            0.00            0.02
Writeback                   0.00            0.00            0.00            0.00            0.00
FilePages               11804.29            2.42        12949.38            0.00        24756.08
AnonPages               22128.02           16.00         2972.05            0.00        25116.07
PageTables                 78.34            0.12            0.00            0.00           78.45
WritebackTmp                0.00            0.00            0.00            0.00            0.00
MemTotal                63861.90        64493.11       514048.00       514048.00      1156451.01
MemFree                 20283.16        55743.29       493479.55       514047.88      1083553.87
MemUsed                 43578.74         8749.83        20568.45            0.12        72897.14
Dirty                       0.03            0.00            0.00            0.00            0.03
Writeback                   0.00            0.00            0.00            0.00            0.00
FilePages               10489.01            2.42        16607.15            0.00        27098.58
AnonPages               23516.18           16.00         3928.05            0.00        27460.23
PageTables                 82.92            0.12            0.00            0.00           83.04
WritebackTmp                0.00            0.00            0.00            0.00            0.00
MemTotal                63861.90        64493.11       514048.00       514048.00      1156451.01
MemFree                 20412.17        55743.29       488656.06       514047.88      1078859.39
MemUsed                 43449.73         8749.83        25391.94            0.12        77591.62
Dirty                       0.02            0.00            0.01            0.00            0.03
Writeback                   0.00            0.00            0.00            0.00            0.00
FilePages                8969.57            2.42        20466.57            0.00        29438.56
AnonPages               24891.62           16.00         4890.14            0.00        29797.75
PageTables                 87.56            0.12            0.00            0.00           87.68
WritebackTmp                0.00            0.00            0.00            0.00            0.00
MemTotal                63861.90        64493.11       514048.00       514048.00      1156451.01
MemFree                 20430.50        55743.29       483881.57       514047.88      1074103.23
MemUsed                 43431.40         8749.83        30166.43            0.12        82347.79
Dirty                       0.01            0.00            0.00            0.00            0.02
Writeback                   0.00            0.00            0.00            0.00            0.00
FilePages                7431.88            2.42        24372.71            0.00        31807.01
AnonPages               26393.18           16.00         5758.16            0.00        32167.34
PageTables                 92.17            0.12            0.00            0.00           92.29
WritebackTmp                0.00            0.00            0.00            0.00            0.00
MemTotal                63861.90        64493.11       514048.00       514048.00      1156451.01
MemFree                 20450.87        55743.29       479114.71       514047.88      1069356.74
MemUsed                 43411.03         8749.83        34933.29            0.12        87094.27
Dirty                       0.00            0.00            0.02            0.00            0.02
Writeback                   0.00            0.00            0.00            0.00            0.00
FilePages                5869.23            2.42        28303.96            0.00        34175.61
AnonPages               27923.69           16.00         6596.00            0.00        34535.69
PageTables                 96.79            0.12            0.00            0.00           96.91
WritebackTmp                0.00            0.00            0.00            0.00            0.00
MemTotal                63861.90        64493.11       514048.00       514048.00      1156451.01
MemFree                 20414.38        55743.29       474422.60       514047.88      1064628.14
MemUsed                 43447.52         8749.83        39625.40            0.12        91822.88
Dirty                       0.02            0.00            0.00            0.00            0.02
Writeback                   0.00            0.00            0.00            0.00            0.00
FilePages                4435.81            2.42        32092.79            0.00        36531.02
AnonPages               29377.86           16.00         7498.00            0.00        36891.86
PageTables                101.34            0.12            0.00            0.00          101.45
WritebackTmp                0.00            0.00            0.00            0.00            0.00
MemTotal                63861.90        64493.11       514048.00       514048.00      1156451.01
MemFree                 20414.18        55743.29       469689.16       514047.88      1059894.50
MemUsed                 43447.72         8749.83        44358.84            0.12        96556.52
Dirty                       0.00            0.00            0.02            0.00            0.02
Writeback                   0.00            0.00            0.00            0.00            0.00
FilePages                2961.23            2.42        35927.50            0.00        38891.15
AnonPages               30838.05           16.00         8398.00            0.00        39252.05
PageTables                106.04            0.12            0.00            0.00          106.16
WritebackTmp                0.00            0.00            0.00            0.00            0.00
MemTotal                63861.90        64493.11       514048.00       514048.00      1156451.01
MemFree                 20287.91        55743.29       465073.31       514047.88      1055152.38
MemUsed                 43573.99         8749.83        48974.69            0.12       101298.63
Dirty                       0.01            0.00            0.00            0.00            0.02
Writeback                   0.00            0.00            0.00            0.00            0.00
FilePages                1676.22            2.42        39575.50            0.00        41254.14
AnonPages               32234.20           16.00         9363.94            0.00        41614.14
PageTables                110.62            0.12            0.00            0.00          110.74
WritebackTmp                0.00            0.00            0.00            0.00            0.00
MemTotal                63861.90        64493.11       514048.00       514048.00      1156451.01
MemFree                 20269.61        55743.31       460412.20       514047.88      1050472.99
MemUsed                 43592.29         8749.80        53635.80            0.12       105978.02
Dirty                       0.00            0.00            0.02            0.00            0.02
Writeback                   0.00            0.00            0.00            0.00            0.00
FilePages                 996.23            2.42        42587.50            0.00        43586.15
AnonPages               32917.93           16.00        11012.43            0.00        43946.36
PageTables                115.25            0.12            0.00            0.00          115.36
WritebackTmp                0.00            0.00            0.00            0.00            0.00
MemTotal                63861.90        64493.11       514048.00       514048.00      1156451.01
MemFree                 20496.94        55743.31       455340.89       514047.88      1045629.02
MemUsed                 43364.96         8749.80        58707.11            0.12       110822.00
Dirty                       0.01            0.00            0.00            0.00            0.02
Writeback                   0.00            0.00            0.00            0.00            0.00
FilePages                 831.64            2.42        45166.75            0.00        46000.81
AnonPages               32842.10           16.00        13504.43            0.00        46362.53
PageTables                119.87            0.12            0.00            0.00          119.98
WritebackTmp                0.00            0.00            0.00            0.00            0.00
MemTotal                63861.90        64493.11       514048.00       514048.00      1156451.01
MemFree                 20317.57        55743.31       450787.48       514047.88      1040896.24
MemUsed                 43544.33         8749.80        63260.52            0.12       115554.77
Dirty                       0.14            0.01            0.02            0.00            0.16
Writeback                   0.00            0.00            0.00            0.00            0.00
FilePages                 799.91            2.42        47558.86            0.00        48361.18
AnonPages               33035.59           16.00        15670.34            0.00        48721.93
PageTables                124.58            0.12            0.00            0.00          124.70
WritebackTmp                0.00            0.00            0.00            0.00            0.00
MemTotal                63861.90        64493.11       514048.00       514048.00      1156451.01
MemFree                 20258.72        55743.31       445994.00       514047.88      1036043.90
MemUsed                 43603.18         8749.80        68054.00            0.12       120407.11
Dirty                       0.00            0.00            0.00            0.00            0.00
Writeback                   0.00            0.00            0.00            0.00            0.00
FilePages                 953.02            2.42        49824.75            0.00        50780.20
AnonPages               32927.73           16.00        18196.40            0.00        51140.13
PageTables                129.36            0.12            0.00            0.00          129.47
WritebackTmp                0.00            0.00            0.00            0.00            0.00
MemTotal                63861.90        64493.11       514048.00       514048.00      1156451.01
MemFree                 20298.46        55743.31       441170.16       514047.88      1031259.81
MemUsed                 43563.43         8749.80        72877.84            0.12       125191.20
Dirty                       0.00            0.00            0.02            0.00            0.02
Writeback                   0.00            0.00            0.00            0.00            0.00
FilePages                 668.03            2.42        52492.73            0.00        53163.17
AnonPages               33153.73           16.00        20352.40            0.00        53522.13
PageTables                133.86            0.12            0.00            0.00          133.97
WritebackTmp                0.00            0.00            0.00            0.00            0.00
MemTotal                63861.90        64493.11       514048.00       514048.00      1156451.01
MemFree                 20153.95        55743.32       436526.16       514047.88      1026471.31
MemUsed                 43707.95         8749.79        77521.84            0.12       129979.70
Dirty                       0.01            0.00            0.00            0.00            0.01
Writeback                   0.00            0.00            0.00            0.00            0.00
FilePages                1029.34            2.42        54519.95            0.00        55551.71
AnonPages               32925.98           16.00        22970.34            0.00        55912.32
PageTables                138.62            0.12            0.00            0.00          138.73
WritebackTmp                0.00            0.00            0.00            0.00            0.00
MemTotal                63861.90        64493.11       514048.00       514048.00      1156451.01
MemFree                 20449.98        55743.32       431379.43       514047.88      1021620.60
MemUsed                 43411.92         8749.79        82668.57            0.12       134830.41
Dirty                       0.00            0.00            0.02            0.00            0.02
Writeback                   0.00            0.00            0.00            0.00            0.00
FilePages                 797.02            2.42        57166.66            0.00        57966.10
AnonPages               32841.87           16.00        25468.41            0.00        58326.27
PageTables                143.36            0.12            0.00            0.00          143.48
WritebackTmp                0.00            0.00            0.00            0.00            0.00
MemTotal                63861.90        64493.11       514048.00       514048.00      1156451.01
MemFree                 20207.23        55743.32       425685.66       514047.88      1015684.09
MemUsed                 43654.66         8749.79        88362.34            0.12       140766.92
Dirty                       0.02            0.00            0.00            0.00            0.02
Writeback                   0.00            0.00            0.00            0.00            0.00
FilePages                 670.93            2.42        58490.75            0.00        59164.10
AnonPages               33176.14           16.00        29818.34            0.00        63010.48
PageTables                151.52            0.12            0.00            0.00          151.64
WritebackTmp                0.00            0.00            0.00            0.00            0.00
MemTotal                63861.90        64493.11       514048.00       514048.00      1156451.01
MemFree                 21075.16        55743.17       426045.78       514047.88      1016911.98
MemUsed                 42786.74         8749.94        88002.22            0.12       139539.03
Dirty                       0.00            0.00            0.00            0.00            0.00
Writeback                   0.00            0.00            0.00            0.00            0.00
FilePages                 365.07            2.42        58796.63            0.00        59164.12
AnonPages               32626.09           16.23        29147.61            0.00        61789.93
PageTables                151.96            0.12            0.00            0.00          152.08
WritebackTmp                0.00            0.00            0.00            0.00            0.00
MemTotal                63861.90        64493.11       514048.00       514048.00      1156451.01
MemFree                 21059.20        55743.17       426129.76       514047.88      1016980.00
MemUsed                 42802.70         8749.94        87918.24            0.12       139471.01
Dirty                       0.02            0.00            0.02            0.00            0.04
Writeback                   0.00            0.00            0.00            0.00            0.00
FilePages                 365.08            2.42        58796.63            0.00        59164.13
AnonPages               32599.46           16.31        29087.97            0.00        61703.74
PageTables                169.97            0.12            0.00            0.00          170.09
WritebackTmp                0.00            0.00            0.00            0.00            0.00
MemTotal                63861.90        64493.11       514048.00       514048.00      1156451.01
MemFree                 21213.46        55742.93       425979.11       514047.88      1016983.38
MemUsed                 42648.43         8750.19        88068.89            0.12       139467.63
Dirty                       0.00            0.00            0.00            0.00            0.00
Writeback                   0.00            0.00            0.00            0.00            0.00
FilePages                 365.08            2.42        58796.63            0.00        59164.13
AnonPages               32451.90           16.38        29237.59            0.00        61705.87
PageTables                166.64            0.12            0.00            0.00          166.76
WritebackTmp                0.00            0.00            0.00            0.00            0.00
MemTotal                63861.90        64493.11       514048.00       514048.00      1156451.01
MemFree                 21074.07        55742.93       425979.33       514047.88      1016844.20
MemUsed                 42787.83         8750.18        88068.67            0.12       139606.81
Dirty                       0.02            0.00            0.02            0.00            0.03
Writeback                   0.00            0.00            0.00            0.00            0.00
FilePages                 365.10            2.42        58796.63            0.00        59164.15
AnonPages               32598.45           16.46        29237.59            0.00        61852.50
PageTables                167.43            0.12            0.00            0.00          167.55
WritebackTmp                0.00            0.00            0.00            0.00            0.00
MemTotal                63861.90        64493.11       514048.00       514048.00      1156451.01
MemFree                 21219.31        55741.48       425982.12       514047.66      1016990.58
MemUsed                 42642.59         8751.63        88065.88            0.34       139460.43
Dirty                       0.22            0.01            0.00            0.00            0.23
Writeback                   0.00            0.00            0.00            0.00            0.00
FilePages                 367.93            2.42        58796.63            0.00        59166.98
AnonPages               32453.64           16.26        29237.59            0.00        61707.50
PageTables                169.97            0.17            0.00            0.00          170.14
WritebackTmp                0.00            0.00            0.00            0.00            0.00
