MemTotal                63854.68        64492.78       514048.00       514048.00      1156443.45
MemFree                 54685.16        55753.75       513886.29       514043.64      1138368.84
MemUsed                  9169.52         8739.03          161.71            4.36        18074.61
Dirty                       0.05            0.00            0.02            0.00            0.07
Writeback                   0.00            0.00            0.00            0.00            0.00
FilePages                 160.96           71.12          151.69            0.01          383.77
AnonPages                 314.26          249.99            1.76            0.00          566.01
PageTables                 30.74           11.36            0.00            0.00           42.09
WritebackTmp                0.00            0.00            0.00            0.00            0.00
MemTotal                63854.68        64492.78       514048.00       514048.00      1156443.45
MemFree                 43799.90        55688.41       513886.29       514043.89      1127418.50
MemUsed                 20054.77         8804.36          161.71            4.11        29024.96
Dirty                       0.05            0.01            0.02            0.00            0.07
Writeback                   0.00            0.00            0.00            0.00            0.00
FilePages                5595.32          101.80          151.69            0.01         5848.81
AnonPages                5746.25          250.46            1.76            0.00         5998.46
PageTables                 41.14           11.66            0.00            0.00           52.80
WritebackTmp                0.00            0.00            0.00            0.00            0.00
MemTotal                63854.68        64492.78       514048.00       514048.00      1156443.45
MemFree                 32470.53        55691.00       513886.30       514044.13      1116091.96
MemUsed                 31384.14         8801.78          161.70            3.87        40351.49
Dirty                       0.00            0.00            0.00            0.00            0.00
Writeback                   0.00            0.00            0.00            0.00            0.00
FilePages               11236.46          101.83          151.69            0.01        11489.98
AnonPages               11388.27          251.04            1.76            0.00        11641.07
PageTables                 52.57           11.67            0.00            0.00           64.24
WritebackTmp                0.00            0.00            0.00            0.00            0.00
MemTotal                63854.68        64492.78       514048.00       514048.00      1156443.45
MemFree                 29858.46        55689.88       513887.07       514044.62      1113480.04
MemUsed                 33996.21         8802.89          160.93            3.38        42963.41
Dirty                       0.00            0.02            0.00            0.00            0.02
Writeback                   0.00            0.00            0.00            0.00            0.00
FilePages               12304.93          101.86          151.69            0.01        12558.48
AnonPages               12927.62          250.96            1.76            0.00        13180.34
PageTables                 55.96           11.59            0.00            0.00           67.55
WritebackTmp                0.00            0.00            0.00            0.00            0.00
MemTotal                63854.68        64492.78       514048.00       514048.00      1156443.45
MemFree                 29861.60        55689.55       513888.06       514044.81      1113484.03
MemUsed                 33993.07         8803.22          159.94            3.19        42959.42
Dirty                       0.00            0.01            0.00            0.00            0.02
Writeback                   0.00            0.00            0.00            0.00            0.00
FilePages               12304.93          101.88          151.69            0.01        12558.51
AnonPages               12927.71          250.95            1.76            0.00        13180.41
PageTables                 56.02           11.53            0.00            0.00           67.55
WritebackTmp                0.00            0.00            0.00            0.00            0.00
MemTotal                63854.68        64492.78       514048.00       514048.00      1156443.45
MemFree                 29863.38        55690.09       513888.84       514045.06      1113487.36
MemUsed                 33991.30         8802.68          159.16            2.94        42956.09
Dirty                       0.00            0.00            0.00            0.00            0.00
Writeback                   0.00            0.00            0.00            0.00            0.00
FilePages               12304.94          101.88          151.69            0.01        12558.52
AnonPages               12927.71          250.00            1.76            0.00        13179.47
PageTables                 56.02           11.53            0.00            0.00           67.55
WritebackTmp                0.00            0.00            0.00            0.00            0.00
MemTotal                63854.68        64492.78       514048.00       514048.00      1156443.45
MemFree                 29865.27        55691.43       513889.09       514045.06      1113490.84
MemUsed                 33989.41         8801.34          158.91            2.94        42952.61
Dirty                       0.00            0.01            0.00            0.00            0.02
Writeback                   0.00            0.00            0.00            0.00            0.00
FilePages               12304.95          101.90          151.69            0.01        12558.54
AnonPages               12927.71          249.93            1.76            0.00        13179.41
PageTables                 56.02           11.53            0.00            0.00           67.55
WritebackTmp                0.00            0.00            0.00            0.00            0.00
MemTotal                63854.68        64492.78       514048.00       514048.00      1156443.45
MemFree                 29863.32        55691.52       513889.59       514045.30      1113489.73
MemUsed                 33991.36         8801.26          158.41            2.70        42953.73
Dirty                       0.00            0.00            0.00            0.00            0.00
Writeback                   0.00            0.00            0.00            0.00            0.00
FilePages               12304.96          101.91          151.69            0.01        12558.56
AnonPages               12927.63          250.15            1.76            0.00        13179.54
PageTables                 55.96           11.59            0.00            0.00           67.55
WritebackTmp                0.00            0.00            0.00            0.00            0.00
MemTotal                63854.68        64492.78       514048.00       514048.00      1156443.45
MemFree                 29864.52        55691.01       513889.84       514045.55      1113490.92
MemUsed                 33990.16         8801.77          158.16            2.45        42952.54
Dirty                       0.00            0.00            0.00            0.00            0.00
Writeback                   0.00            0.00            0.00            0.00            0.00
FilePages               12304.96          101.91          151.69            0.01        12558.57
AnonPages               12927.71          250.15            1.76            0.00        13179.62
PageTables                 56.02           11.53            0.00            0.00           67.55
WritebackTmp                0.00            0.00            0.00            0.00            0.00
MemTotal                63854.68        64492.78       514048.00       514048.00      1156443.45
MemFree                 29863.53        55690.75       513890.34       514045.80      1113490.41
MemUsed                 33991.14         8802.03          157.66            2.20        42953.04
Dirty                       0.00            0.00            0.00            0.00            0.00
Writeback                   0.00            0.00            0.00            0.00            0.00
FilePages               12304.97          101.91          151.69            0.01        12558.58
AnonPages               12927.71          250.23            1.76            0.00        13179.70
PageTables                 56.02           11.53            0.00            0.00           67.55
WritebackTmp                0.00            0.00            0.00            0.00            0.00
MemTotal                63854.68        64492.78       514048.00       514048.00      1156443.45
MemFree                 29865.12        55691.24       513890.43       514046.04      1113492.84
MemUsed                 33989.55         8801.54          157.57            1.96        42950.62
Dirty                       0.00            0.01            0.00            0.00            0.01
Writeback                   0.00            0.00            0.00            0.00            0.00
FilePages               12304.98          101.92          151.69            0.01        12558.59
AnonPages               12927.71          249.67            1.76            0.00        13179.14
PageTables                 56.02           11.53            0.00            0.00           67.55
WritebackTmp                0.00            0.00            0.00            0.00            0.00
MemTotal                63854.68        64492.78       514048.00       514048.00      1156443.45
MemFree                 29864.38        55690.88       513890.43       514046.29      1113491.97
MemUsed                 33990.30         8801.90          157.57            1.71        42951.48
Dirty                       0.00            0.01            0.00            0.00            0.02
Writeback                   0.00            0.00            0.00            0.00            0.00
FilePages               12305.00          101.92          151.69            0.01        12558.61
AnonPages               12927.80          249.89            1.76            0.00        13179.44
PageTables                 56.07           11.48            0.00            0.00           67.55
WritebackTmp                0.00            0.00            0.00            0.00            0.00
MemTotal                63854.68        64492.78       514048.00       514048.00      1156443.45
MemFree                 29866.00        55690.61       513890.43       514046.29      1113493.32
MemUsed                 33988.68         8802.17          157.57            1.71        42950.13
Dirty                       0.00            0.00            0.00            0.00            0.00
Writeback                   0.00            0.00            0.00            0.00            0.00
FilePages               12305.01          101.92          151.69            0.01        12558.62
AnonPages               12927.82          249.97            1.76            0.00        13179.55
PageTables                 56.07           11.48            0.00            0.00           67.55
WritebackTmp                0.00            0.00            0.00            0.00            0.00
MemTotal                63854.68        64492.78       514048.00       514048.00      1156443.45
MemFree                 29865.59        55690.88       513890.43       514046.54      1113493.44
MemUsed                 33989.08         8801.90          157.57            1.46        42950.02
Dirty                       0.00            0.00            0.00            0.00            0.00
Writeback                   0.00            0.00            0.00            0.00            0.00
FilePages               12305.02          101.92          151.69            0.01        12558.63
AnonPages               12927.88          249.96            1.76            0.00        13179.60
PageTables                 56.07           11.48            0.00            0.00           67.55
WritebackTmp                0.00            0.00            0.00            0.00            0.00
MemTotal                63854.68        64492.78       514048.00       514048.00      1156443.45
MemFree                 29868.30        55690.67       513890.43       514047.03      1113496.43
MemUsed                 33986.38         8802.11          157.57            0.97        42947.03
Dirty                       0.00            0.00            0.00            0.00            0.00
Writeback                   0.00            0.00            0.00            0.00            0.00
FilePages               12305.04          101.92          151.69            0.01        12558.65
AnonPages               12927.88          250.38            1.76            0.00        13180.01
PageTables                 56.07           11.48            0.00            0.00           67.55
WritebackTmp                0.00            0.00            0.00            0.00            0.00
MemTotal                63854.68        64492.78       514048.00       514048.00      1156443.45
MemFree                 29866.22        55690.81       513890.43       514047.20      1113494.66
MemUsed                 33988.46         8801.96          157.57            0.80        42948.79
Dirty                       0.00            0.01            0.00            0.00            0.01
Writeback                   0.00            0.00            0.00            0.00            0.00
FilePages               12305.04          101.92          151.69            0.01        12558.66
AnonPages               12927.88          250.48            1.76            0.00        13180.12
PageTables                 56.07           11.48            0.00            0.00           67.55
WritebackTmp                0.00            0.00            0.00            0.00            0.00
MemTotal                63854.68        64492.78       514048.00       514048.00      1156443.45
MemFree                 29866.93        55691.01       513890.43       514047.20      1113495.57
MemUsed                 33987.75         8801.77          157.57            0.80        42947.88
Dirty                       0.00            0.00            0.00            0.00            0.00
Writeback                   0.00            0.00            0.00            0.00            0.00
FilePages               12305.06          101.92          151.69            0.01        12558.68
AnonPages               12927.88          250.59            1.76            0.00        13180.23
PageTables                 56.07           11.48            0.00            0.00           67.55
WritebackTmp                0.00            0.00            0.00            0.00            0.00
MemTotal                63854.68        64492.78       514048.00       514048.00      1156443.45
MemFree                 29867.75        55690.78       513890.43       514047.20      1113496.16
MemUsed                 33986.93         8802.00          157.57            0.80        42947.29
Dirty                       0.01            0.01            0.00            0.00            0.02
Writeback                   0.00            0.00            0.00            0.00            0.00
FilePages               12305.07          101.93          151.69            0.01        12558.70
AnonPages               12927.88          250.67            1.76            0.00        13180.30
PageTables                 56.07           11.48            0.00            0.00           67.55
WritebackTmp                0.00            0.00            0.00            0.00            0.00
MemTotal                63854.68        64492.78       514048.00       514048.00      1156443.45
MemFree                 29869.93        55691.56       513890.43       514047.20      1113499.13
MemUsed                 33984.74         8801.21          157.57            0.80        42944.32
Dirty                       0.00            0.00            0.00            0.00            0.00
Writeback                   0.00            0.00            0.00            0.00            0.00
FilePages               12305.07          101.93          151.69            0.01        12558.70
AnonPages               12927.88          250.08            1.76            0.00        13179.71
PageTables                 56.07           11.48            0.00            0.00           67.55
WritebackTmp                0.00            0.00            0.00            0.00            0.00
MemTotal                63854.68        64492.78       514048.00       514048.00      1156443.45
MemFree                 29869.20        55690.88       513890.43       514047.20      1113497.71
MemUsed                 33985.48         8801.89          157.57            0.80        42945.74
Dirty                       0.00            0.01            0.00            0.00            0.01
Writeback                   0.00            0.00            0.00            0.00            0.00
FilePages               12305.08          101.94          151.69            0.01        12558.72
AnonPages               12927.88          250.13            1.76            0.00        13179.77
PageTables                 56.07           11.48            0.00            0.00           67.55
WritebackTmp                0.00            0.00            0.00            0.00            0.00
MemTotal                63854.68        64492.78       514048.00       514048.00      1156443.45
MemFree                 29871.13        55690.62       513890.43       514047.20      1113499.38
MemUsed                 33983.55         8802.16          157.57            0.80        42944.07
Dirty                       0.00            0.00            0.00            0.00            0.00
Writeback                   0.00            0.00            0.00            0.00            0.00
FilePages               12305.09          101.95          151.69            0.01        12558.73
AnonPages               12927.88          250.22            1.76            0.00        13179.86
PageTables                 56.07           11.48            0.00            0.00           67.55
WritebackTmp                0.00            0.00            0.00            0.00            0.00
MemTotal                63854.68        64492.78       514048.00       514048.00      1156443.45
MemFree                 29870.25        55690.19       513890.43       514047.20      1113498.07
MemUsed                 33984.43         8802.59          157.57            0.80        42945.38
Dirty                       0.00            0.01            0.00            0.00            0.02
Writeback                   0.00            0.00            0.00            0.00            0.00
FilePages               12305.11          101.96          151.69            0.01        12558.76
AnonPages               12927.88          250.30            1.76            0.00        13179.93
PageTables                 56.07           11.48            0.00            0.00           67.55
WritebackTmp                0.00            0.00            0.00            0.00            0.00
MemTotal                63854.68        64492.78       514048.00       514048.00      1156443.45
MemFree                 29872.07        55690.17       513890.43       514047.20      1113499.87
MemUsed                 33982.61         8802.61          157.57            0.80        42943.58
Dirty                       0.00            0.00            0.00            0.00            0.00
Writeback                   0.00            0.00            0.00            0.00            0.00
FilePages               12305.11          101.96          151.69            0.01        12558.76
AnonPages               12927.88          250.41            1.76            0.00        13180.04
PageTables                 56.07           11.48            0.00            0.00           67.55
WritebackTmp                0.00            0.00            0.00            0.00            0.00
MemTotal                63854.68        64492.78       514048.00       514048.00      1156443.45
MemFree                 29870.46        55688.30       513890.43       514047.20      1113496.40
MemUsed                 33984.21         8804.47          157.57            0.80        42947.05
Dirty                       0.00            0.00            0.00            0.00            0.00
Writeback                   0.00            0.00            0.00            0.00            0.00
FilePages               12305.12          101.96          151.69            0.01        12558.78
AnonPages               12928.89          248.96            1.76            0.00        13179.60
PageTables                 56.09           11.53            0.00            0.00           67.62
WritebackTmp                0.00            0.00            0.00            0.00            0.00
MemTotal                63854.68        64492.78       514048.00       514048.00      1156443.45
MemFree                 29872.50        55688.31       513890.43       514047.20      1113498.44
MemUsed                 33982.18         8804.47          157.57            0.80        42945.02
Dirty                       0.00            0.00            0.00            0.00            0.00
Writeback                   0.00            0.00            0.00            0.00            0.00
FilePages               12305.56          101.97          151.69            0.01        12559.23
AnonPages               12928.55          249.05            1.76            0.00        13179.36
PageTables                 56.02           11.53            0.00            0.00           67.55
WritebackTmp                0.00            0.00            0.00            0.00            0.00
MemTotal                63854.68        64492.78       514048.00       514048.00      1156443.45
MemFree                 29869.37        55689.12       513890.43       514047.20      1113496.12
MemUsed                 33985.31         8803.66          157.57            0.80        42947.33
Dirty                       0.01            0.01            0.00            0.00            0.02
Writeback                   0.00            0.00            0.00            0.00            0.00
FilePages               12305.56          101.98          151.69            0.01        12559.24
AnonPages               12928.64          248.82            1.76            0.00        13179.21
PageTables                 56.07           11.48            0.00            0.00           67.55
WritebackTmp                0.00            0.00            0.00            0.00            0.00
MemTotal                63854.68        64492.78       514048.00       514048.00      1156443.45
MemFree                 29869.81        55689.38       513890.43       514047.20      1113496.83
MemUsed                 33984.86         8803.39          157.57            0.80        42946.62
Dirty                       0.00            0.00            0.00            0.00            0.00
Writeback                   0.00            0.00            0.00            0.00            0.00
FilePages               12305.58          101.99          151.69            0.01        12559.26
AnonPages               12928.55          248.99            1.76            0.00        13179.30
PageTables                 56.02           11.53            0.00            0.00           67.55
WritebackTmp                0.00            0.00            0.00            0.00            0.00
MemTotal                63854.68        64492.78       514048.00       514048.00      1156443.45
MemFree                 29869.04        55689.56       513890.43       514047.20      1113496.23
MemUsed                 33985.64         8803.21          157.57            0.80        42947.22
Dirty                       0.00            0.00            0.00            0.00            0.00
Writeback                   0.00            0.00            0.00            0.00            0.00
FilePages               12305.58          101.99          151.69            0.01        12559.26
AnonPages               12928.55          249.07            1.76            0.00        13179.38
PageTables                 56.02           11.53            0.00            0.00           67.55
WritebackTmp                0.00            0.00            0.00            0.00            0.00
MemTotal                63854.68        64492.78       514048.00       514048.00      1156443.45
MemFree                 29870.90        55689.32       513890.43       514047.20      1113497.85
MemUsed                 33983.77         8803.46          157.57            0.80        42945.60
Dirty                       0.00            0.00            0.00            0.00            0.01
Writeback                   0.00            0.00            0.00            0.00            0.00
FilePages               12305.59          102.00          151.69            0.01        12559.29
AnonPages               12928.55          249.19            1.76            0.00        13179.49
PageTables                 56.02           11.53            0.00            0.00           67.55
WritebackTmp                0.00            0.00            0.00            0.00            0.00
MemTotal                63854.68        64492.78       514048.00       514048.00      1156443.45
MemFree                 29868.94        55689.08       513890.43       514047.20      1113495.65
MemUsed                 33985.74         8803.70          157.57            0.80        42947.80
Dirty                       0.00            0.00            0.00            0.00            0.00
Writeback                   0.00            0.00            0.00            0.00            0.00
FilePages               12305.60          102.00          151.69            0.01        12559.30
AnonPages               12928.55          249.33            1.76            0.00        13179.63
PageTables                 56.02           11.53            0.00            0.00           67.55
WritebackTmp                0.00            0.00            0.00            0.00            0.00
MemTotal                63854.68        64492.78       514048.00       514048.00      1156443.45
MemFree                 29870.32        55688.84       513890.43       514047.20      1113496.79
MemUsed                 33984.36         8803.94          157.57            0.80        42946.66
Dirty                       0.01            0.00            0.00            0.00            0.01
Writeback                   0.00            0.00            0.00            0.00            0.00
FilePages               12305.61          102.01          151.69            0.01        12559.32
AnonPages               12928.63          249.36            1.76            0.00        13179.75
PageTables                 56.07           11.48            0.00            0.00           67.55
WritebackTmp                0.00            0.00            0.00            0.00            0.00
MemTotal                63854.68        64492.78       514048.00       514048.00      1156443.45
MemFree                 29869.62        55688.17       513890.43       514047.20      1113495.43
MemUsed                 33985.05         8804.61          157.57            0.80        42948.03
Dirty                       0.00            0.00            0.00            0.00            0.00
Writeback                   0.00            0.00            0.00            0.00            0.00
FilePages               12305.61          102.02          151.69            0.01        12559.33
AnonPages               12928.55          249.55            1.76            0.00        13179.85
PageTables                 56.02           11.53            0.00            0.00           67.55
WritebackTmp                0.00            0.00            0.00            0.00            0.00
MemTotal                63854.68        64492.78       514048.00       514048.00      1156443.45
MemFree                 29870.57        55689.59       513890.43       514047.20      1113497.80
MemUsed                 33984.10         8803.18          157.57            0.80        42945.65
Dirty                       0.01            0.00            0.00            0.00            0.01
Writeback                   0.00            0.00            0.00            0.00            0.00
FilePages               12305.63          102.02          151.69            0.01        12559.34
AnonPages               12928.55          248.86            1.76            0.00        13179.17
PageTables                 56.02           11.53            0.00            0.00           67.55
WritebackTmp                0.00            0.00            0.00            0.00            0.00
MemTotal                63854.68        64492.78       514048.00       514048.00      1156443.45
MemFree                 29870.66        55689.11       513890.43       514047.20      1113497.40
MemUsed                 33984.02         8803.67          157.57            0.80        42946.05
Dirty                       0.00            0.00            0.00            0.00            0.00
Writeback                   0.00            0.00            0.00            0.00            0.00
FilePages               12305.64          102.03          151.69            0.01        12559.36
AnonPages               12928.64          248.86            1.76            0.00        13179.26
PageTables                 56.07           11.48            0.00            0.00           67.55
WritebackTmp                0.00            0.00            0.00            0.00            0.00
MemTotal                63854.68        64492.78       514048.00       514048.00      1156443.45
MemFree                 29868.29        55692.23       513890.43       514047.20      1113498.14
MemUsed                 33986.39         8800.55          157.57            0.80        42945.31
Dirty                       0.01            0.01            0.00            0.00            0.02
Writeback                   0.00            0.00            0.00            0.00            0.00
FilePages               12305.65          102.04          151.69            0.01        12559.38
AnonPages               12932.42          245.35            1.76            0.00        13179.53
PageTables                 56.07           11.48            0.00            0.00           67.55
WritebackTmp                0.00            0.00            0.00            0.00            0.00
MemTotal                63854.68        64492.78       514048.00       514048.00      1156443.45
MemFree                 29864.82        55692.48       513890.43       514047.20      1113494.93
MemUsed                 33989.86         8800.30          157.57            0.80        42948.53
Dirty                       0.00            0.00            0.00            0.00            0.00
Writeback                   0.00            0.00            0.00            0.00            0.00
FilePages               12305.66          102.04          151.69            0.01        12559.39
AnonPages               12932.42          245.47            1.76            0.00        13179.64
PageTables                 56.07           11.48            0.00            0.00           67.55
WritebackTmp                0.00            0.00            0.00            0.00            0.00
MemTotal                63854.68        64492.78       514048.00       514048.00      1156443.45
MemFree                 29865.89        55692.55       513890.43       514047.20      1113496.07
MemUsed                 33988.78         8800.23          157.57            0.80        42947.38
Dirty                       0.00            0.00            0.00            0.00            0.01
Writeback                   0.00            0.00            0.00            0.00            0.00
FilePages               12305.66          102.04          151.69            0.01        12559.40
AnonPages               12932.43          245.66            1.76            0.00        13179.84
PageTables                 56.07           11.48            0.00            0.00           67.55
WritebackTmp                0.00            0.00            0.00            0.00            0.00
MemTotal                63854.68        64492.78       514048.00       514048.00      1156443.45
MemFree                 29863.71        55694.13       513890.43       514047.20      1113495.47
MemUsed                 33990.97         8798.65          157.57            0.80        42947.98
Dirty                       0.00            0.00            0.00            0.00            0.00
Writeback                   0.00            0.00            0.00            0.00            0.00
FilePages               12305.67          102.04          151.69            0.01        12559.41
AnonPages               12932.41          245.92            1.76            0.00        13180.08
PageTables                 56.02           11.53            0.00            0.00           67.55
WritebackTmp                0.00            0.00            0.00            0.00            0.00
MemTotal                63854.68        64492.78       514048.00       514048.00      1156443.45
MemFree                 29866.96        55694.41       513890.43       514047.20      1113499.01
MemUsed                 33987.71         8798.36          157.57            0.80        42944.44
Dirty                       0.01            0.00            0.00            0.00            0.01
Writeback                   0.00            0.00            0.00            0.00            0.00
FilePages               12305.68          102.05          151.69            0.01        12559.43
AnonPages               12932.36          245.55            1.76            0.00        13179.67
PageTables                 56.02           11.53            0.00            0.00           67.55
WritebackTmp                0.00            0.00            0.00            0.00            0.00
MemTotal                63854.68        64492.78       514048.00       514048.00      1156443.45
MemFree                 29863.78        55694.42       513890.43       514047.20      1113495.83
MemUsed                 33990.90         8798.36          157.57            0.80        42947.62
Dirty                       0.00            0.00            0.00            0.00            0.00
Writeback                   0.00            0.00            0.00            0.00            0.00
FilePages               12305.69          102.06          151.69            0.01        12559.45
AnonPages               12932.44          245.55            1.76            0.00        13179.75
PageTables                 56.07           11.48            0.00            0.00           67.55
WritebackTmp                0.00            0.00            0.00            0.00            0.00
MemTotal                63854.68        64492.78       514048.00       514048.00      1156443.45
MemFree                 29865.10        55694.18       513890.43       514047.20      1113496.91
MemUsed                 33989.58         8798.60          157.57            0.80        42946.54
Dirty                       0.01            0.01            0.00            0.00            0.02
Writeback                   0.00            0.00            0.00            0.00            0.00
FilePages               12305.70          102.07          151.69            0.01        12559.46
AnonPages               12932.36          245.73            1.76            0.00        13179.85
PageTables                 56.02           11.53            0.00            0.00           67.55
WritebackTmp                0.00            0.00            0.00            0.00            0.00
MemTotal                63854.68        64492.78       514048.00       514048.00      1156443.45
MemFree                 29863.46        55695.18       513890.43       514047.20      1113496.27
MemUsed                 33991.22         8797.60          157.57            0.80        42947.18
Dirty                       0.01            0.00            0.00            0.00            0.01
Writeback                   0.00            0.00            0.00            0.00            0.00
FilePages               12305.71          102.07          151.69            0.01        12559.47
AnonPages               12932.36          245.86            1.76            0.00        13179.97
PageTables                 56.02           11.53            0.00            0.00           67.55
WritebackTmp                0.00            0.00            0.00            0.00            0.00
MemTotal                63854.68        64492.78       514048.00       514048.00      1156443.45
MemFree                 29865.09        55694.29       513890.43       514047.20      1113497.02
MemUsed                 33989.58         8798.48          157.57            0.80        42946.43
Dirty                       0.00            0.00            0.00            0.00            0.00
Writeback                   0.00            0.00            0.00            0.00            0.00
FilePages               12305.71          102.07          151.69            0.01        12559.48
AnonPages               12932.36          245.96            1.76            0.00        13180.07
PageTables                 56.02           11.53            0.00            0.00           67.55
WritebackTmp                0.00            0.00            0.00            0.00            0.00
