MemTotal                63861.90        64493.11       514048.00       514048.00      1156451.01
MemFree                 53687.49        55756.46       513969.66       514047.59      1137461.21
MemUsed                 10174.41         8736.65           78.34            0.41        18989.80
Dirty                       0.02            0.01            0.07            0.00            0.10
Writeback                   0.00            0.00            0.00            0.00            0.00
FilePages                  31.97           24.04           67.44            0.00          123.45
AnonPages                 757.90           18.75            0.09            0.00          776.73
PageTables                 32.04            0.13            0.00            0.00           32.17
WritebackTmp                0.00            0.00            0.00            0.00            0.00
MemTotal                63861.90        64493.11       514048.00       514048.00      1156451.01
MemFree                 48749.25        55756.28       513969.66       514047.59      1132522.78
MemUsed                 15112.65         8736.84           78.34            0.41        23928.23
Dirty                       0.00            0.00            0.00            0.00            0.00
Writeback                   0.00            0.00            0.00            0.00            0.00
FilePages                2493.41           24.23           67.44            0.00         2585.08
AnonPages                3217.11           18.81            0.01            0.00         3235.93
PageTables                 36.52            0.13            0.00            0.00           36.65
WritebackTmp                0.00            0.00            0.00            0.00            0.00
MemTotal                63861.90        64493.11       514048.00       514048.00      1156451.01
MemFree                 43771.35        55757.52       513969.91       514047.59      1127546.37
MemUsed                 20090.55         8735.59           78.09            0.41        28904.64
Dirty                       0.04            0.00            0.00            0.00            0.04
Writeback                   0.00            0.00            0.00            0.00            0.00
FilePages                4973.92           24.23           67.44            0.00         5065.59
AnonPages                5696.16           18.10            0.01            0.00         5714.27
PageTables                 40.78            0.13            0.00            0.00           40.91
WritebackTmp                0.00            0.00            0.00            0.00            0.00
MemTotal                63861.90        64493.11       514048.00       514048.00      1156451.01
MemFree                 38804.49        55757.75       513969.91       514047.59      1122579.73
MemUsed                 25057.41         8735.37           78.09            0.41        33871.28
Dirty                       0.01            0.00            0.00            0.00            0.01
Writeback                   0.00            0.00            0.00            0.00            0.00
FilePages                7449.93           24.23           67.44            0.00         7541.60
AnonPages                8172.11           18.14            0.01            0.00         8190.27
PageTables                 45.52            0.13            0.00            0.00           45.65
WritebackTmp                0.00            0.00            0.00            0.00            0.00
MemTotal                63861.90        64493.11       514048.00       514048.00      1156451.01
MemFree                 33849.80        55757.50       513969.91       514047.59      1117624.80
MemUsed                 30012.10         8735.61           78.09            0.41        38826.21
Dirty                       0.02            0.01            0.05            0.00            0.08
Writeback                   0.00            0.00            0.00            0.00            0.00
FilePages                9920.38           24.23           67.44            0.00        10012.04
AnonPages               10642.43           18.27            0.01            0.00        10660.71
PageTables                 50.52            0.13            0.00            0.00           50.65
WritebackTmp                0.00            0.00            0.00            0.00            0.00
MemTotal                63861.90        64493.11       514048.00       514048.00      1156451.01
MemFree                 28868.75        55757.52       513969.91       514047.59      1112643.76
MemUsed                 34993.15         8735.60           78.09            0.41        43807.25
Dirty                       0.02            0.00            0.00            0.00            0.02
Writeback                   0.00            0.00            0.00            0.00            0.00
FilePages               12402.39           24.23           67.44            0.00        12494.06
AnonPages               13124.32           18.31            0.01            0.00        13142.64
PageTables                 55.25            0.13            0.00            0.00           55.38
WritebackTmp                0.00            0.00            0.00            0.00            0.00
MemTotal                63861.90        64493.11       514048.00       514048.00      1156451.01
MemFree                 23900.64        55757.52       513969.91       514047.59      1107675.65
MemUsed                 39961.26         8735.60           78.09            0.41        48775.36
Dirty                       0.02            0.00            0.00            0.00            0.02
Writeback                   0.00            0.00            0.00            0.00            0.00
FilePages               14879.26           24.23           67.44            0.00        14970.93
AnonPages               15602.50           18.37            0.01            0.00        15620.88
PageTables                 60.16            0.13            0.00            0.00           60.29
WritebackTmp                0.00            0.00            0.00            0.00            0.00
MemTotal                63861.90        64493.11       514048.00       514048.00      1156451.01
MemFree                 18950.13        55757.70       513969.91       514047.78      1102725.52
MemUsed                 44911.77         8735.41           78.09            0.22        53725.49
Dirty                       0.02            0.00            0.00            0.00            0.02
Writeback                   0.00            0.00            0.00            0.00            0.00
FilePages               17346.02           24.23           67.44            0.00        17437.68
AnonPages               18068.68           18.43            0.01            0.00        18087.13
PageTables                 65.02            0.13            0.00            0.00           65.15
WritebackTmp                0.00            0.00            0.00            0.00            0.00
MemTotal                63861.90        64493.11       514048.00       514048.00      1156451.01
MemFree                 13993.96        55757.46       513969.91       514047.78      1097769.11
MemUsed                 49867.93         8735.66           78.09            0.22        58681.90
Dirty                       0.02            0.00            0.00            0.00            0.02
Writeback                   0.00            0.00            0.00            0.00            0.00
FilePages               19817.40           24.23           67.44            0.00        19909.07
AnonPages               20540.68           18.51            0.01            0.00        20559.20
PageTables                 69.86            0.13            0.00            0.00           69.98
WritebackTmp                0.00            0.00            0.00            0.00            0.00
MemTotal                63861.90        64493.11       514048.00       514048.00      1156451.01
MemFree                  9051.40        55757.46       513969.97       514047.78      1092826.61
MemUsed                 54810.50         8735.66           78.03            0.22        63624.40
Dirty                       0.02            0.00            0.00            0.00            0.02
Writeback                   0.00            0.00            0.00            0.00            0.00
FilePages               22280.31           24.23           67.44            0.00        22371.98
AnonPages               23002.71           18.56            0.01            0.00        23021.29
PageTables                 74.62            0.13            0.00            0.00           74.75
WritebackTmp                0.00            0.00            0.00            0.00            0.00
MemTotal                63861.90        64493.11       514048.00       514048.00      1156451.01
MemFree                  4076.88        55755.46       513969.97       514047.78      1087850.09
MemUsed                 59785.02         8737.65           78.03            0.22        68600.92
Dirty                       0.02            0.00            0.00            0.00            0.02
Writeback                   0.00            0.00            0.00            0.00            0.00
FilePages               24761.18           24.23           67.44            0.00        24852.84
AnonPages               25483.98           19.44            0.01            0.00        25503.44
PageTables                 79.43            0.13            0.00            0.00           79.55
WritebackTmp                0.00            0.00            0.00            0.00            0.00
MemTotal                63861.90        64493.11       514048.00       514048.00      1156451.01
MemFree                  1577.06        55766.33       512846.48       514047.78      1084237.66
MemUsed                 62284.84         8726.78         1201.52            0.22        72213.36
Dirty                       0.10            0.01            0.07            0.00            0.17
Writeback                   0.00            0.00            0.00            0.00            0.00
FilePages               24918.43           24.23         1196.90            0.00        26139.56
AnonPages               27875.11           19.50            0.01            0.00        27894.62
PageTables                 84.23            0.13            0.00            0.00           84.36
WritebackTmp                0.00            0.00            0.00            0.00            0.00
MemTotal                63861.90        64493.11       514048.00       514048.00      1156451.01
MemFree                  3258.49        55766.27       512752.66       514047.78      1085825.20
MemUsed                 60603.41         8726.85         1295.34            0.22        70625.81
Dirty                       0.04            0.00            0.00            0.00            0.04
Writeback                   0.00            0.00            0.00            0.00            0.00
FilePages               21104.09           24.23         1291.07            0.00        22419.38
AnonPages               29995.07           19.56            0.01            0.00        30014.64
PageTables                 88.34            0.13            0.00            0.00           88.46
WritebackTmp                0.00            0.00            0.00            0.00            0.00
MemTotal                63861.90        64493.11       514048.00       514048.00      1156451.01
MemFree                  4006.14        55766.20       512752.66       514047.78      1086572.79
MemUsed                 59855.75         8726.91         1295.34            0.22        69878.22
Dirty                       0.00            0.00            0.01            0.00            0.02
Writeback                   0.00            0.00            0.00            0.00            0.00
FilePages               18021.60           24.23         1291.07            0.00        19336.89
AnonPages               32314.21           19.63            0.01            0.00        32333.85
PageTables                 92.94            0.13            0.00            0.00           93.07
WritebackTmp                0.00            0.00            0.00            0.00            0.00
MemTotal                63861.90        64493.11       514048.00       514048.00      1156451.01
MemFree                  4083.50        55766.12       512752.66       514047.78      1086650.07
MemUsed                 59778.40         8726.99         1295.34            0.22        69800.95
Dirty                       0.01            0.00            0.00            0.00            0.01
Writeback                   0.00            0.00            0.00            0.00            0.00
FilePages               15580.65           24.23         1291.07            0.00        16895.95
AnonPages               34664.21           19.70            0.01            0.00        34683.93
PageTables                 97.45            0.13            0.00            0.00           97.58
WritebackTmp                0.00            0.00            0.00            0.00            0.00
MemTotal                63861.90        64493.11       514048.00       514048.00      1156451.01
MemFree                  3555.46        55766.61       512752.66       514047.78      1086122.52
MemUsed                 60306.43         8726.51         1295.34            0.22        70328.50
Dirty                       0.01            0.00            0.01            0.00            0.02
Writeback                   0.00            0.00            0.00            0.00            0.00
FilePages               13755.23           24.23         1291.07            0.00        15070.53
AnonPages               37002.50           19.22            0.01            0.00        37021.73
PageTables                102.09            0.13            0.00            0.00          102.22
WritebackTmp                0.00            0.00            0.00            0.00            0.00
MemTotal                63861.90        64493.11       514048.00       514048.00      1156451.01
MemFree                  2646.60        55752.00       512752.66       514047.78      1085199.04
MemUsed                 61215.30         8741.12         1295.34            0.22        71251.97
Dirty                       0.02            0.00            0.00            0.00            0.02
Writeback                   0.00            0.00            0.00            0.00            0.00
FilePages               12466.56           38.92         1291.07            0.00        13796.55
AnonPages               39183.85           19.05            0.01            0.00        39202.92
PageTables                106.25            0.13            0.00            0.00          106.38
WritebackTmp                0.00            0.00            0.00            0.00            0.00
MemTotal                63861.90        64493.11       514048.00       514048.00      1156451.01
MemFree                  1261.79        55752.02       512752.66       514047.78      1083814.25
MemUsed                 62600.11         8741.10         1295.34            0.22        72636.76
Dirty                       0.00            0.00            0.01            0.00            0.02
Writeback                   0.00            0.00            0.00            0.00            0.00
FilePages               11610.09           38.92         1291.07            0.00        12940.08
AnonPages               41415.28           19.00            0.01            0.00        41434.29
PageTables                110.71            0.13            0.00            0.00          110.84
WritebackTmp                0.00            0.00            0.00            0.00            0.00
MemTotal                63861.90        64493.11       514048.00       514048.00      1156451.01
MemFree                  1121.70        55752.02       511112.42       514047.78      1082033.92
MemUsed                 62740.20         8741.10         2935.58            0.22        74417.09
Dirty                       0.01            0.00            0.00            0.00            0.02
Writeback                   0.00            0.00            0.00            0.00            0.00
FilePages                9390.60           38.92         2931.39            0.00        12360.91
AnonPages               43759.28           19.00            0.01            0.00        43778.29
PageTables                115.17            0.13            0.00            0.00          115.30
WritebackTmp                0.00            0.00            0.00            0.00            0.00
MemTotal                63861.90        64493.11       514048.00       514048.00      1156451.01
MemFree                   929.27        55752.02       508881.02       514047.78      1079610.09
MemUsed                 62932.62         8741.10         5166.98            0.22        76840.92
Dirty                       0.00            0.00            0.02            0.00            0.02
Writeback                   0.00            0.00            0.00            0.00            0.00
FilePages                7138.33           38.92         5162.76            0.00        12340.01
AnonPages               46189.88           19.00            0.01            0.00        46208.89
PageTables                120.01            0.13            0.00            0.00          120.14
WritebackTmp                0.00            0.00            0.00            0.00            0.00
MemTotal                63861.90        64493.11       514048.00       514048.00      1156451.01
MemFree                   565.73        55752.02       505993.91       514047.78      1076359.44
MemUsed                 63296.17         8741.10         8054.09            0.22        80091.57
Dirty                       0.02            0.00            0.00            0.00            0.02
Writeback                   0.00            0.00            0.00            0.00            0.00
FilePages                5079.05           38.92         8049.82            0.00        13167.78
AnonPages               48596.09           19.00            0.01            0.00        48615.10
PageTables                124.71            0.13            0.00            0.00          124.84
WritebackTmp                0.00            0.00            0.00            0.00            0.00
MemTotal                63861.90        64493.11       514048.00       514048.00      1156451.01
MemFree                   409.12        55752.02       502667.80       514047.78      1072876.71
MemUsed                 63452.78         8741.10        11380.20            0.22        83574.30
Dirty                       0.00            0.00            0.01            0.00            0.02
Writeback                   0.00            0.00            0.00            0.00            0.00
FilePages                2784.22           38.92        11375.90            0.00        14199.04
AnonPages               51031.59           19.00            0.01            0.00        51050.60
PageTables                129.34            0.13            0.00            0.00          129.48
WritebackTmp                0.00            0.00            0.00            0.00            0.00
MemTotal                63861.90        64493.11       514048.00       514048.00      1156451.01
MemFree                   368.07        55752.02       499302.54       514047.78      1069470.40
MemUsed                 63493.83         8741.10        14745.46            0.22        86980.61
Dirty                       0.01            0.00            0.00            0.00            0.01
Writeback                   0.00            0.00            0.00            0.00            0.00
FilePages                 585.62           38.92        14741.16            0.00        15365.70
AnonPages               53260.29           19.00            0.01            0.00        53279.30
PageTables                133.79            0.13            0.01            0.00          133.92
WritebackTmp                0.00            0.00            0.00            0.00            0.00
MemTotal                63861.90        64493.11       514048.00       514048.00      1156451.01
MemFree                   590.78        55752.02       495215.25       514047.78      1065605.82
MemUsed                 63271.12         8741.10        18832.75            0.22        90845.19
Dirty                       0.00            0.00            0.02            0.00            0.02
Writeback                   0.00            0.00            0.00            0.00            0.00
FilePages                 138.62           38.92        16694.77            0.00        16872.31
AnonPages               53466.05           19.00         2130.35            0.00        55615.40
PageTables                138.09            0.13            0.26            0.00          138.48
WritebackTmp                0.00            0.00            0.00            0.00            0.00
MemTotal                63861.90        64493.11       514048.00       514048.00      1156451.01
MemFree                   454.14        55752.05       491440.50       514047.78      1061694.47
MemUsed                 63407.75         8741.07        22607.50            0.22        94756.54
Dirty                       0.02            0.00            0.00            0.00            0.02
Writeback                   0.00            0.00            0.00            0.00            0.00
FilePages                 247.96           38.92        18100.68            0.00        18387.56
AnonPages               53484.69           19.00         4500.35            0.00        58004.04
PageTables                142.47            0.13            0.60            0.00          143.20
WritebackTmp                0.00            0.00            0.00            0.00            0.00
MemTotal                63861.90        64493.11       514048.00       514048.00      1156451.01
MemFree                   269.49        55752.05       488208.39       514047.78      1058277.70
MemUsed                 63592.41         8741.07        25839.61            0.22        98173.31
Dirty                       0.00            0.09            0.71            0.00            0.80
Writeback                   0.00            0.00            0.00            0.00            0.00
FilePages                   5.43           38.92        19217.80            0.00        19262.15
AnonPages               53872.68           19.00         6596.37            0.00        60488.05
PageTables                146.07            0.13            1.88            0.00          148.09
WritebackTmp                0.00            0.00            0.00            0.00            0.00
MemTotal                63861.90        64493.11       514048.00       514048.00      1156451.01
MemFree                   436.49        55750.16       506164.62       514047.78      1076399.05
MemUsed                 63425.41         8742.95         7883.38            0.22        80051.96
Dirty                       0.00            0.02            0.12            0.00            0.15
Writeback                   0.00            0.00            0.00            0.00            0.00
FilePages                   5.42           39.48           93.48            0.00          138.38
AnonPages               53848.65           19.39         7745.27            0.00        61613.31
PageTables                138.22            0.37           11.82            0.00          150.41
WritebackTmp                0.00            0.00            0.00            0.00            0.00
MemTotal                63861.90        64493.11       514048.00       514048.00      1156451.01
MemFree                  3771.61        55744.05       502657.31       514047.78      1076220.75
MemUsed                 60090.29         8749.06        11390.69            0.22        80230.26
Dirty                       0.04            0.00            0.03            0.00            0.07
Writeback                   0.00            0.00            0.00            0.00            0.00
FilePages                   5.61           39.86           93.45            0.00          138.92
AnonPages               50478.39           18.99        11256.91            0.00        61754.29
PageTables                162.09            0.13            8.16            0.00          170.37
WritebackTmp                0.00            0.00            0.00            0.00            0.00
MemTotal                63861.90        64493.11       514048.00       514048.00      1156451.01
MemFree                  1203.03        55743.67       505004.39       514047.78      1075998.87
MemUsed                 62658.87         8749.45         9043.61            0.22        80452.14
Dirty                       0.00            0.00            0.00            0.00            0.00
Writeback                   0.00            0.00            0.02            0.00            0.02
FilePages                   9.17           39.86           93.45            0.00          142.48
AnonPages               53027.25           18.59         8910.91            0.00        61956.75
PageTables                162.64            0.13            8.16            0.00          170.93
WritebackTmp                0.00            0.00            0.00            0.00            0.00
MemTotal                63861.90        64493.11       514048.00       514048.00      1156451.01
MemFree                  1471.02        55743.91       504929.26       514047.78      1076191.97
MemUsed                 62390.88         8749.20         9118.74            0.22        80259.04
Dirty                       0.07            0.01            0.09            0.00            0.17
Writeback                   0.00            0.00            0.00            0.00            0.00
FilePages                  27.38           40.00           93.45            0.00          160.83
AnonPages               52736.95           18.59         8988.91            0.00        61744.44
PageTables                161.86            0.13            8.16            0.00          170.14
WritebackTmp                0.00            0.00            0.00            0.00            0.00
MemTotal                63861.90        64493.11       514048.00       514048.00      1156451.01
MemFree                  2253.87        55743.91       504824.04       514047.78      1076869.60
MemUsed                 61608.03         8749.20         9223.96            0.22        79581.41
Dirty                       0.00            0.00            0.00            0.00            0.00
Writeback                   0.00            0.00            0.00            0.00            0.00
FilePages                  27.39           40.00           93.45            0.00          160.84
AnonPages               51956.58           18.59         9096.91            0.00        61072.08
PageTables                160.34            0.13            8.16            0.00          168.62
WritebackTmp                0.00            0.00            0.00            0.00            0.00
