100.0
100.0
90.90135853514471
91.24883087308365
90.97413758644122
91.84226249751046
91.61262258778868
92.35787882404423
91.23545084840836
91.01032268552386
92.35750004980774
84.2603170785481
62.709661698412056
62.27810352817909
62.43464816811441
62.28249845884622
63.11304100805552
62.129574085182966
62.542
62.500503808794484
62.641325931028895
88.06266996793441
91.24099184054317
89.62136993015562
91.22923188056826
90.85268214571657
91.09116579265833
91.35381565906839
91.36098731573534
90.65154664137694
81.7228141487549
62.32129876423552
62.127258507630295
62.24435753279557
61.95799188479592
62.999229615213075
61.14677618724829
62.58602625469934
61.872969687306934
62.4285947445732
88.3482868669838
90.72141974433256
90.80252662266672
91.37656473623737
89.95404075324359
90.59592401816072
90.6302174481524
91.6491480969828
90.44639733272963
86.35794482240495
76.99496920808396
76.5248100928435
76.92509682925228
76.33277551996176
77.7176684477751
75.35826022272299
77.06512669623645
75.84587076523434
77.22828958957196
79.04252610134964
