MemTotal                63856.97        64493.11       514048.00       514048.00      1156446.08
MemFree                 54955.80        54714.52       514040.03       514047.97      1137758.32
MemUsed                  8901.17         9778.59            7.97            0.03        18687.76
Dirty                       0.12            0.02            0.00            0.00            0.13
Writeback                   0.00            0.00            0.00            0.00            0.00
FilePages                  74.64          310.71            0.00            0.00          385.36
AnonPages                  28.43          598.86            0.00            0.00          627.29
PageTables                  1.27           29.52            0.00            0.00           30.79
WritebackTmp                0.00            0.00            0.00            0.00            0.00
MemTotal                63856.97        64493.11       514048.00       514048.00      1156446.08
MemFree                 49811.91        54713.92       512910.55       514047.97      1131484.35
MemUsed                 14045.06         9779.19         1137.45            0.03        24961.73
Dirty                       0.17            0.03            0.00            0.00            0.20
Writeback                   0.00            0.00            0.00            0.00            0.00
FilePages                  74.90          311.21            0.20            0.00          386.31
AnonPages                5148.10          598.24         1128.29            0.00         6874.63
PageTables                 13.14           29.94            0.00            0.00           43.09
WritebackTmp                0.00            0.00            0.00            0.00            0.00
MemTotal                63856.97        64493.11       514048.00       514048.00      1156446.08
MemFree                 49801.29        54712.80       509555.86       514047.97      1128117.92
MemUsed                 14055.68         9780.32         4492.14            0.03        28328.16
Dirty                       0.12            0.01            0.00            0.00            0.13
Writeback                   0.00            0.00            0.00            0.00            0.00
FilePages                  75.32          311.38            0.20            0.00          386.90
AnonPages                5146.49          599.83         4487.27            0.00        10233.59
PageTables                 19.85           30.09            0.00            0.00           49.95
WritebackTmp                0.00            0.00            0.00            0.00            0.00
MemTotal                63856.97        64493.11       514048.00       514048.00      1156446.08
MemFree                 49785.45        54713.46       506379.88       514047.97      1124926.76
MemUsed                 14071.52         9779.66         7668.12            0.03        31519.32
Dirty                       0.16            0.02            0.00            0.00            0.18
Writeback                   0.00            0.00            0.00            0.00            0.00
FilePages                  75.32          311.39            0.21            0.00          386.92
AnonPages                5146.18          599.01         7657.27            0.00        13402.45
PageTables                 26.11           29.73            0.00            0.00           55.84
WritebackTmp                0.00            0.00            0.00            0.00            0.00
MemTotal                63856.97        64493.11       514048.00       514048.00      1156446.08
MemFree                 49774.55        54709.63       503144.05       514047.97      1121676.20
MemUsed                 14082.42         9783.48        10903.95            0.03        34769.88
Dirty                       0.04            0.02            0.00            0.00            0.06
Writeback                   0.00            0.00            0.00            0.00            0.00
FilePages                  75.32          311.40            0.21            0.00          386.93
AnonPages                5146.36          601.24        10895.27            0.00        16642.87
PageTables                 32.36           29.98            0.00            0.00           62.34
WritebackTmp                0.00            0.00            0.00            0.00            0.00
MemTotal                63856.97        64493.11       514048.00       514048.00      1156446.08
MemFree                 49764.01        54710.84       500084.05       514047.97      1118606.86
MemUsed                 14092.96         9782.27        13963.95            0.03        37839.22
Dirty                       0.20            0.00            0.00            0.00            0.20
Writeback                   0.00            0.00            0.00            0.00            0.00
FilePages                  75.33          311.41            0.21            0.00          386.95
AnonPages                5146.54          601.20        13959.27            0.00        19707.00
PageTables                 38.38           29.99            0.00            0.00           68.38
WritebackTmp                0.00            0.00            0.00            0.00            0.00
MemTotal                63856.97        64493.11       514048.00       514048.00      1156446.08
MemFree                 53890.71        55828.39       514047.97       514047.97      1137815.04
MemUsed                  9966.26         8664.71            0.03            0.03        18631.04
Dirty                       0.13            0.01            0.00            0.00            0.14
Writeback                   0.00            0.00            0.00            0.00            0.00
FilePages                 380.76            8.56            0.00            0.00          389.32
AnonPages                 560.96           14.93            0.00            0.00          575.89
PageTables                 29.94            0.24            0.00            0.00           30.18
WritebackTmp                0.00            0.00            0.00            0.00            0.00
MemTotal                63856.97        64493.11       514048.00       514048.00      1156446.08
MemFree                 48744.69        55824.80       512845.26       514047.97      1131462.73
MemUsed                 15112.28         8668.30         1202.74            0.03        24983.35
Dirty                       0.05            0.00            0.00            0.00            0.05
Writeback                   0.00            0.00            0.00            0.00            0.00
FilePages                 379.38            9.68            2.07            0.00          391.14
AnonPages                5679.23           14.93         1198.32            0.00         6892.48
PageTables                 42.35            0.24            0.00            0.00           42.59
WritebackTmp                0.00            0.00            0.00            0.00            0.00
MemTotal                63856.97        64493.11       514048.00       514048.00      1156446.08
MemFree                 48727.39        55827.03       509526.18       514047.97      1128128.56
MemUsed                 15129.58         8666.08         4521.82            0.03        28317.52
Dirty                       0.20            0.04            0.02            0.00            0.25
Writeback                   0.00            0.00            0.00            0.00            0.00
FilePages                 378.56           10.11            3.60            0.00          392.26
AnonPages                5681.28           13.06         4512.91            0.00        10207.25
PageTables                 48.75            0.24            0.00            0.00           48.99
WritebackTmp                0.00            0.00            0.00            0.00            0.00
MemTotal                63856.97        64493.11       514048.00       514048.00      1156446.08
MemFree                 48713.42        55827.11       506239.94       514047.97      1124828.43
MemUsed                 15143.55         8666.00         7808.06            0.03        31617.64
Dirty                       0.18            0.03            0.00            0.00            0.21
Writeback                   0.00            0.00            0.00            0.00            0.00
FilePages                 378.57           10.11            3.60            0.00          392.27
AnonPages                5679.83           13.06         7800.07            0.00        13492.96
PageTables                 54.89            0.24            0.00            0.00           55.13
WritebackTmp                0.00            0.00            0.00            0.00            0.00
MemTotal                63856.97        64493.11       514048.00       514048.00      1156446.08
MemFree                 48695.27        55827.55       502986.68       514047.97      1121557.47
MemUsed                 15161.70         8665.56        11061.32            0.03        34888.61
Dirty                       0.28            0.05            0.02            0.00            0.34
Writeback                   0.00            0.00            0.00            0.00            0.00
FilePages                 379.34           10.41            3.61            0.00          393.36
AnonPages                5683.23           13.13        11054.07            0.00        16750.43
PageTables                 62.05            0.24            0.00            0.00           62.29
WritebackTmp                0.00            0.00            0.00            0.00            0.00
MemTotal                63856.97        64493.11       514048.00       514048.00      1156446.08
MemFree                 48679.98        55826.57       499951.17       514047.97      1118505.69
MemUsed                 15176.99         8666.54        14096.83            0.03        37940.39
Dirty                       0.17            0.04            0.00            0.00            0.21
Writeback                   0.00            0.01            0.00            0.00            0.01
FilePages                 380.30           11.95            3.61            0.00          395.86
AnonPages                5686.46           13.14        14090.07            0.00        19789.67
PageTables                 68.12            0.24            0.00            0.00           68.37
WritebackTmp                0.00            0.00            0.00            0.00            0.00
MemTotal                63856.97        64493.11       514048.00       514048.00      1156446.08
MemFree                 48670.25        55826.86       496619.19       514047.97      1115164.27
MemUsed                 15186.72         8666.25        17428.81            0.03        41281.81
Dirty                       0.13            0.04            0.02            0.00            0.18
Writeback                   0.00            0.00            0.00            0.00            0.00
FilePages                 380.30           12.05            3.61            0.00          395.96
AnonPages                5682.82           13.08        17420.07            0.00        23115.98
PageTables                 74.32            0.24            0.00            0.00           74.56
WritebackTmp                0.00            0.00            0.00            0.00            0.00
MemTotal                63856.97        64493.11       514048.00       514048.00      1156446.08
MemFree                 48658.82        55826.92       493807.44       514047.97      1112341.15
MemUsed                 15198.14         8666.19        20240.56            0.03        44104.93
Dirty                       0.25            0.04            0.00            0.00            0.29
Writeback                   0.00            0.00            0.00            0.00            0.00
FilePages                 380.31           12.05            3.61            0.00          395.98
AnonPages                5684.80           13.08        20234.07            0.00        25931.95
PageTables                 79.55            0.24            0.00            0.00           79.80
WritebackTmp                0.00            0.00            0.00            0.00            0.00
MemTotal                63856.97        64493.11       514048.00       514048.00      1156446.08
MemFree                 48649.65        55826.72       491111.69       514047.97      1109636.04
MemUsed                 15207.32         8666.39        22936.31            0.03        46810.04
Dirty                       0.07            0.04            0.02            0.00            0.12
Writeback                   0.00            0.00            0.00            0.00            0.00
FilePages                 380.32           12.48            3.61            0.00          396.41
AnonPages                5684.04           13.08        22930.07            0.00        28627.19
PageTables                 84.88            0.24            0.00            0.00           85.12
WritebackTmp                0.00            0.00            0.00            0.00            0.00
MemTotal                63856.97        64493.11       514048.00       514048.00      1156446.08
MemFree                 48638.22        55825.99       488239.69       514047.97      1106751.87
MemUsed                 15218.75         8667.12        25808.31            0.03        49694.21
Dirty                       0.22            0.05            0.00            0.00            0.28
Writeback                   0.00            0.00            0.00            0.00            0.00
FilePages                 380.33           12.82            3.61            0.00          396.76
AnonPages                5684.43           13.08        25800.07            0.00        31497.58
PageTables                 90.52            0.24            0.00            0.00           90.77
WritebackTmp                0.00            0.00            0.00            0.00            0.00
MemTotal                63856.97        64493.11       514048.00       514048.00      1156446.08
MemFree                 48629.61        55825.77       486387.20       514047.97      1104890.55
MemUsed                 15227.36         8667.34        27660.80            0.03        51555.53
Dirty                       0.12            0.04            0.02            0.00            0.18
Writeback                   0.00            0.00            0.00            0.00            0.00
FilePages                 380.34           12.82            3.61            0.00          396.77
AnonPages                5685.92           13.08        27654.61            0.00        33353.61
PageTables                 94.47            0.24            0.00            0.00           94.71
WritebackTmp                0.00            0.00            0.00            0.00            0.00
MemTotal                63856.97        64493.11       514048.00       514048.00      1156446.08
MemFree                 48629.32        55825.52       486383.20       514047.97      1104886.01
MemUsed                 15227.65         8667.59        27664.80            0.03        51560.07
Dirty                       0.16            0.04            0.00            0.00            0.21
Writeback                   0.00            0.00            0.00            0.00            0.00
FilePages                 380.36           13.25            3.61            0.00          397.23
AnonPages                5685.57           13.08        27658.61            0.00        33357.27
PageTables                 94.36            0.24            0.00            0.00           94.60
WritebackTmp                0.00            0.00            0.00            0.00            0.00
MemTotal                63856.97        64493.11       514048.00       514048.00      1156446.08
MemFree                 48633.74        55825.52       486379.20       514047.97      1104886.43
MemUsed                 15223.23         8667.59        27668.80            0.03        51559.65
Dirty                       0.09            0.03            0.02            0.00            0.14
Writeback                   0.01            0.01            0.00            0.00            0.02
FilePages                 380.39           13.26            3.61            0.00          397.27
AnonPages                5680.37           13.08        27662.61            0.00        33356.06
PageTables                 94.38            0.24            0.00            0.00           94.62
WritebackTmp                0.00            0.00            0.00            0.00            0.00
MemTotal                63856.97        64493.11       514048.00       514048.00      1156446.08
MemFree                 48649.17        55845.43       486375.32       514047.97      1104917.89
MemUsed                 15207.80         8647.68        27672.68            0.03        51528.19
Dirty                       0.39            0.06            0.00            0.00            0.45
Writeback                   0.00            0.00            0.00            0.00            0.00
FilePages                 380.40           13.26            3.62            0.00          397.28
AnonPages                5677.34           13.08        27668.61            0.00        33359.04
PageTables                 94.92            0.24            0.00            0.00           95.16
WritebackTmp                0.00            0.00            0.00            0.00            0.00
MemTotal                63856.97        64493.11       514048.00       514048.00      1156446.08
MemFree                 48639.48        55844.70       486371.32       514047.97      1104903.47
MemUsed                 15217.49         8648.41        27676.68            0.03        51542.61
Dirty                       0.38            0.07            0.02            0.00            0.46
Writeback                   0.00            0.00            0.00            0.00            0.00
FilePages                 385.89           13.27            3.62            0.00          402.77
AnonPages                5682.23           13.08        27672.61            0.00        33367.92
PageTables                 94.95            0.24            0.00            0.00           95.19
WritebackTmp                0.00            0.00            0.00            0.00            0.00
MemTotal                63856.97        64493.11       514048.00       514048.00      1156446.08
MemFree                 48645.39        55844.52       486363.57       514047.97      1104901.45
MemUsed                 15211.58         8648.59        27684.43            0.03        51544.63
Dirty                       0.08            0.04            0.00            0.00            0.12
Writeback                   0.00            0.00            0.00            0.00            0.00
FilePages                 385.89           13.33            3.62            0.00          402.84
AnonPages                5676.87           13.08        27678.61            0.00        33368.57
PageTables                 94.95            0.24            0.00            0.00           95.19
WritebackTmp                0.00            0.00            0.00            0.00            0.00
MemTotal                63856.97        64493.11       514048.00       514048.00      1156446.08
MemFree                 48649.97        55844.80       486359.57       514047.97      1104902.30
MemUsed                 15207.00         8648.31        27688.43            0.03        51543.78
Dirty                       0.04            0.02            0.02            0.00            0.07
Writeback                   0.07            0.00            0.00            0.00            0.08
FilePages                 386.04           13.34            3.62            0.00          402.99
AnonPages                5672.58           13.08        27682.61            0.00        33368.28
PageTables                 94.57            0.24            0.00            0.00           94.81
WritebackTmp                0.00            0.00            0.00            0.00            0.00
MemTotal                63856.97        64493.11       514048.00       514048.00      1156446.08
MemFree                 48654.66        55845.04       486355.57       514047.97      1104903.24
MemUsed                 15202.30         8648.07        27692.43            0.03        51542.84
Dirty                       0.17            0.06            0.00            0.00            0.23
Writeback                   0.00            0.00            0.00            0.00            0.00
FilePages                 386.04           13.34            3.62            0.00          403.00
AnonPages                5665.49           13.05        27688.61            0.00        33367.15
PageTables                 94.54            0.24            0.00            0.00           94.78
WritebackTmp                0.00            0.00            0.00            0.00            0.00
MemTotal                63856.97        64493.11       514048.00       514048.00      1156446.08
MemFree                 48659.47        55845.29       486351.57       514047.97      1104904.30
MemUsed                 15197.50         8647.82        27696.43            0.03        51541.78
Dirty                       0.16            0.05            0.02            0.00            0.23
Writeback                   0.00            0.00            0.00            0.00            0.00
FilePages                 386.05           13.34            3.62            0.00          403.01
AnonPages                5662.20           13.05        27692.61            0.00        33367.86
PageTables                 94.62            0.24            0.00            0.00           94.86
WritebackTmp                0.00            0.00            0.00            0.00            0.00
MemTotal                63856.97        64493.11       514048.00       514048.00      1156446.08
MemFree                 48662.06        55845.29       486343.57       514047.97      1104898.88
MemUsed                 15194.91         8647.82        27704.43            0.03        51547.20
Dirty                       0.13            0.04            0.00            0.00            0.18
Writeback                   0.01            0.00            0.00            0.00            0.01
FilePages                 386.06           13.34            3.62            0.00          403.02
AnonPages                5659.29           13.05        27698.61            0.00        33370.95
PageTables                 95.07            0.24            0.00            0.00           95.32
WritebackTmp                0.00            0.00            0.00            0.00            0.00
MemTotal                63856.97        64493.11       514048.00       514048.00      1156446.08
MemFree                 48665.06        55845.08       486339.57       514047.97      1104897.68
MemUsed                 15191.91         8648.03        27708.43            0.03        51548.40
Dirty                       0.15            0.04            0.02            0.00            0.21
Writeback                   0.00            0.00            0.00            0.00            0.00
FilePages                 386.24           13.84            3.62            0.00          403.71
AnonPages                5654.34           13.05        27702.61            0.00        33370.00
PageTables                 94.52            0.24            0.00            0.00           94.76
WritebackTmp                0.00            0.00            0.00            0.00            0.00
MemTotal                63856.97        64493.11       514048.00       514048.00      1156446.08
MemFree                 48667.65        55845.08       486335.57       514047.97      1104896.27
MemUsed                 15189.32         8648.03        27712.43            0.03        51549.81
Dirty                       0.18            0.05            0.00            0.00            0.23
Writeback                   0.00            0.00            0.00            0.00            0.00
FilePages                 386.25           13.85            3.62            0.00          403.73
AnonPages                5652.96           13.05        27708.61            0.00        33374.62
PageTables                 95.58            0.24            0.00            0.00           95.82
WritebackTmp                0.00            0.00            0.00            0.00            0.00
MemTotal                63856.97        64493.11       514048.00       514048.00      1156446.08
MemFree                 48671.83        55845.38       486331.57       514047.97      1104896.74
MemUsed                 15185.14         8647.73        27716.43            0.03        51549.34
Dirty                       0.06            0.01            0.02            0.00            0.08
Writeback                   0.04            0.02            0.00            0.00            0.06
FilePages                 386.26           13.85            3.62            0.00          403.73
AnonPages                5648.46           13.05        27712.61            0.00        33374.12
PageTables                 94.61            0.24            0.00            0.00           94.86
WritebackTmp                0.00            0.00            0.00            0.00            0.00
MemTotal                63856.97        64493.11       514048.00       514048.00      1156446.08
MemFree                 48646.13        55845.41       486323.57       514047.97      1104863.07
MemUsed                 15210.84         8647.70        27724.43            0.03        51583.01
Dirty                       0.18            0.06            0.00            0.00            0.24
Writeback                   0.02            0.00            0.00            0.00            0.02
FilePages                 416.30           13.86            3.63            0.00          433.78
AnonPages                5645.24           13.05        27718.61            0.00        33376.90
PageTables                 94.63            0.24            0.00            0.00           94.88
WritebackTmp                0.00            0.00            0.00            0.00            0.00
MemTotal                63856.97        64493.11       514048.00       514048.00      1156446.08
MemFree                 48642.13        55845.16       486319.57       514047.97      1104854.83
MemUsed                 15214.84         8647.95        27728.43            0.03        51591.25
Dirty                       0.36            0.08            0.02            0.00            0.45
Writeback                   0.00            0.00            0.00            0.00            0.00
FilePages                 420.47           13.86            3.63            0.00          437.96
AnonPages                5645.93           13.05        27722.61            0.00        33381.59
PageTables                 94.88            0.24            0.00            0.00           95.12
WritebackTmp                0.00            0.00            0.00            0.00            0.00
MemTotal                63856.97        64493.11       514048.00       514048.00      1156446.08
MemFree                 48648.83        55845.16       486315.57       514047.97      1104857.53
MemUsed                 15208.14         8647.95        27732.43            0.03        51588.55
Dirty                       0.13            0.05            0.00            0.00            0.18
Writeback                   0.00            0.00            0.00            0.00            0.00
FilePages                 420.48           13.86            3.63            0.00          437.97
AnonPages                5638.34           12.83        27728.61            0.00        33379.78
PageTables                 95.18            0.24            0.00            0.00           95.42
WritebackTmp                0.00            0.00            0.00            0.00            0.00
MemTotal                63856.97        64493.11       514048.00       514048.00      1156446.08
MemFree                 48651.89        55845.16       486311.57       514047.97      1104856.59
MemUsed                 15205.08         8647.95        27736.43            0.03        51589.49
Dirty                       0.13            0.04            0.02            0.00            0.19
Writeback                   0.00            0.00            0.00            0.00            0.00
FilePages                 420.48           13.87            3.63            0.00          437.98
AnonPages                5633.47           12.51        27732.61            0.00        33378.60
PageTables                 94.84            0.24            0.00            0.00           95.08
WritebackTmp                0.00            0.00            0.00            0.00            0.00
MemTotal                63856.97        64493.11       514048.00       514048.00      1156446.08
MemFree                 48653.61        55843.17       486303.57       514047.97      1104848.31
MemUsed                 15203.36         8649.94        27744.43            0.03        51597.77
Dirty                       0.07            0.04            0.00            0.00            0.11
Writeback                   0.00            0.00            0.00            0.00            0.00
FilePages                 420.49           13.87            3.63            0.00          437.99
AnonPages                5632.78           14.42        27738.61            0.00        33385.81
PageTables                 95.02            0.24            0.00            0.00           95.26
WritebackTmp                0.00            0.00            0.00            0.00            0.00
MemTotal                63856.97        64493.11       514048.00       514048.00      1156446.08
MemFree                 48658.11        55843.17       486299.57       514047.97      1104848.82
MemUsed                 15198.86         8649.94        27748.43            0.03        51597.26
Dirty                       0.02            0.01            0.02            0.00            0.05
Writeback                   0.00            0.00            0.00            0.00            0.00
FilePages                 420.50           13.87            3.63            0.00          438.00
AnonPages                5628.90           14.42        27742.61            0.00        33385.93
PageTables                 94.93            0.24            0.00            0.00           95.17
WritebackTmp                0.00            0.00            0.00            0.00            0.00
MemTotal                63856.97        64493.11       514048.00       514048.00      1156446.08
MemFree                 48665.37        55841.17       486294.33       514047.97      1104848.84
MemUsed                 15191.60         8651.94        27753.67            0.03        51597.24
Dirty                       0.23            0.06            0.02            0.00            0.31
Writeback                   0.00            0.00            0.00            0.00            0.00
FilePages                 420.51           14.13            3.63            0.00          438.27
AnonPages                5621.70           16.41        27750.01            0.00        33388.12
PageTables                 94.84            0.24            0.00            0.00           95.09
WritebackTmp                0.00            0.00            0.00            0.00            0.00
MemTotal                63856.97        64493.11       514048.00       514048.00      1156446.08
MemFree                 48670.91        55840.96       486290.33       514047.97      1104850.17
MemUsed                 15186.05         8652.15        27757.67            0.03        51595.91
Dirty                       0.18            0.05            0.01            0.00            0.23
Writeback                   0.00            0.00            0.00            0.00            0.00
FilePages                 420.52           14.13            3.63            0.00          438.28
AnonPages                5616.48           16.41        27754.01            0.00        33386.90
PageTables                 95.21            0.24            0.00            0.00           95.45
WritebackTmp                0.00            0.00            0.00            0.00            0.00
