MemTotal                63854.68        64492.78       514048.00       514048.00      1156443.45
MemFree                 20963.94          270.09       395285.39       474367.76       890887.18
MemUsed                 42890.73        64222.69       118762.61        39680.24       265556.27
Dirty                       0.00            0.00            0.01            0.00            0.01
Writeback                   0.00            0.00            0.00            0.00            0.00
FilePages               31613.10        54211.77       118170.09        39665.73       243660.70
AnonPages                 662.26           73.05            3.14            0.03          738.48
PageTables                 45.02            1.80            0.10            0.00           46.92
WritebackTmp                0.00            0.00            0.00            0.00            0.00
MemTotal                63854.68        64492.78       514048.00       514048.00      1156443.45
MemFree                 12573.83          269.75       395285.39       474367.76       882496.73
MemUsed                 51280.84        64223.03       118762.61        39680.24       273946.73
Dirty                       0.00            0.00            0.00            0.00            0.00
Writeback                   0.00            0.00            0.00            0.00            0.00
FilePages               31613.12        54211.77       118170.09        39665.73       243660.72
AnonPages                9034.41           73.11            3.14            0.03         9110.69
PageTables                 61.18            1.80            0.10            0.00           63.08
WritebackTmp                0.00            0.00            0.00            0.00            0.00
MemTotal                63854.68        64492.78       514048.00       514048.00      1156443.45
MemFree                  2566.46          269.79       395285.39       474367.76       872489.40
MemUsed                 61288.21        64222.99       118762.61        39680.24       283954.05
Dirty                       0.00            0.00            0.00            0.00            0.01
Writeback                   0.00            0.00            0.00            0.00            0.00
FilePages               31613.13        54211.77       118170.09        39665.73       243660.73
AnonPages               19022.31           72.99            3.14            0.03        19098.47
PageTables                 80.61            1.80            0.10            0.00           82.50
WritebackTmp                0.00            0.00            0.00            0.00            0.00
MemTotal                63854.68        64492.78       514048.00       514048.00      1156443.45
MemFree                   325.95          270.75       391216.09       474367.76       866180.54
MemUsed                 63528.73        64222.03       122831.91        39680.24       290262.91
Dirty                       0.01            0.00            0.00            0.00            0.01
Writeback                   0.00            0.00            0.00            0.00            0.00
FilePages               28732.91        54211.77       121050.33        39665.73       243660.75
AnonPages               24142.72           72.91         1174.32            0.03        25389.99
PageTables                 90.85            1.80            1.86            0.00           94.51
WritebackTmp                0.00            0.00            0.00            0.00            0.00
MemTotal                63854.68        64492.78       514048.00       514048.00      1156443.45
MemFree                   325.39          271.04       385414.20       474367.76       860378.39
MemUsed                 63529.29        64221.74       128633.80        39680.24       296065.06
Dirty                      68.13            0.00          121.01            0.00          189.14
Writeback                   0.00            0.00            0.00            0.00            0.00
FilePages               25431.54        54211.77       124732.88        39665.73       244041.93
AnonPages               27436.47           72.97         3283.41            0.03        30792.88
PageTables                 97.35            1.80            6.35            0.00          105.50
WritebackTmp                0.00            0.00            0.00            0.00            0.00
MemTotal                63854.68        64492.78       514048.00       514048.00      1156443.45
MemFree                   325.20          296.17       378324.07       473819.32       852764.77
MemUsed                 63529.47        64196.61       135723.93        40228.68       303678.69
Dirty                     552.46          120.61          656.09          136.39         1465.55
Writeback                   0.00            0.00            0.00            0.00            0.00
FilePages               23712.63        54181.86       129578.95        40208.64       247682.09
AnonPages               29127.95           73.17         5488.01            0.04        34689.17
PageTables                100.33            1.80           10.58            0.00          112.70
WritebackTmp                0.00            0.00            0.00            0.00            0.00
MemTotal                63854.68        64492.78       514048.00       514048.00      1156443.45
MemFree                   325.25          296.17       372034.07       473819.56       846475.06
MemUsed                 63529.42        64196.61       142013.93        40228.44       309968.39
Dirty                     738.42            0.02         1191.80            0.06         1930.30
Writeback                   5.41            0.00           10.34            0.00           15.75
FilePages               22524.34        54181.87       133823.12        40208.64       250737.98
AnonPages               30294.32           73.34         7498.93            0.04        37866.62
PageTables                103.17            1.80           14.33            0.00          119.30
WritebackTmp                0.00            0.00            0.00            0.00            0.00
MemTotal                63854.68        64492.78       514048.00       514048.00      1156443.45
MemFree                   361.57          295.80       364824.75       473819.80       839301.93
MemUsed                 63493.10        64196.97       149223.25        40228.20       317141.52
Dirty                     674.57            0.00          852.04            0.00         1526.60
Writeback                   0.00            0.00            0.00            0.00            0.00
FilePages               20876.05        54181.87       138802.51        40208.64       254069.07
AnonPages               31878.71           73.50         9692.61            0.04        41644.88
PageTables                105.81            1.80           18.68            0.00          126.29
WritebackTmp                0.00            0.00            0.00            0.00            0.00
MemTotal                63854.68        64492.78       514048.00       514048.00      1156443.45
MemFree                   387.75          295.56       357972.23       473819.80       832475.34
MemUsed                 63466.93        64197.22       156075.77        40228.20       323968.12
Dirty                    1393.63            0.00         1818.41            0.00         3212.04
Writeback                   0.00            0.00            0.00            0.00            0.00
FilePages               19536.57        54181.87       143512.86        40208.64       257439.94
AnonPages               33163.87           73.66        11796.93            0.04        45034.51
PageTables                108.59            1.80           22.61            0.00          133.00
WritebackTmp                0.00            0.00            0.00            0.00            0.00
MemTotal                63854.68        64492.78       514048.00       514048.00      1156443.45
MemFree                  2088.36          156.60       352465.91       473820.25       828531.12
MemUsed                 61766.32        64336.18       161582.09        40227.75       327912.34
Dirty                    1824.88           68.00         1958.98            0.00         3851.86
Writeback                   0.00            0.00            0.00            0.00            0.00
FilePages               19581.19        54318.12       144612.47        40208.64       258720.43
AnonPages               31397.30           72.97        16169.41            0.01        47639.69
PageTables                105.67            1.80           31.83            0.00          139.30
WritebackTmp                0.00            0.00            0.00            0.00            0.00
MemTotal                63854.68        64492.78       514048.00       514048.00      1156443.45
MemFree                   858.11          157.14       352326.28       473820.34       827161.87
MemUsed                 62996.57        64335.63       161721.72        40227.66       329281.58
Dirty                    2505.70           68.00         1958.98            0.00         4532.68
Writeback                   0.00            0.00            0.00            0.00            0.00
FilePages               20774.18        54318.12       144780.40        40208.64       260081.34
AnonPages               31397.09           72.87        16169.01            0.01        47638.98
PageTables                154.00            1.80           31.78            0.00          187.58
WritebackTmp                0.00            0.00            0.00            0.00            0.00
MemTotal                63854.68        64492.78       514048.00       514048.00      1156443.45
MemFree                   383.06          158.77       352082.30       473820.34       826444.47
MemUsed                 63471.61        64334.01       161965.70        40227.66       329998.98
Dirty                    2855.63           68.00         1958.98            0.00         4882.61
Writeback                   0.00            0.00            0.00            0.00            0.00
FilePages               21219.62        54318.12       145035.21        40208.64       260781.60
AnonPages               31397.62           72.07        16168.62            0.01        47638.31
PageTables                154.00            1.80           31.78            0.00          187.58
WritebackTmp                0.00            0.00            0.00            0.00            0.00
MemTotal                63854.68        64492.78       514048.00       514048.00      1156443.45
MemFree                   492.05          159.53       351029.74       473820.34       825501.66
MemUsed                 63362.62        64333.25       163018.26        40227.66       330941.80
Dirty                    3039.92           68.00         1726.99            0.00         4834.91
Writeback                   0.00            0.00            0.00            0.00            0.00
FilePages               21186.04        54318.12       146084.60        40208.64       261797.41
AnonPages               31289.19           72.14        16168.46            0.01        47529.79
PageTables                154.10            1.85           31.77            0.00          187.72
WritebackTmp                0.00            0.00            0.00            0.00            0.00
MemTotal                63854.68        64492.78       514048.00       514048.00      1156443.45
MemFree                   569.26          160.88       350157.30       473820.34       824707.79
MemUsed                 63285.41        64331.89       163890.70        40227.66       331735.67
Dirty                    1926.43            0.08           14.91            0.00         1941.41
Writeback                  14.11            0.00            0.43            0.00           14.55
FilePages               21009.18        54318.12       146938.24        40208.64       262474.18
AnonPages               31381.31           69.89        16186.84            0.00        47638.05
PageTables                153.98            1.80           31.80            0.00          187.58
WritebackTmp                0.00            0.00            0.00            0.00            0.00
MemTotal                63854.68        64492.78       514048.00       514048.00      1156443.45
MemFree                   384.31          161.61       349296.22       473820.35       823662.49
MemUsed                 63470.37        64331.16       164751.78        40227.65       332780.96
Dirty                     380.48            0.00           68.25            0.00          448.73
Writeback                   0.00            0.00            0.00            0.00            0.00
FilePages               21258.82        54318.12       147712.20        40208.64       263497.78
AnonPages               31298.04           69.59        16249.02            0.00        47616.66
PageTables                152.46            1.80           31.80            0.00          186.06
WritebackTmp                0.00            0.00            0.00            0.00            0.00
MemTotal                63854.68        64492.78       514048.00       514048.00      1156443.45
MemFree                   426.78          162.26       348453.00       473820.35       822862.38
MemUsed                 63427.90        64330.52       165595.00        40227.65       333581.07
Dirty                     762.94            0.00           76.29            0.00          839.23
Writeback                   0.00            0.00            0.00            0.00            0.00
FilePages               21198.47        54318.12       148553.17        40208.64       264278.41
AnonPages               31307.14           69.67        16261.42            0.00        47638.23
PageTables                153.92            1.85           31.81            0.00          187.58
WritebackTmp                0.00            0.00            0.00            0.00            0.00
MemTotal                63854.68        64492.78       514048.00       514048.00      1156443.45
MemFree                   312.66          162.40       347500.80       473820.35       821796.21
MemUsed                 63542.01        64330.38       166547.20        40227.65       334647.24
Dirty                    1200.95            0.00          161.97            0.00         1362.92
Writeback                   0.00            0.00            0.00            0.00            0.00
FilePages               21337.29        54318.12       149462.11        40208.64       265326.16
AnonPages               31263.12           69.45        16297.71            0.00        47630.28
PageTables                153.43            1.80           31.79            0.00          187.02
WritebackTmp                0.00            0.00            0.00            0.00            0.00
MemTotal                63854.68        64492.78       514048.00       514048.00      1156443.45
MemFree                   434.91          161.86       346803.86       473820.35       821220.97
MemUsed                 63419.77        64330.92       167244.14        40227.65       335222.48
Dirty                    1337.04            0.00          305.13            0.00         1642.17
Writeback                   0.00            0.00            0.00            0.00            0.00
FilePages               21208.14        54318.12       150150.53        40208.64       265885.43
AnonPages               31268.27           69.54        16301.46            0.00        47639.27
PageTables                153.92            1.85           31.80            0.00          187.58
WritebackTmp                0.00            0.00            0.00            0.00            0.00
MemTotal                63854.68        64492.78       514048.00       514048.00      1156443.45
MemFree                   305.69          161.87       345930.13       473820.35       820218.04
MemUsed                 63548.98        64330.91       168117.87        40227.65       336225.41
Dirty                    1722.34            0.00          411.02            0.00         2133.36
Writeback                   0.00            0.00            0.00            0.00            0.00
FilePages               21332.14        54318.12       151009.88        40208.64       266868.79
AnonPages               31262.28           69.56        16307.34            0.00        47639.18
PageTables                153.92            1.85           31.81            0.00          187.58
WritebackTmp                0.00            0.00            0.00            0.00            0.00
MemTotal                63854.68        64492.78       514048.00       514048.00      1156443.45
MemFree                   350.47          161.89       344967.35       473820.35       819300.06
MemUsed                 63504.20        64330.89       169080.65        40227.65       337143.39
Dirty                    2143.49            0.00          442.36            0.00         2585.86
Writeback                   0.00            0.00            0.00            0.00            0.00
FilePages               21272.57        54318.12       151971.70        40208.64       267771.04
AnonPages               31262.32           69.54        16307.11            0.00        47638.98
PageTables                153.92            1.85           31.81            0.00          187.58
WritebackTmp                0.00            0.00            0.00            0.00            0.00
MemTotal                63854.68        64492.78       514048.00       514048.00      1156443.45
MemFree                   320.91          161.80       344270.46       473820.35       818573.52
MemUsed                 63533.77        64330.98       169777.54        40227.65       337869.93
Dirty                     101.48            0.00           95.71            0.00          197.20
Writeback                   0.00            0.00            0.00            0.00            0.00
FilePages               21179.03        54318.12       152783.73        40208.64       268489.52
AnonPages               31377.32           69.04        16191.54            0.00        47637.90
PageTables                153.94            1.80           31.84            0.00          187.58
WritebackTmp                0.00            0.00            0.00            0.00            0.00
MemTotal                63854.68        64492.78       514048.00       514048.00      1156443.45
MemFree                   456.07          161.56       343330.85       473820.35       817768.84
MemUsed                 63398.60        64331.21       170717.15        40227.65       338674.62
Dirty                     503.47            0.00           96.71            0.00          600.18
Writeback                   0.00            0.00            0.00            0.00            0.00
FilePages               21034.58        54318.12       153732.95        40208.64       269294.29
AnonPages               31377.38           69.13        16191.58            0.00        47638.09
PageTables                153.92            1.85           31.80            0.00          187.58
WritebackTmp                0.00            0.00            0.00            0.00            0.00
MemTotal                63854.68        64492.78       514048.00       514048.00      1156443.45
MemFree                   442.65          161.57       342539.48       473820.35       816964.05
MemUsed                 63412.03        64331.21       171508.52        40227.65       339479.40
Dirty                     894.14            0.00          100.81            0.00          994.96
Writeback                   0.00            0.00            0.00            0.00            0.00
FilePages               21044.25        54318.12       154513.67        40208.64       270084.68
AnonPages               31366.30           69.05        16202.82            0.00        47638.17
PageTables                153.96            1.80           31.82            0.00          187.58
WritebackTmp                0.00            0.00            0.00            0.00            0.00
MemTotal                63854.68        64492.78       514048.00       514048.00      1156443.45
MemFree                   359.48          160.85       341674.23       473820.35       816014.91
MemUsed                 63495.20        64331.93       172373.77        40227.65       340428.54
Dirty                    1366.55            0.00          104.78            0.00         1471.32
Writeback                   0.00            0.00            0.00            0.00            0.00
FilePages               21120.75        54318.12       155388.60        40208.64       271036.11
AnonPages               31365.80           69.12        16202.57            0.00        47637.48
PageTables                153.91            1.85           31.82            0.00          187.58
WritebackTmp                0.00            0.00            0.00            0.00            0.00
MemTotal                63854.68        64492.78       514048.00       514048.00      1156443.45
MemFree                   472.54          159.69       340518.77       473820.35       814971.35
MemUsed                 63382.14        64333.09       173529.23        40227.65       341472.11
Dirty                    1863.68            0.00          112.29            0.00         1975.96
Writeback                   0.00            0.00            0.00            0.00            0.00
FilePages               20957.35        54318.12       156562.23        40208.64       272046.35
AnonPages               31386.57           69.20        16181.96            0.00        47637.72
PageTables                153.94            1.85           31.79            0.00          187.58
WritebackTmp                0.00            0.00            0.00            0.00            0.00
MemTotal                63854.68        64492.78       514048.00       514048.00      1156443.45
MemFree                   474.97          159.86       339455.72       473820.35       813910.90
MemUsed                 63379.70        64332.92       174592.28        40227.65       342532.55
Dirty                    2380.86            0.00          117.37            0.00         2498.23
Writeback                   0.00            0.00            0.00            0.00            0.00
FilePages               20924.47        54318.12       157639.37        40208.64       273090.61
AnonPages               31400.72           69.03        16168.42            0.00        47638.17
PageTables                153.96            1.80           31.78            0.00          187.54
WritebackTmp                0.00            0.00            0.00            0.00            0.00
MemTotal                63854.68        64492.78       514048.00       514048.00      1156443.45
MemFree                   328.79          160.59       339053.34       473820.35       813363.07
MemUsed                 63525.89        64332.18       174994.66        40227.65       343080.38
Dirty                      13.75            0.00            0.89            0.00           14.64
Writeback                   0.00            0.00            0.00            0.00            0.00
FilePages               21057.32        54318.12       158029.81        40208.64       273613.90
AnonPages               31401.66           67.09        16168.95            0.00        47637.70
PageTables                153.95            1.85           31.78            0.00          187.58
WritebackTmp                0.00            0.00            0.00            0.00            0.00
MemTotal                63854.68        64492.78       514048.00       514048.00      1156443.45
MemFree                   283.37          160.66       338421.45       473820.35       812685.83
MemUsed                 63571.31        64332.12       175626.55        40227.65       343757.62
Dirty                     208.11            0.00          133.07            0.00          341.18
Writeback                   0.00            0.00            0.00            0.00            0.00
FilePages               21199.67        54318.12       158541.36        40208.64       274267.80
AnonPages               31297.15           67.14        16274.34            0.00        47638.63
PageTables                153.93            1.85           31.80            0.00          187.58
WritebackTmp                0.00            0.00            0.00            0.00            0.00
MemTotal                63854.68        64492.78       514048.00       514048.00      1156443.45
MemFree                   337.65          160.46       337595.71       473820.35       811914.17
MemUsed                 63517.03        64332.32       176452.29        40227.65       344529.28
Dirty                     489.21            0.00          230.99            0.00          720.20
Writeback                   0.00            0.00            0.00            0.00            0.00
FilePages               21137.23        54318.12       159363.12        40208.64       275027.13
AnonPages               31296.96           67.09        16273.77            0.00        47637.83
PageTables                153.93            1.85           31.80            0.00          187.58
WritebackTmp                0.00            0.00            0.00            0.00            0.00
MemTotal                63854.68        64492.78       514048.00       514048.00      1156443.45
MemFree                   392.95          159.73       336921.30       473820.35       811294.33
MemUsed                 63461.72        64333.05       177126.70        40227.65       345149.12
Dirty                     707.87            0.01          311.98            0.00         1019.85
Writeback                   0.00            0.00            0.00            0.00            0.00
FilePages               21045.14        54318.13       160054.66        40208.64       275626.58
AnonPages               31317.23           67.07        16254.80            0.00        47639.10
PageTables                153.92            1.85           31.81            0.00          187.58
WritebackTmp                0.00            0.00            0.00            0.00            0.00
MemTotal                63854.68        64492.78       514048.00       514048.00      1156443.45
MemFree                   342.87          159.85       335783.34       473820.35       810106.41
MemUsed                 63511.80        64332.93       178264.66        40227.65       346337.04
Dirty                    1279.33            0.01          328.55            0.00         1607.88
Writeback                   0.00            0.00            0.00            0.00            0.00
FilePages               21030.54        54318.13       161245.25        40208.64       276802.55
AnonPages               31365.87           67.07        16203.00            0.00        47635.95
PageTables                153.46            1.85           31.78            0.00          187.09
WritebackTmp                0.00            0.00            0.00            0.00            0.00
MemTotal                63854.68        64492.78       514048.00       514048.00      1156443.45
MemFree                   427.00          159.13       334933.12       473820.35       809339.60
MemUsed                 63427.68        64333.64       179114.88        40227.65       347103.85
Dirty                    1661.88            0.01          329.01            0.00         1990.90
Writeback                   0.00            0.00            0.00            0.00            0.00
FilePages               20941.39        54318.13       162101.29        40208.64       277569.45
AnonPages               31367.55           67.07        16203.61            0.00        47638.24
PageTables                153.91            1.86           31.82            0.00          187.58
WritebackTmp                0.00            0.00            0.00            0.00            0.00
MemTotal                63854.68        64492.78       514048.00       514048.00      1156443.45
MemFree                   339.34          159.04       333930.54       473820.35       808249.27
MemUsed                 63515.33        64333.73       180117.46        40227.65       348194.18
Dirty                    2154.12            0.01          365.24            0.00         2519.37
Writeback                   0.00            0.00            0.00            0.00            0.00
FilePages               21133.49        54318.13       162965.10        40208.64       278625.36
AnonPages               31235.78           67.13        16334.89            0.00        47637.80
PageTables                153.92            1.85           31.81            0.00          187.58
WritebackTmp                0.00            0.00            0.00            0.00            0.00
MemTotal                63854.68        64492.78       514048.00       514048.00      1156443.45
MemFree                   378.16          159.56       332967.96       473820.35       807326.03
MemUsed                 63476.52        64333.22       181080.04        40227.65       349117.43
Dirty                     377.63            0.00            6.90            0.00          384.53
Writeback                   0.00            0.00            0.00            0.00            0.00
FilePages               21099.85        54318.13       163935.93        40208.64       279562.56
AnonPages               31236.54           67.05        16334.88            0.00        47638.47
PageTables                153.92            1.85           31.81            0.00          187.58
WritebackTmp                0.00            0.00            0.00            0.00            0.00
MemTotal                63854.68        64492.78       514048.00       514048.00      1156443.45
MemFree                   416.52          159.44       331869.95       473820.35       806266.26
MemUsed                 63438.16        64333.34       182178.05        40227.65       350177.20
Dirty                     845.71            0.00           45.85            0.00          891.56
Writeback                   0.00            0.00            0.00            0.00            0.00
FilePages               21051.13        54318.13       164997.23        40208.64       280575.14
AnonPages               31208.24           66.92        16362.91            0.00        47638.07
PageTables                153.94            1.80           31.85            0.00          187.58
WritebackTmp                0.00            0.00            0.00            0.00            0.00
MemTotal                63854.68        64492.78       514048.00       514048.00      1156443.45
MemFree                   436.67          159.51       330999.08       473820.35       805415.61
MemUsed                 63418.00        64333.27       183048.92        40227.65       351027.84
Dirty                    1279.67            0.00           45.85            0.00         1325.52
Writeback                   0.00            0.00            0.00            0.00            0.00
FilePages               21037.81        54318.13       165879.03        40208.64       281443.62
AnonPages               31209.77           66.93        16362.83            0.00        47639.53
PageTables                153.92            1.85           31.81            0.00          187.58
WritebackTmp                0.00            0.00            0.00            0.00            0.00
MemTotal                63854.68        64492.78       514048.00       514048.00      1156443.45
MemFree                   348.38          159.82       330110.88       473820.35       804439.43
MemUsed                 63506.30        64332.95       183937.12        40227.65       352004.02
Dirty                    1681.46            0.00          108.52            0.00         1789.98
Writeback                   0.00            0.00            0.00            0.00            0.00
FilePages               21118.11        54318.13       166728.11        40208.64       282373.00
AnonPages               31181.47           66.22        16391.29            0.00        47638.98
PageTables                153.97            1.80           31.81            0.00          187.58
WritebackTmp                0.00            0.00            0.00            0.00            0.00
MemTotal                63854.68        64492.78       514048.00       514048.00      1156443.45
MemFree                   403.55          160.21       329301.08       473820.35       803685.20
MemUsed                 63451.12        64332.57       184746.92        40227.65       352758.25
Dirty                    2070.75            0.00          108.64            0.00         2179.39
Writeback                   0.00            0.00            0.00            0.00            0.00
FilePages               21076.63        54318.13       167548.03        40208.64       283151.44
AnonPages               31180.52           66.29        16391.29            0.00        47638.10
PageTables                153.91            1.85           31.81            0.00          187.58
WritebackTmp                0.00            0.00            0.00            0.00            0.00
MemTotal                63854.68        64492.78       514048.00       514048.00      1156443.45
MemFree                   301.31          160.22       328497.14       473820.35       802779.02
MemUsed                 63553.36        64332.56       185550.86        40227.65       353664.43
Dirty                    2409.91            0.00          196.82            0.00         2606.73
Writeback                   0.00            0.00            0.00            0.00            0.00
FilePages               21178.09        54318.13       168301.76        40208.64       284006.63
AnonPages               31146.18           66.21        16424.82            0.00        47637.21
PageTables                153.93            1.80           31.85            0.00          187.58
WritebackTmp                0.00            0.00            0.00            0.00            0.00
MemTotal                63854.68        64492.78       514048.00       514048.00      1156443.45
MemFree                   434.30          160.22       328007.09       473820.35       802421.96
MemUsed                 63420.37        64332.56       186040.91        40227.65       354021.49
Dirty                      11.75            0.00            0.06            0.00           11.81
Writeback                  12.24            0.00            0.00            0.00           12.24
FilePages               21089.38        54318.13       168798.57        40208.64       284414.73
AnonPages               31146.34           66.21        16426.49            0.00        47639.04
PageTables                153.88            1.80           31.90            0.00          187.58
WritebackTmp                0.00            0.00            0.00            0.00            0.00
MemTotal                63854.68        64492.78       514048.00       514048.00      1156443.45
MemFree                   300.06          160.14       327386.93       473820.35       801667.48
MemUsed                 63554.61        64332.64       186661.07        40227.65       354775.98
Dirty                     122.91            0.00          212.87            0.00          335.78
Writeback                   0.00            0.00            0.00            0.00            0.00
FilePages               21336.90        54318.13       169226.59        40208.64       285090.27
AnonPages               30984.72           66.21        16587.48            0.00        47638.42
PageTables                153.67            1.80           32.11            0.00          187.58
WritebackTmp                0.00            0.00            0.00            0.00            0.00
MemTotal                63854.68        64492.78       514048.00       514048.00      1156443.45
MemFree                   369.18          160.14       327008.77       473820.35       801358.44
MemUsed                 63485.50        64332.64       187039.23        40227.65       355085.02
Dirty                     215.46            0.00          289.01            0.00          504.47
Writeback                   0.00            0.00            0.00            0.00            0.00
FilePages               21286.99        54318.13       169613.25        40208.64       285427.02
AnonPages               30984.74           66.21        16588.08            0.00        47639.04
PageTables                153.62            1.80           32.16            0.00          187.58
WritebackTmp                0.00            0.00            0.00            0.00            0.00
MemTotal                63854.68        64492.78       514048.00       514048.00      1156443.45
MemFree                   339.93          160.14       326184.00       473820.35       800504.41
MemUsed                 63514.75        64332.64       187864.00        40227.65       355939.04
Dirty                     639.91            0.00          290.47            0.00          930.38
Writeback                   0.00            0.00            0.00            0.00            0.00
FilePages               21303.77        54318.13       170448.06        40208.64       286278.61
AnonPages               30985.73           66.21        16587.92            0.00        47639.86
PageTables                153.68            1.80           32.11            0.00          187.59
WritebackTmp                0.00            0.00            0.00            0.00            0.00
MemTotal                63854.68        64492.78       514048.00       514048.00      1156443.45
MemFree                   330.54          160.14       325491.86       473820.35       799802.89
MemUsed                 63524.14        64332.64       188556.14        40227.65       356640.57
Dirty                     852.88            0.00          395.37            0.00         1248.25
Writeback                   0.00            0.00            0.00            0.00            0.00
FilePages               21370.23        54318.13       171017.50        40208.64       286914.50
AnonPages               30894.62           66.21        16679.31            0.00        47640.14
PageTables                153.47            1.80           32.32            0.00          187.59
WritebackTmp                0.00            0.00            0.00            0.00            0.00
MemTotal                63854.68        64492.78       514048.00       514048.00      1156443.45
MemFree                   352.66          160.14       324927.90       473820.35       799261.06
MemUsed                 63502.01        64332.64       189120.10        40227.65       357182.39
Dirty                    1117.09            0.00          398.45            0.00         1515.55
Writeback                   0.00            0.00            0.00            0.00            0.00
FilePages               21339.74        54318.13       171583.20        40208.64       287449.72
AnonPages               30893.80           66.23        16678.75            0.00        47638.79
PageTables                153.48            1.80           32.30            0.00          187.59
WritebackTmp                0.00            0.00            0.00            0.00            0.00
MemTotal                63854.68        64492.78       514048.00       514048.00      1156443.45
MemFree                   383.41          160.14       324277.26       473820.35       798641.17
MemUsed                 63471.26        64332.64       189770.74        40227.65       357802.29
Dirty                    1425.35            0.00          414.19            0.00         1839.54
Writeback                   0.00            0.00            0.00            0.00            0.00
FilePages               21319.17        54318.13       172249.89        40208.64       288095.83
AnonPages               30895.07           66.23        16678.85            0.00        47640.15
PageTables                153.48            1.80           32.30            0.00          187.59
WritebackTmp                0.00            0.00            0.00            0.00            0.00
MemTotal                63854.68        64492.78       514048.00       514048.00      1156443.45
MemFree                   381.77          159.93       323604.40       473820.35       797966.44
MemUsed                 63472.91        64332.85       190443.60        40227.65       358477.01
Dirty                     162.22            0.00            5.59            0.00          167.81
Writeback                   0.00            0.00            0.00            0.00            0.00
FilePages               21341.71        54318.13       172847.86        40208.64       288716.35
AnonPages               30841.43           66.25        16731.86            0.00        47639.54
PageTables                153.38            1.80           32.41            0.00          187.59
WritebackTmp                0.00            0.00            0.00            0.00            0.00
MemTotal                63854.68        64492.78       514048.00       514048.00      1156443.45
MemFree                   400.46          159.93       322945.91       473820.35       797326.65
MemUsed                 63454.21        64332.85       191102.09        40227.65       359116.80
Dirty                     456.24            0.00           45.20            0.00          501.44
Writeback                   0.00            0.00            0.00            0.00            0.00
FilePages               21335.37        54318.13       173522.09        40208.64       289384.23
AnonPages               30842.37           66.17        16731.95            0.00        47640.48
PageTables                153.43            1.74           32.41            0.00          187.58
WritebackTmp                0.00            0.00            0.00            0.00            0.00
MemTotal                63854.68        64492.78       514048.00       514048.00      1156443.45
MemFree                   416.91          159.93       322308.85       473820.35       796706.04
MemUsed                 63437.76        64332.85       191739.15        40227.65       359737.41
Dirty                     751.16            0.00           60.30            0.00          811.46
Writeback                   0.00            0.00            0.00            0.00            0.00
FilePages               21309.47        54318.13       174167.69        40208.64       290003.94
AnonPages               30841.83           66.17        16731.85            0.00        47639.84
PageTables                153.43            1.74           32.41            0.00          187.59
WritebackTmp                0.00            0.00            0.00            0.00            0.00
