MemTotal                63888.29        64461.80       514048.00       514048.00      1156446.08
MemFree                 49811.79        55833.23       514047.78       514047.78      1133740.59
MemUsed                 14076.50         8628.56            0.22            0.22        22705.50
Dirty                       0.35            0.00            0.00            0.00            0.35
Writeback                   0.00            0.00            0.00            0.00            0.00
FilePages                 472.64            0.84            0.00            0.00          473.48
AnonPages                4503.37           14.75            0.00            0.00         4518.12
PageTables                 47.63            0.21            0.00            0.00           47.84
WritebackTmp                0.00            0.00            0.00            0.00            0.00
MemTotal                63888.29        64461.80       514048.00       514048.00      1156446.08
MemFree                 44671.48        55828.37       513476.84       514047.78      1128024.48
MemUsed                 19216.80         8633.43          571.16            0.22        28421.60
Dirty                       0.29            0.00            0.00            0.00            0.29
Writeback                   0.00            0.00            0.00            0.00            0.00
FilePages                 473.16            0.84            0.00            0.00          474.00
AnonPages                9619.31           14.75          570.38            0.00        10204.45
PageTables                 58.75            0.21            0.00            0.00           58.96
WritebackTmp                0.00            0.00            0.00            0.00            0.00
MemTotal                63888.29        64461.80       514048.00       514048.00      1156446.08
MemFree                 44653.97        55828.56       509926.20       514047.78      1124456.52
MemUsed                 19234.31         8633.23         4121.80            0.22        31989.56
Dirty                       0.34            0.00            0.02            0.00            0.36
Writeback                   0.00            0.00            0.00            0.00            0.00
FilePages                 470.31            0.84            3.27            0.00          474.42
AnonPages                9622.66           14.73         4116.57            0.00        13753.96
PageTables                 65.08            0.21            0.00            0.00           65.29
WritebackTmp                0.00            0.00            0.00            0.00            0.00
MemTotal                63888.29        64461.80       514048.00       514048.00      1156446.08
MemFree                 44642.68        55828.56       506485.07       514047.78      1121004.09
MemUsed                 19245.61         8633.23         7562.93            0.22        35441.99
Dirty                       0.19            0.00            0.00            0.00            0.19
Writeback                   0.00            0.00            0.00            0.00            0.00
FilePages                 470.31            0.84            3.28            0.00          474.43
AnonPages                9622.77           14.73         7556.57            0.00        17194.07
PageTables                 72.08            0.21            0.00            0.00           72.29
WritebackTmp                0.00            0.00            0.00            0.00            0.00
MemTotal                63888.29        64461.80       514048.00       514048.00      1156446.08
MemFree                 44626.84        55829.00       503412.58       514047.78      1117916.21
MemUsed                 19261.44         8632.79        10635.42            0.22        38529.88
Dirty                       0.19            0.00            0.02            0.00            0.21
Writeback                   0.00            0.00            0.00            0.00            0.00
FilePages                 471.86            0.84            3.28            0.00          475.98
AnonPages                9623.68           14.73        10628.62            0.00        20267.03
PageTables                 78.46            0.21            0.00            0.00           78.67
WritebackTmp                0.00            0.00            0.00            0.00            0.00
MemTotal                63888.29        64461.80       514048.00       514048.00      1156446.08
MemFree                 44613.25        55829.03       500212.13       514047.78      1114702.19
MemUsed                 19275.04         8632.77        13835.87            0.22        41743.89
Dirty                       0.25            0.00            0.00            0.00            0.26
Writeback                   0.00            0.00            0.00            0.00            0.00
FilePages                 471.87            0.84            3.29            0.00          476.00
AnonPages                9624.40           14.73        13828.36            0.00        23467.50
PageTables                 84.48            0.21            0.00            0.00           84.70
WritebackTmp                0.00            0.00            0.00            0.00            0.00
MemTotal                63888.29        64461.80       514048.00       514048.00      1156446.08
MemFree                 44599.17        55829.03       496794.62       514047.78      1111270.61
MemUsed                 19289.11         8632.77        17253.38            0.22        45175.47
Dirty                       0.35            0.00            0.02            0.00            0.36
Writeback                   0.00            0.00            0.00            0.00            0.00
FilePages                 471.88            0.84            3.29            0.00          476.01
AnonPages                9624.68           14.73        17246.13            0.00        26885.55
PageTables                 90.96            0.21            0.00            0.00           91.18
WritebackTmp                0.00            0.00            0.00            0.00            0.00
MemTotal                63888.29        64461.80       514048.00       514048.00      1156446.08
MemFree                 44586.39        55829.04       493940.18       514047.78      1108403.40
MemUsed                 19301.89         8632.76        20107.82            0.22        48042.68
Dirty                       0.19            0.00            0.01            0.00            0.20
Writeback                   0.00            0.00            0.00            0.00            0.00
FilePages                 471.90            0.84            3.29            0.00          476.03
AnonPages                9625.07           14.73        20100.28            0.00        29740.08
PageTables                 96.48            0.21            0.00            0.00           96.69
WritebackTmp                0.00            0.00            0.00            0.00            0.00
MemTotal                63856.97        64493.11       514048.00       514048.00      1156446.08
MemFree                 51236.12        55826.74       514047.97       514047.97      1135158.80
MemUsed                 12620.84         8666.37            0.03            0.03        21287.27
Dirty                       0.10            0.03            0.00            0.00            0.13
Writeback                   0.00            0.00            0.00            0.00            0.00
FilePages                 401.28            9.74            0.00            0.00          411.02
AnonPages                3170.69           19.18            0.00            0.00         3189.87
PageTables                 36.61            0.27            0.00            0.00           36.88
WritebackTmp                0.00            0.00            0.00            0.00            0.00
MemTotal                63856.97        64493.11       514048.00       514048.00      1156446.08
MemFree                 46093.97        55822.61       513463.50       514047.97      1129428.04
MemUsed                 17763.00         8670.50          584.50            0.03        27018.04
Dirty                       0.05            0.00            0.00            0.00            0.05
Writeback                   0.00            0.02            0.00            0.00            0.02
FilePages                 402.06            9.76            0.00            0.00          411.82
AnonPages                8286.34           19.18          583.82            0.00         8889.34
PageTables                 47.63            0.27            0.00            0.00           47.91
WritebackTmp                0.00            0.00            0.00            0.00            0.00
MemTotal                63856.97        64493.11       514048.00       514048.00      1156446.08
MemFree                 46077.41        55823.10       509914.58       514047.97      1125863.05
MemUsed                 17779.56         8670.01         4133.42            0.03        30583.02
Dirty                       0.29            0.05            0.02            0.00            0.36
Writeback                   0.00            0.00            0.00            0.00            0.00
FilePages                 398.79            9.88            3.28            0.00          411.94
AnonPages                8289.30           19.18         4127.70            0.00        12436.19
PageTables                 54.85            0.27            0.00            0.00           55.12
WritebackTmp                0.00            0.00            0.00            0.00            0.00
MemTotal                63856.97        64493.11       514048.00       514048.00      1156446.08
MemFree                 46060.05        55823.61       506485.26       514047.97      1122416.89
MemUsed                 17796.91         8669.50         7562.74            0.03        34029.18
Dirty                       0.29            0.02            0.00            0.00            0.31
Writeback                   0.00            0.00            0.00            0.00            0.00
FilePages                 399.56            9.88            3.29            0.00          412.74
AnonPages                8290.00           19.18         7556.36            0.00        15865.54
PageTables                 61.42            0.27            0.00            0.00           61.70
WritebackTmp                0.00            0.00            0.00            0.00            0.00
MemTotal                63856.97        64493.11       514048.00       514048.00      1156446.08
MemFree                 46048.91        55824.34       503412.68       514047.97      1119333.91
MemUsed                 17808.05         8668.77        10635.32            0.03        37112.17
Dirty                       0.21            0.03            0.02            0.00            0.26
Writeback                   0.00            0.00            0.00            0.00            0.00
FilePages                 399.57           10.32            3.29            0.00          413.18
AnonPages                8289.86           19.18        10628.18            0.00        18937.21
PageTables                 67.48            0.27            0.00            0.00           67.76
WritebackTmp                0.00            0.00            0.00            0.00            0.00
MemTotal                63856.97        64493.11       514048.00       514048.00      1156446.08
MemFree                 46037.56        55823.60       500211.74       514047.97      1116120.87
MemUsed                 17819.41         8669.51        13836.26            0.03        40325.21
Dirty                       0.19            0.04            0.00            0.00            0.23
Writeback                   0.00            0.00            0.00            0.00            0.00
FilePages                 399.50           10.89            3.36            0.00          413.75
AnonPages                8290.47           19.18        13828.41            0.00        22138.07
PageTables                 73.35            0.27            0.00            0.00           73.62
WritebackTmp                0.00            0.00            0.00            0.00            0.00
MemTotal                63856.97        64493.11       514048.00       514048.00      1156446.08
MemFree                 51224.81        55821.05       514040.74       514047.75      1135134.36
MemUsed                 12632.16         8672.05            7.26            0.25        21311.72
Dirty                       0.15            0.04            0.00            0.00            0.19
Writeback                   0.00            0.00            0.00            0.00            0.00
FilePages                 401.73           10.24            0.05            0.00          412.03
AnonPages                3175.21           18.41            0.00            0.00         3193.62
PageTables                 37.20            0.27            0.00            0.00           37.48
WritebackTmp                0.00            0.00            0.00            0.00            0.00
MemTotal                63856.97        64493.11       514048.00       514048.00      1156446.08
MemFree                 46085.77        55821.07       513319.20       514047.94      1129273.98
MemUsed                 17771.20         8672.04          728.80            0.06        27172.10
Dirty                       0.22            0.06            0.00            0.00            0.28
Writeback                   0.00            0.00            0.00            0.00            0.00
FilePages                 402.53           11.22            0.05            0.00          413.80
AnonPages                8289.24           18.41          721.12            0.00         9028.78
PageTables                 48.73            0.27            0.00            0.00           49.01
WritebackTmp                0.00            0.00            0.00            0.00            0.00
MemTotal                63856.97        64493.11       514048.00       514048.00      1156446.08
MemFree                 46071.15        55823.16       509806.57       514047.94      1125748.82
MemUsed                 17785.82         8669.95         4241.43            0.06        30697.26
Dirty                       0.19            0.07            0.02            0.00            0.28
Writeback                   0.00            0.00            0.00            0.00            0.00
FilePages                 400.56           11.24            2.03            0.00          413.83
AnonPages                8290.84           18.41         4230.33            0.00        12539.59
PageTables                 55.46            0.27            0.00            0.00           55.73
WritebackTmp                0.00            0.00            0.00            0.00            0.00
MemTotal                63856.97        64493.11       514048.00       514048.00      1156446.08
MemFree                 46062.02        55841.35       506479.32       514047.94      1122430.62
MemUsed                 17794.95         8651.76         7568.68            0.06        34015.45
Dirty                       0.22            0.07            0.00            0.00            0.29
Writeback                   0.00            0.00            0.00            0.00            0.00
FilePages                 399.50           11.31            3.88            0.00          414.69
AnonPages                8292.45           18.41         7556.13            0.00        15866.99
PageTables                 61.64            0.27            0.00            0.00           61.91
WritebackTmp                0.00            0.00            0.00            0.00            0.00
MemTotal                63856.97        64493.11       514048.00       514048.00      1156446.08
MemFree                 46047.84        55840.05       503128.59       514047.72      1119064.21
MemUsed                 17809.13         8653.05        10919.41            0.28        37381.87
Dirty                       0.16            0.06            0.02            0.00            0.23
Writeback                   0.03            0.00            0.00            0.00            0.03
FilePages                 403.26           13.33            3.88            0.00          420.47
AnonPages                8291.14           17.46        10906.98            0.00        19215.57
PageTables                 68.61            0.27            0.00            0.00           68.88
WritebackTmp                0.00            0.00            0.00            0.00            0.00
MemTotal                63856.97        64493.11       514048.00       514048.00      1156446.08
MemFree                 46035.70        55840.08       499933.09       514047.91      1115856.78
MemUsed                 17821.27         8653.03        14114.91            0.09        40589.30
Dirty                       0.16            0.06            0.00            0.00            0.23
Writeback                   0.00            0.00            0.00            0.00            0.00
FilePages                 403.26           13.34            3.88            0.00          420.48
AnonPages                8291.60           17.46        14101.21            0.00        22410.27
PageTables                 75.04            0.27            0.00            0.00           75.32
WritebackTmp                0.00            0.00            0.00            0.00            0.00
MemTotal                63856.97        64493.11       514048.00       514048.00      1156446.08
MemFree                 46022.82        55840.10       496494.17       514047.91      1112405.00
MemUsed                 17834.14         8653.01        17553.83            0.09        44041.08
Dirty                       0.16            0.07            0.02            0.00            0.25
Writeback                   0.00            0.00            0.00            0.00            0.00
FilePages                 403.26           13.36            3.88            0.00          420.50
AnonPages                8291.33           17.46        17540.46            0.00        25849.25
PageTables                 81.73            0.27            0.00            0.00           82.00
WritebackTmp                0.00            0.00            0.00            0.00            0.00
MemTotal                63856.97        64493.11       514048.00       514048.00      1156446.08
MemFree                 46011.11        55840.29       493678.53       514047.91      1109577.84
MemUsed                 17845.86         8652.82        20369.47            0.09        46868.24
Dirty                       0.12            0.04            0.00            0.00            0.16
Writeback                   0.00            0.02            0.00            0.00            0.02
FilePages                 403.26           13.37            3.88            0.00          420.51
AnonPages                8291.00           17.46        20356.67            0.00        28665.13
PageTables                 87.41            0.27            0.00            0.00           87.68
WritebackTmp                0.00            0.00            0.00            0.00            0.00
MemTotal                63856.97        64493.11       514048.00       514048.00      1156446.08
MemFree                 45998.06        55839.92       490692.09       514047.91      1106577.97
MemUsed                 17858.91         8653.19        23355.91            0.09        49868.11
Dirty                       0.10            0.05            0.02            0.00            0.17
Writeback                   0.00            0.00            0.00            0.00            0.00
FilePages                 403.26           13.38            3.88            0.00          420.52
AnonPages                8292.07           17.46        23342.43            0.00        31651.97
PageTables                 93.14            0.27            0.00            0.00           93.42
WritebackTmp                0.00            0.00            0.00            0.00            0.00
MemTotal                63856.97        64493.11       514048.00       514048.00      1156446.08
MemFree                 45986.19        55839.93       487647.82       514047.91      1103521.85
MemUsed                 17870.78         8653.18        26400.18            0.09        52924.23
Dirty                       0.03            0.01            0.00            0.00            0.04
Writeback                   0.00            0.01            0.00            0.00            0.01
FilePages                 403.42           13.39            3.89            0.00          420.70
AnonPages                8292.07           17.46        26386.89            0.00        34696.41
PageTables                 99.20            0.27            0.00            0.00           99.47
WritebackTmp                0.00            0.00            0.00            0.00            0.00
MemTotal                63856.97        64493.11       514048.00       514048.00      1156446.08
MemFree                 45985.36        55839.93       486380.53       514047.91      1102253.73
MemUsed                 17871.61         8653.18        27667.47            0.09        54192.35
Dirty                       0.20            0.07            0.02            0.00            0.29
Writeback                   0.00            0.00            0.00            0.00            0.00
FilePages                 403.52           13.41            3.89            0.00          420.82
AnonPages                8288.50           17.46        27654.53            0.00        35960.49
PageTables                101.33            0.27            0.00            0.00          101.61
WritebackTmp                0.00            0.00            0.00            0.00            0.00
MemTotal                63856.97        64493.11       514048.00       514048.00      1156446.08
MemFree                 45987.09        55839.95       486379.39       514047.91      1102254.34
MemUsed                 17869.88         8653.16        27668.61            0.09        54191.73
Dirty                       0.18            0.06            0.00            0.00            0.24
Writeback                   0.00            0.00            0.00            0.00            0.00
FilePages                 403.52           13.42            3.89            0.00          420.83
AnonPages                8287.13           17.46        27656.47            0.00        35961.06
PageTables                101.39            0.27            0.00            0.00          101.66
WritebackTmp                0.00            0.00            0.00            0.00            0.00
MemTotal                63856.97        64493.11       514048.00       514048.00      1156446.08
MemFree                 45987.62        55839.95       486377.68       514047.91      1102253.15
MemUsed                 17869.35         8653.16        27670.32            0.09        54192.93
Dirty                       0.08            0.04            0.02            0.00            0.14
Writeback                   0.00            0.01            0.00            0.00            0.01
FilePages                 403.99           13.43            3.89            0.00          421.32
AnonPages                8285.85           17.46        27658.28            0.00        35961.59
PageTables                101.34            0.27            0.00            0.00          101.61
WritebackTmp                0.00            0.00            0.00            0.00            0.00
MemTotal                63856.97        64493.11       514048.00       514048.00      1156446.08
MemFree                 45991.60        55839.50       486373.86       514047.91      1102252.86
MemUsed                 17865.37         8653.61        27674.14            0.09        54193.22
Dirty                       0.13            0.06            0.00            0.00            0.19
Writeback                   0.00            0.00            0.00            0.00            0.00
FilePages                 403.99           13.83            3.89            0.00          421.71
AnonPages                8282.11           17.49        27662.21            0.00        35961.81
PageTables                101.48            0.30            0.00            0.00          101.77
WritebackTmp                0.00            0.00            0.00            0.00            0.00
MemTotal                63856.97        64493.11       514048.00       514048.00      1156446.08
MemFree                 45993.84        55838.57       486372.14       514047.91      1102252.46
MemUsed                 17863.12         8654.54        27675.86            0.09        54193.62
Dirty                       0.01            0.01            0.02            0.00            0.04
Writeback                   0.07            0.01            0.00            0.00            0.08
FilePages                 403.99           14.41            3.89            0.00          422.30
AnonPages                8279.61           17.46        27664.02            0.00        35961.09
PageTables                101.35            0.27            0.00            0.00          101.62
WritebackTmp                0.00            0.00            0.00            0.00            0.00
MemTotal                63856.97        64493.11       514048.00       514048.00      1156446.08
MemFree                 45994.61        55838.57       486370.38       514047.91      1102251.47
MemUsed                 17862.36         8654.54        27677.62            0.09        54194.61
Dirty                       0.22            0.07            0.00            0.00            0.29
Writeback                   0.00            0.00            0.00            0.00            0.00
FilePages                 403.99           14.43            3.90            0.00          422.32
AnonPages                8278.05           17.46        27665.95            0.00        35961.47
PageTables                101.41            0.27            0.00            0.00          101.68
WritebackTmp                0.00            0.00            0.00            0.00            0.00
MemTotal                63856.97        64493.11       514048.00       514048.00      1156446.08
MemFree                 45981.47        55833.07       486370.00       514047.91      1102232.45
MemUsed                 17875.50         8660.04        27678.00            0.09        54213.63
Dirty                       0.54            0.46            0.02            0.00            1.02
Writeback                   0.00            0.00            0.00            0.00            0.00
FilePages                 417.97           19.24            3.90            0.00          441.11
AnonPages                8280.27           17.46        27667.83            0.00        35965.57
PageTables                102.38            0.28            0.00            0.00          102.66
WritebackTmp                0.00            0.00            0.00            0.00            0.00
MemTotal                63856.97        64493.11       514048.00       514048.00      1156446.08
MemFree                 45808.45        55832.50       486367.34       514047.91      1102056.19
MemUsed                 18048.52         8660.61        27680.66            0.09        54389.89
Dirty                       0.37            0.07            0.00            0.00            0.44
Writeback                   0.00            0.00            0.00            0.00            0.00
FilePages                 481.86           19.53            3.90            0.00          505.29
AnonPages                8387.87           17.54        27671.70            0.00        36077.11
PageTables                106.16            0.29            0.00            0.00          106.44
WritebackTmp                0.00            0.00            0.00            0.00            0.00
MemTotal                63856.97        64493.11       514048.00       514048.00      1156446.08
MemFree                 45247.36        55831.59       486365.70       514047.91      1101492.55
MemUsed                 18609.61         8661.52        27682.30            0.09        54953.53
Dirty                       0.34            0.07            0.02            0.00            0.42
Writeback                   0.00            0.01            0.00            0.00            0.01
FilePages                 791.31           19.89            3.90            0.00          815.10
AnonPages                8629.55           17.56        27673.55            0.00        36320.66
PageTables                109.64            0.29            0.00            0.00          109.93
WritebackTmp                0.00            0.00            0.00            0.00            0.00
MemTotal                63856.97        64493.11       514048.00       514048.00      1156446.08
MemFree                 45078.37        55832.29       486363.99       514047.91      1101322.55
MemUsed                 18778.60         8660.82        27684.01            0.09        55123.52
Dirty                      24.00            0.08            0.00            0.00           24.08
Writeback                   0.00            0.00            0.00            0.00            0.00
FilePages                 866.00           19.97            3.90            0.00          889.88
AnonPages                8723.45           17.57        27675.39            0.00        36416.41
PageTables                110.07            0.29            0.00            0.00          110.36
WritebackTmp                0.00            0.00            0.00            0.00            0.00
MemTotal                63856.97        64493.11       514048.00       514048.00      1156446.08
MemFree                 45041.55        55831.64       486362.62       514047.91      1101283.72
MemUsed                 18815.41         8661.47        27685.38            0.09        55162.36
Dirty                      23.74            0.01            0.00            0.00           23.75
Writeback                   0.00            0.05            0.00            0.00            0.05
FilePages                 876.63           19.99            3.90            0.00          900.52
AnonPages                8747.91           17.61        27677.23            0.00        36442.76
PageTables                109.71            0.29            0.00            0.00          110.00
WritebackTmp                0.00            0.00            0.00            0.00            0.00
MemTotal                63856.97        64493.11       514048.00       514048.00      1156446.08
MemFree                 45087.67        55831.89       486358.93       514047.91      1101326.39
MemUsed                 18769.30         8661.22        27689.07            0.09        55119.69
Dirty                      24.00            0.07            0.02            0.00           24.09
Writeback                   0.00            0.00            0.00            0.00            0.00
FilePages                 876.63           20.07            3.90            0.00          900.60
AnonPages                8702.03           17.61        27681.07            0.00        36400.71
PageTables                109.76            0.29            0.00            0.00          110.05
WritebackTmp                0.00            0.00            0.00            0.00            0.00
MemTotal                63856.97        64493.11       514048.00       514048.00      1156446.08
MemFree                 45119.47        55831.89       486357.27       514047.91      1101356.54
MemUsed                 18737.50         8661.22        27690.73            0.09        55089.54
Dirty                      23.95            0.09            0.01            0.00           24.05
Writeback                   0.00            0.00            0.00            0.00            0.00
FilePages                 876.63           20.08            3.90            0.00          900.61
AnonPages                8670.21           17.62        27682.90            0.00        36370.73
PageTables                109.43            0.29            0.00            0.00          109.72
WritebackTmp                0.00            0.00            0.00            0.00            0.00
MemTotal                63856.97        64493.11       514048.00       514048.00      1156446.08
MemFree                 45083.98        55831.64       486355.55       514047.91      1101319.09
MemUsed                 18772.98         8661.47        27692.45            0.09        55126.99
Dirty                      24.10            0.05            0.00            0.00           24.16
Writeback                   0.00            0.00            0.00            0.00            0.00
FilePages                 883.60           20.09            3.90            0.00          907.59
AnonPages                8697.91           17.62        27684.82            0.00        36400.34
PageTables                109.77            0.29            0.00            0.00          110.06
WritebackTmp                0.00            0.00            0.00            0.00            0.00
MemTotal                63856.97        64493.11       514048.00       514048.00      1156446.08
MemFree                 45083.21        55830.17       486353.57       514047.91      1101314.86
MemUsed                 18773.75         8662.94        27694.43            0.09        55131.22
Dirty                      23.91            0.04            0.02            0.00           23.97
Writeback                   0.00            0.01            0.00            0.00            0.01
FilePages                 883.33           20.11            3.91            0.00          907.34
AnonPages                8697.33           17.69        27686.69            0.00        36401.71
PageTables                109.72            0.29            0.00            0.00          110.00
WritebackTmp                0.00            0.00            0.00            0.00            0.00
MemTotal                63856.97        64493.11       514048.00       514048.00      1156446.08
MemFree                 45084.54        55830.19       486349.63       514047.91      1101312.26
MemUsed                 18772.43         8662.92        27698.37            0.09        55133.82
Dirty                       0.39            0.06            0.00            0.00            0.45
Writeback                   0.00            0.00            0.00            0.00            0.00
FilePages                 883.38           20.12            3.91            0.00          907.41
AnonPages                8694.88           17.69        27690.53            0.00        36403.10
PageTables                109.96            0.29            0.00            0.00          110.25
WritebackTmp                0.00            0.00            0.00            0.00            0.00
MemTotal                63856.97        64493.11       514048.00       514048.00      1156446.08
MemFree                 45044.67        55830.19       486348.00       514047.91      1101270.77
MemUsed                 18812.30         8662.92        27700.00            0.09        55175.31
Dirty                       0.46            0.01            0.00            0.00            0.48
Writeback                   0.00            0.01            0.00            0.00            0.01
FilePages                 883.85           20.13            3.91            0.00          907.89
AnonPages                8731.91           17.69        27692.42            0.00        36442.02
PageTables                110.00            0.29            0.00            0.00          110.28
WritebackTmp                0.00            0.00            0.00            0.00            0.00
MemTotal                63856.97        64493.11       514048.00       514048.00      1156446.08
MemFree                 44959.89        55830.19       486346.16       514047.91      1101184.14
MemUsed                 18897.08         8662.92        27701.84            0.09        55261.94
Dirty                       0.71            0.06            0.02            0.00            0.79
Writeback                   0.00            0.00            0.00            0.00            0.00
FilePages                 884.87           20.65            3.91            0.00          909.43
AnonPages                8816.98           17.69        27694.29            0.00        36528.96
PageTables                110.02            0.29            0.00            0.00          110.30
WritebackTmp                0.00            0.00            0.00            0.00            0.00
MemTotal                63856.97        64493.11       514048.00       514048.00      1156446.08
MemFree                 44962.27        55830.19       486344.26       514047.91      1101184.62
MemUsed                 18894.70         8662.92        27703.74            0.09        55261.46
Dirty                       0.48            0.09            0.00            0.00            0.57
Writeback                   0.00            0.00            0.00            0.00            0.00
FilePages                 884.63           20.66            3.91            0.00          909.20
AnonPages                8815.74           17.70        27696.07            0.00        36529.50
PageTables                110.41            0.29            0.00            0.00          110.70
WritebackTmp                0.00            0.00            0.00            0.00            0.00
MemTotal                63856.97        64493.11       514048.00       514048.00      1156446.08
MemFree                 44924.03        55830.19       486340.41       514047.91      1101142.53
MemUsed                 18932.94         8662.92        27707.59            0.09        55303.55
Dirty                       0.46            0.04            0.02            0.00            0.52
Writeback                   0.00            0.00            0.00            0.00            0.00
FilePages                 885.18           20.67            3.91            0.00          909.76
AnonPages                8853.34           17.70        27699.85            0.00        36570.88
PageTables                110.00            0.29            0.00            0.00          110.28
WritebackTmp                0.00            0.00            0.00            0.00            0.00
MemTotal                63856.97        64493.11       514048.00       514048.00      1156446.08
MemFree                 44954.43        55830.19       486338.25       514047.91      1101170.77
MemUsed                 18902.54         8662.92        27709.75            0.09        55275.30
Dirty                       0.51            0.07            0.00            0.00            0.58
Writeback                   0.00            0.01            0.00            0.00            0.01
FilePages                 885.21           20.69            3.91            0.00          909.81
AnonPages                8822.40           17.70        27701.82            0.00        36541.91
PageTables                110.10            0.29            0.00            0.00          110.39
WritebackTmp                0.00            0.00            0.00            0.00            0.00
MemTotal                63856.97        64493.11       514048.00       514048.00      1156446.08
MemFree                 44956.26        55829.97       486336.29       514047.91      1101170.43
MemUsed                 18900.71         8663.14        27711.71            0.09        55275.65
Dirty                       0.15            0.01            0.00            0.00            0.17
Writeback                   0.00            0.00            0.00            0.00            0.00
FilePages                 885.14           20.83            3.91            0.00          909.88
AnonPages                8820.16           17.58        27703.74            0.00        36541.48
PageTables                110.21            0.29            0.00            0.00          110.49
WritebackTmp                0.00            0.00            0.00            0.00            0.00
MemTotal                63856.97        64493.11       514048.00       514048.00      1156446.08
MemFree                 44993.54        55829.73       486334.32       514047.91      1101205.49
MemUsed                 18863.43         8663.38        27713.68            0.09        55240.59
Dirty                       0.34            0.11            0.02            0.00            0.46
Writeback                   0.00            0.00            0.00            0.00            0.00
FilePages                 885.64           21.04            3.91            0.00          910.59
AnonPages                8781.78           17.58        27705.53            0.00        36504.89
PageTables                110.19            0.29            0.00            0.00          110.48
WritebackTmp                0.00            0.00            0.00            0.00            0.00
MemTotal                63856.97        64493.11       514048.00       514048.00      1156446.08
MemFree                 44888.64        55829.49       486330.58       514047.91      1101096.62
MemUsed                 18968.33         8663.62        27717.42            0.09        55349.46
Dirty                       0.61            0.07            0.02            0.00            0.70
Writeback                   0.00            0.00            0.00            0.00            0.00
FilePages                 885.93           21.05            3.91            0.00          910.90
AnonPages                8886.59           17.58        27709.31            0.00        36613.48
PageTables                110.23            0.29            0.00            0.00          110.52
WritebackTmp                0.00            0.00            0.00            0.00            0.00
MemTotal                63856.97        64493.11       514048.00       514048.00      1156446.08
MemFree                 44852.93        55829.80       486328.87       514047.91      1101059.50
MemUsed                 19004.04         8663.31        27719.13            0.09        55386.58
Dirty                       0.61            0.09            0.00            0.00            0.70
Writeback                   0.00            0.00            0.00            0.00            0.00
FilePages                 886.21           21.23            3.91            0.00          911.35
AnonPages                8924.43           17.61        27711.27            0.00        36653.31
PageTables                110.36            0.29            0.00            0.00          110.65
WritebackTmp                0.00            0.00            0.00            0.00            0.00
MemTotal                63856.97        64493.11       514048.00       514048.00      1156446.08
MemFree                 44898.54        55829.80       486326.96       514047.91      1101103.21
MemUsed                 18958.43         8663.31        27721.04            0.09        55342.87
Dirty                       0.54            0.07            0.00            0.00            0.61
Writeback                   0.00            0.00            0.00            0.00            0.00
FilePages                 885.89           21.24            3.91            0.00          911.05
AnonPages                8878.34           17.61        27713.13            0.00        36609.07
PageTables                110.11            0.29            0.00            0.00          110.40
WritebackTmp                0.00            0.00            0.00            0.00            0.00
MemTotal                63856.97        64493.11       514048.00       514048.00      1156446.08
MemFree                 44897.43        55829.80       486325.00       514047.91      1101100.13
MemUsed                 18959.54         8663.31        27723.00            0.09        55345.95
Dirty                       0.42            0.05            0.02            0.00            0.48
Writeback                   0.00            0.01            0.00            0.00            0.01
FilePages                 885.90           21.25            3.91            0.00          911.06
AnonPages                8877.75           17.62        27715.00            0.00        36610.37
PageTables                110.63            0.29            0.00            0.00          110.92
WritebackTmp                0.00            0.00            0.00            0.00            0.00
MemTotal                63856.97        64493.11       514048.00       514048.00      1156446.08
MemFree                 44901.55        55829.80       486321.06       514047.91      1101100.32
MemUsed                 18955.41         8663.31        27726.94            0.09        55345.76
Dirty                       0.43            0.07            0.00            0.00            0.49
Writeback                   0.00            0.00            0.00            0.00            0.00
FilePages                 885.90           21.27            3.91            0.00          911.08
AnonPages                8874.85           17.62        27718.78            0.00        36611.25
PageTables                110.74            0.29            0.00            0.00          111.02
WritebackTmp                0.00            0.00            0.00            0.00            0.00
MemTotal                63856.97        64493.11       514048.00       514048.00      1156446.08
MemFree                 44904.07        55829.80       486319.09       514047.91      1101100.87
MemUsed                 18952.89         8663.31        27728.91            0.09        55345.21
Dirty                       0.14            0.05            0.02            0.00            0.21
Writeback                   0.00            0.00            0.00            0.00            0.00
FilePages                 885.90           21.27            3.91            0.00          911.09
AnonPages                8873.57           17.62        27720.65            0.00        36611.84
PageTables                110.70            0.29            0.00            0.00          110.99
WritebackTmp                0.00            0.00            0.00            0.00            0.00
MemTotal                63856.97        64493.11       514048.00       514048.00      1156446.08
MemFree                 44905.43        55829.83       486317.26       514047.91      1101100.42
MemUsed                 18951.54         8663.28        27730.74            0.09        55345.66
Dirty                       0.09            0.05            0.00            0.00            0.14
Writeback                   0.00            0.00            0.00            0.00            0.00
FilePages                 885.90           21.30            3.92            0.00          911.12
AnonPages                8870.89           17.62        27722.61            0.00        36611.12
PageTables                110.24            0.29            0.00            0.00          110.53
WritebackTmp                0.00            0.00            0.00            0.00            0.00
MemTotal                63856.97        64493.11       514048.00       514048.00      1156446.08
MemFree                 44905.61        55829.61       486315.36       514047.91      1101098.48
MemUsed                 18951.36         8663.50        27732.64            0.09        55347.59
Dirty                       0.24            0.09            0.00            0.00            0.33
Writeback                   0.00            0.00            0.00            0.00            0.00
FilePages                 885.90           21.30            3.92            0.00          911.12
AnonPages                8870.00           17.66        27724.48            0.00        36612.14
PageTables                110.72            0.29            0.00            0.00          111.00
WritebackTmp                0.00            0.00            0.00            0.00            0.00
MemTotal                63856.97        64493.11       514048.00       514048.00      1156446.08
MemFree                 44906.98        55829.61       486313.39       514047.91      1101097.89
MemUsed                 18949.99         8663.50        27734.61            0.09        55348.19
Dirty                       0.14            0.06            0.02            0.00            0.22
Writeback                   0.00            0.01            0.00            0.00            0.01
FilePages                 885.90           21.32            3.92            0.00          911.15
AnonPages                8868.89           17.66        27726.40            0.00        36612.96
PageTables                110.43            0.29            0.00            0.00          110.71
WritebackTmp                0.00            0.00            0.00            0.00            0.00
MemTotal                63856.97        64493.11       514048.00       514048.00      1156446.08
MemFree                 44911.82        55829.61       486309.28       514047.91      1101098.61
MemUsed                 18945.15         8663.50        27738.72            0.09        55347.46
Dirty                       0.22            0.09            0.00            0.00            0.31
Writeback                   0.00            0.00            0.00            0.00            0.00
FilePages                 886.15           21.33            3.92            0.00          911.40
AnonPages                8864.19           17.61        27730.21            0.00        36612.01
PageTables                110.21            0.29            0.00            0.00          110.50
WritebackTmp                0.00            0.00            0.00            0.00            0.00
MemTotal                63856.97        64493.11       514048.00       514048.00      1156446.08
MemFree                 44899.16        55829.48       486307.37       514047.91      1101083.92
MemUsed                 18957.80         8663.63        27740.63            0.09        55362.16
Dirty                       0.52            0.07            0.02            0.00            0.61
Writeback                   0.00            0.00            0.00            0.00            0.00
FilePages                 886.41           21.35            3.93            0.00          911.68
AnonPages                8877.22           17.61        27732.13            0.00        36626.96
PageTables                110.43            0.29            0.00            0.00          110.72
WritebackTmp                0.00            0.00            0.00            0.00            0.00
MemTotal                63856.97        64493.11       514048.00       514048.00      1156446.08
MemFree                 44881.16        55829.48       486305.68       514047.91      1101064.22
MemUsed                 18975.81         8663.63        27742.32            0.09        55381.86
Dirty                       0.45            0.06            0.00            0.00            0.51
Writeback                   0.00            0.00            0.00            0.00            0.00
FilePages                 886.66           21.36            3.93            0.00          911.94
AnonPages                8894.20           17.61        27734.00            0.00        36645.81
PageTables                110.66            0.29            0.00            0.00          110.95
WritebackTmp                0.00            0.00            0.00            0.00            0.00
MemTotal                63856.97        64493.11       514048.00       514048.00      1156446.08
MemFree                 44884.25        55829.48       486303.95       514047.91      1101065.59
MemUsed                 18972.72         8663.63        27744.05            0.09        55380.49
Dirty                       0.36            0.05            0.02            0.00            0.43
Writeback                   0.00            0.00            0.00            0.00            0.00
FilePages                 886.41           21.37            3.93            0.00          911.70
AnonPages                8892.18           17.61        27735.88            0.00        36645.66
PageTables                110.70            0.29            0.00            0.00          110.98
WritebackTmp                0.00            0.00            0.00            0.00            0.00
MemTotal                63856.97        64493.11       514048.00       514048.00      1156446.08
MemFree                 44887.31        55829.59       486300.20       514047.91      1101065.01
MemUsed                 18969.66         8663.52        27747.80            0.09        55381.07
Dirty                       0.43            0.09            0.00            0.00            0.52
Writeback                   0.00            0.00            0.00            0.00            0.00
FilePages                 886.41           21.39            3.93            0.00          911.72
AnonPages                8890.00           17.64        27739.69            0.00        36647.33
PageTables                110.46            0.29            0.00            0.00          110.75
WritebackTmp                0.00            0.00            0.00            0.00            0.00
MemTotal                63856.97        64493.11       514048.00       514048.00      1156446.08
MemFree                 44977.43        55829.84       486298.77       514047.91      1101153.94
MemUsed                 18879.54         8663.27        27749.23            0.09        55292.14
Dirty                       0.61            0.00            0.02            0.00            0.63
Writeback                   0.00            0.01            0.00            0.00            0.01
FilePages                 887.71           21.40            3.93            0.00          913.04
AnonPages                8800.27           17.70        27741.59            0.00        36559.55
PageTables                110.41            0.29            0.00            0.00          110.70
WritebackTmp                0.00            0.00            0.00            0.00            0.00
MemTotal                63856.97        64493.11       514048.00       514048.00      1156446.08
MemFree                 44942.74        55829.84       486296.96       514047.91      1101117.44
MemUsed                 18914.23         8663.27        27751.04            0.09        55328.64
Dirty                       0.84            0.10            0.00            0.00            0.93
Writeback                   0.00            0.00            0.00            0.00            0.00
FilePages                 888.47           21.42            3.94            0.00          913.82
AnonPages                8832.85           17.70        27743.46            0.00        36594.01
PageTables                110.41            0.29            0.00            0.00          110.69
WritebackTmp                0.00            0.00            0.00            0.00            0.00
MemTotal                63856.97        64493.11       514048.00       514048.00      1156446.08
MemFree                 44836.27        55829.87       486295.07       514047.91      1101009.11
MemUsed                 19020.70         8663.24        27752.93            0.09        55436.96
Dirty                       0.61            0.06            0.02            0.00            0.68
Writeback                   0.00            0.00            0.00            0.00            0.00
FilePages                 898.55           21.43            3.94            0.00          923.91
AnonPages                8931.93           17.55        27745.29            0.00        36694.77
PageTables                111.40            0.29            0.00            0.00          111.69
WritebackTmp                0.00            0.00            0.00            0.00            0.00
MemTotal                63856.97        64493.11       514048.00       514048.00      1156446.08
MemFree                 44829.80        55830.02       486291.26       514047.91      1100998.98
MemUsed                 19027.16         8663.09        27756.74            0.09        55447.09
Dirty                       0.41            0.05            0.00            0.00            0.47
Writeback                   0.00            0.00            0.00            0.00            0.00
FilePages                 898.85           21.44            3.94            0.00          924.23
AnonPages                8936.63           17.55        27749.07            0.00        36703.25
PageTables                110.94            0.29            0.00            0.00          111.23
WritebackTmp                0.00            0.00            0.00            0.00            0.00
MemTotal                63856.97        64493.11       514048.00       514048.00      1156446.08
MemFree                 44805.62        55830.02       486289.30       514047.91      1100972.85
MemUsed                 19051.34         8663.09        27758.70            0.09        55473.23
Dirty                       0.58            0.05            0.02            0.00            0.64
Writeback                   0.00            0.00            0.00            0.00            0.00
FilePages                 900.07           21.46            3.94            0.00          925.47
AnonPages                8959.62           17.55        27751.02            0.00        36728.19
PageTables                110.43            0.29            0.00            0.00          110.72
WritebackTmp                0.00            0.00            0.00            0.00            0.00
MemTotal                63856.97        64493.11       514048.00       514048.00      1156446.08
MemFree                 44751.47        55830.05       486287.80       514047.91      1100917.23
MemUsed                 19105.50         8663.06        27760.20            0.09        55528.85
Dirty                       0.30            0.07            0.00            0.00            0.37
Writeback                   0.00            0.00            0.00            0.00            0.00
FilePages                 900.08           21.47            3.94            0.00          925.50
AnonPages                9015.45           17.55        27752.98            0.00        36785.98
PageTables                110.88            0.29            0.00            0.00          111.17
WritebackTmp                0.00            0.00            0.00            0.00            0.00
MemTotal                63856.97        64493.11       514048.00       514048.00      1156446.08
MemFree                 44750.02        55830.08       486285.84       514047.91      1100913.84
MemUsed                 19106.95         8663.03        27762.16            0.09        55532.23
Dirty                       0.18            0.02            0.02            0.00            0.21
Writeback                   0.00            0.01            0.00            0.00            0.01
FilePages                 900.52           21.49            3.94            0.00          925.95
AnonPages                9014.87           17.55        27754.79            0.00        36787.21
PageTables                111.20            0.29            0.00            0.00          111.49
WritebackTmp                0.00            0.00            0.00            0.00            0.00
MemTotal                63856.97        64493.11       514048.00       514048.00      1156446.08
MemFree                 44754.60        55830.08       486281.97       514047.91      1100914.55
MemUsed                 19102.37         8663.03        27766.03            0.09        55531.52
Dirty                       0.31            0.07            0.00            0.00            0.39
Writeback                   0.00            0.00            0.00            0.00            0.00
FilePages                 900.52           21.50            3.94            0.00          925.96
AnonPages                9010.41           17.55        27758.72            0.00        36786.69
PageTables                110.89            0.29            0.00            0.00          111.18
WritebackTmp                0.00            0.00            0.00            0.00            0.00
MemTotal                63856.97        64493.11       514048.00       514048.00      1156446.08
MemFree                 44803.84        55830.08       486279.76       514047.91      1100961.58
MemUsed                 19053.13         8663.03        27768.24            0.09        55484.50
Dirty                       0.38            0.10            0.02            0.00            0.50
Writeback                   0.00            0.00            0.00            0.00            0.00
FilePages                 900.52           21.52            3.94            0.00          925.98
AnonPages                8959.84           17.55        27760.64            0.00        36738.03
PageTables                110.66            0.29            0.00            0.00          110.95
WritebackTmp                0.00            0.00            0.00            0.00            0.00
MemTotal                63856.97        64493.11       514048.00       514048.00      1156446.08
MemFree                 44804.22        55830.08       486278.04       514047.91      1100960.24
MemUsed                 19052.75         8663.03        27769.96            0.09        55485.84
Dirty                       0.23            0.06            0.00            0.00            0.30
Writeback                   0.00            0.00            0.00            0.00            0.00
FilePages                 900.52           21.53            3.94            0.00          925.99
AnonPages                8958.75           17.55        27762.57            0.00        36738.88
PageTables                110.98            0.29            0.00            0.00          111.26
WritebackTmp                0.00            0.00            0.00            0.00            0.00
MemTotal                63856.97        64493.11       514048.00       514048.00      1156446.08
MemFree                 44807.29        55830.08       486276.08       514047.91      1100961.35
MemUsed                 19049.68         8663.03        27771.92            0.09        55484.73
Dirty                       0.18            0.05            0.02            0.00            0.26
Writeback                   0.00            0.00            0.00            0.00            0.00
FilePages                 900.52           21.55            3.95            0.00          926.01
AnonPages                8955.70           17.55        27764.44            0.00        36737.69
PageTables                110.82            0.29            0.00            0.00          111.11
WritebackTmp                0.00            0.00            0.00            0.00            0.00
MemTotal                63856.97        64493.11       514048.00       514048.00      1156446.08
MemFree                 44812.36        55830.08       486272.16       514047.91      1100962.50
MemUsed                 19044.61         8663.03        27775.84            0.09        55483.57
Dirty                       0.09            0.05            0.00            0.00            0.14
Writeback                   0.00            0.00            0.00            0.00            0.00
FilePages                 900.52           21.55            3.95            0.00          926.02
AnonPages                8952.16           17.55        27768.32            0.00        36738.04
PageTables                110.38            0.29            0.00            0.00          110.66
WritebackTmp                0.00            0.00            0.00            0.00            0.00
MemTotal                63856.97        64493.11       514048.00       514048.00      1156446.08
MemFree                 44814.22        55830.08       486270.43       514047.91      1100962.64
MemUsed                 19042.75         8663.03        27777.57            0.09        55483.44
Dirty                       0.03            0.02            0.02            0.00            0.06
Writeback                   0.00            0.03            0.00            0.00            0.03
FilePages                 900.52           21.57            3.95            0.00          926.04
AnonPages                8950.09           17.55        27770.21            0.00        36737.86
PageTables                110.55            0.29            0.00            0.00          110.84
WritebackTmp                0.00            0.00            0.00            0.00            0.00
MemTotal                63856.97        64493.11       514048.00       514048.00      1156446.08
MemFree                 44814.10        55830.08       486268.65       514047.91      1100960.73
MemUsed                 19042.87         8663.03        27779.35            0.09        55485.34
Dirty                       0.20            0.07            0.00            0.00            0.27
Writeback                   0.00            0.00            0.00            0.00            0.00
FilePages                 900.52           21.59            3.95            0.00          926.05
AnonPages                8949.32           17.55        27772.08            0.00        36738.95
PageTables                110.56            0.29            0.00            0.00          110.84
WritebackTmp                0.00            0.00            0.00            0.00            0.00
MemTotal                63856.97        64493.11       514048.00       514048.00      1156446.08
MemFree                 44817.71        55829.83       486266.56       514047.91      1100962.00
MemUsed                 19039.26         8663.28        27781.44            0.09        55484.07
Dirty                       0.20            0.07            0.02            0.00            0.29
Writeback                   0.00            0.00            0.00            0.00            0.00
FilePages                 900.77           21.78            3.95            0.00          926.50
AnonPages                8947.12           17.55        27774.02            0.00        36738.69
PageTables                110.70            0.29            0.00            0.00          110.98
WritebackTmp                0.00            0.00            0.00            0.00            0.00
MemTotal                63856.97        64493.11       514048.00       514048.00      1156446.08
MemFree                 44778.41        55829.83       486262.68       514047.91      1100918.84
MemUsed                 19078.55         8663.28        27785.32            0.09        55527.24
Dirty                       0.46            0.09            0.00            0.00            0.55
Writeback                   0.00            0.00            0.00            0.00            0.00
FilePages                 900.98           21.79            3.95            0.00          926.73
AnonPages                8985.30           17.55        27777.88            0.00        36780.73
PageTables                110.38            0.29            0.00            0.00          110.67
WritebackTmp                0.00            0.00            0.00            0.00            0.00
MemTotal                63856.97        64493.11       514048.00       514048.00      1156446.08
MemFree                 44744.79        55829.83       486260.95       514047.91      1100883.47
MemUsed                 19112.18         8663.28        27787.05            0.09        55562.61
Dirty                       0.15            0.05            0.02            0.00            0.21
Writeback                   0.00            0.00            0.00            0.00            0.00
FilePages                 901.28           21.80            3.95            0.00          927.04
AnonPages                9019.79           17.55        27779.79            0.00        36817.13
PageTables                110.53            0.29            0.00            0.00          110.81
WritebackTmp                0.00            0.00            0.00            0.00            0.00
MemTotal                63856.97        64493.11       514048.00       514048.00      1156446.08
MemFree                 44789.86        55829.92       486259.05       514047.91      1100926.73
MemUsed                 19067.11         8663.19        27788.95            0.09        55519.34
Dirty                       0.18            0.05            0.00            0.00            0.23
Writeback                   0.01            0.00            0.00            0.00            0.01
FilePages                 901.81           21.82            3.95            0.00          927.58
AnonPages                8973.97           17.66        27781.66            0.00        36773.29
PageTables                110.53            0.29            0.00            0.00          110.82
WritebackTmp                0.00            0.00            0.00            0.00            0.00
MemTotal                63856.97        64493.11       514048.00       514048.00      1156446.08
MemFree                 44784.16        55829.92       486257.39       514047.91      1100919.38
MemUsed                 19072.81         8663.19        27790.61            0.09        55526.70
Dirty                       0.09            0.00            0.02            0.00            0.10
Writeback                   0.00            0.01            0.00            0.00            0.01
FilePages                 902.59           21.83            3.95            0.00          928.37
AnonPages                8979.07           17.67        27783.57            0.00        36780.31
PageTables                110.52            0.29            0.00            0.00          110.81
WritebackTmp                0.00            0.00            0.00            0.00            0.00
MemTotal                63856.97        64493.11       514048.00       514048.00      1156446.08
MemFree                 44847.54        55829.70       486253.47       514047.91      1100978.61
MemUsed                 19009.43         8663.41        27794.53            0.09        55467.46
Dirty                       0.16            0.08            0.00            0.00            0.24
Writeback                   0.01            0.00            0.00            0.00            0.01
FilePages                 903.37           21.85            3.95            0.00          929.18
AnonPages                8913.47           17.67        27787.44            0.00        36718.58
PageTables                110.50            0.29            0.00            0.00          110.78
WritebackTmp                0.00            0.00            0.00            0.00            0.00
MemTotal                63856.97        64493.11       514048.00       514048.00      1156446.08
MemFree                 44817.29        55829.70       486251.32       514047.91      1100946.21
MemUsed                 19039.68         8663.41        27796.68            0.09        55499.86
Dirty                       0.00            0.02            0.02            0.00            0.03
Writeback                   0.04            0.04            0.00            0.00            0.07
FilePages                 903.38           21.87            3.95            0.00          929.20
AnonPages                8941.88           17.67        27789.32            0.00        36748.87
PageTables                110.68            0.29            0.00            0.00          110.96
WritebackTmp                0.00            0.00            0.00            0.00            0.00
MemTotal                63856.97        64493.11       514048.00       514048.00      1156446.08
MemFree                 44853.25        55829.70       486249.35       514047.91      1100980.21
MemUsed                 19003.72         8663.41        27798.65            0.09        55465.87
Dirty                       0.23            0.06            0.00            0.00            0.29
Writeback                   0.00            0.00            0.00            0.00            0.00
FilePages                 903.29           21.88            3.96            0.00          929.12
AnonPages                8906.70           17.67        27791.22            0.00        36715.59
PageTables                110.63            0.29            0.00            0.00          110.91
WritebackTmp                0.00            0.00            0.00            0.00            0.00
MemTotal                63856.97        64493.11       514048.00       514048.00      1156446.08
MemFree                 44853.56        55829.70       486247.48       514047.91      1100978.65
MemUsed                 19003.41         8663.41        27800.52            0.09        55467.43
Dirty                       0.16            0.07            0.02            0.00            0.25
Writeback                   0.00            0.00            0.00            0.00            0.00
FilePages                 903.29           21.96            3.96            0.00          929.21
AnonPages                8905.20           17.67        27793.10            0.00        36715.98
PageTables                110.64            0.29            0.00            0.00          110.92
WritebackTmp                0.00            0.00            0.00            0.00            0.00
MemTotal                63856.97        64493.11       514048.00       514048.00      1156446.08
MemFree                 44853.03        55829.70       486245.52       514047.91      1100976.16
MemUsed                 19003.94         8663.41        27802.48            0.09        55469.92
Dirty                       0.14            0.05            0.00            0.00            0.19
Writeback                   0.00            0.00            0.00            0.00            0.00
FilePages                 906.95           22.11            3.96            0.00          933.01
AnonPages                8903.66           17.68        27794.95            0.00        36716.28
PageTables                110.54            0.29            0.00            0.00          110.83
WritebackTmp                0.00            0.00            0.00            0.00            0.00
MemTotal                63856.97        64493.11       514048.00       514048.00      1156446.08
MemFree                 44855.81        55829.46       486241.58       514047.91      1100974.75
MemUsed                 19001.16         8663.65        27806.42            0.09        55471.33
Dirty                       0.12            0.06            0.02            0.00            0.20
Writeback                   0.00            0.00            0.00            0.00            0.00
FilePages                 907.70           22.12            3.96            0.00          933.78
AnonPages                8899.70           17.70        27798.92            0.00        36716.33
PageTables                110.57            0.29            0.00            0.00          110.85
WritebackTmp                0.00            0.00            0.00            0.00            0.00
MemTotal                63856.97        64493.11       514048.00       514048.00      1156446.08
MemFree                 44857.07        55829.21       486239.61       514047.91      1100973.79
MemUsed                 18999.90         8663.90        27808.39            0.09        55472.29
Dirty                       0.07            0.01            0.00            0.00            0.07
Writeback                   0.00            0.00            0.00            0.00            0.00
FilePages                 907.70           22.13            3.96            0.00          933.79
AnonPages                8898.96           17.70        27800.82            0.00        36717.49
PageTables                110.88            0.29            0.00            0.00          111.16
WritebackTmp                0.00            0.00            0.00            0.00            0.00
MemTotal                63856.97        64493.11       514048.00       514048.00      1156446.08
MemFree                 44859.74        55829.21       486237.65       514047.91      1100974.51
MemUsed                 18997.23         8663.90        27810.35            0.09        55471.57
Dirty                       0.27            0.11            0.02            0.00            0.39
Writeback                   0.00            0.00            0.00            0.00            0.00
FilePages                 908.21           22.14            3.96            0.00          934.32
AnonPages                8895.76           17.77        27802.71            0.00        36716.24
PageTables                110.57            0.29            0.00            0.00          110.85
WritebackTmp                0.00            0.00            0.00            0.00            0.00
MemTotal                63856.97        64493.11       514048.00       514048.00      1156446.08
MemFree                 44850.01        55828.48       486236.04       514047.91      1100962.43
MemUsed                 19006.96         8664.63        27811.96            0.09        55483.65
Dirty                       0.18            0.08            0.00            0.00            0.25
Writeback                   0.00            0.00            0.00            0.00            0.00
FilePages                 909.57           22.15            3.96            0.00          935.69
AnonPages                8904.11           18.27        27804.61            0.00        36726.98
PageTables                110.86            0.29            0.00            0.00          111.15
WritebackTmp                0.00            0.00            0.00            0.00            0.00
MemTotal                63856.97        64493.11       514048.00       514048.00      1156446.08
MemFree                 44852.10        55828.26       486234.07       514047.91      1100962.34
MemUsed                 19004.87         8664.85        27813.93            0.09        55483.74
Dirty                       0.29            0.09            0.03            0.00            0.41
Writeback                   0.00            0.00            0.00            0.00            0.00
FilePages                 909.61           22.18            3.96            0.00          935.76
AnonPages                8901.51           18.27        27806.52            0.00        36726.30
PageTables                110.82            0.29            0.00            0.00          111.11
WritebackTmp                0.00            0.00            0.00            0.00            0.00
MemTotal                63856.97        64493.11       514048.00       514048.00      1156446.08
MemFree                 44849.76        55828.04       486234.08       514047.91      1100959.78
MemUsed                 19007.21         8665.07        27813.92            0.09        55486.30
Dirty                       0.10            0.06            0.00            0.00            0.16
Writeback                   0.07            0.01            0.00            0.00            0.08
FilePages                 909.82           22.19            3.96            0.00          935.97
AnonPages                8901.44           18.27        27806.43            0.00        36726.14
PageTables                110.68            0.29            0.00            0.00          110.97
WritebackTmp                0.00            0.00            0.00            0.00            0.00
MemTotal                63856.97        64493.11       514048.00       514048.00      1156446.08
MemFree                 44847.80        55828.04       486234.13       514047.91      1100957.88
MemUsed                 19009.17         8665.07        27813.87            0.09        55488.20
Dirty                       0.10            0.05            0.01            0.00            0.16
Writeback                   0.00            0.00            0.00            0.00            0.00
FilePages                 909.82           22.20            3.96            0.00          935.98
AnonPages                8904.02           18.27        27806.43            0.00        36728.72
PageTables                110.76            0.29            0.00            0.00          111.04
WritebackTmp                0.00            0.00            0.00            0.00            0.00
MemTotal                63856.97        64493.11       514048.00       514048.00      1156446.08
MemFree                 44847.07        55828.04       486234.25       514047.91      1100957.26
MemUsed                 19009.90         8665.07        27813.75            0.09        55488.82
Dirty                       0.00            0.02            0.00            0.00            0.02
Writeback                   0.03            0.05            0.00            0.00            0.08
FilePages                 909.82           22.23            3.96            0.00          936.01
AnonPages                8904.10           18.27        27806.43            0.00        36728.80
PageTables                110.91            0.29            0.00            0.00          111.19
WritebackTmp                0.00            0.00            0.00            0.00            0.00
MemTotal                63856.97        64493.11       514048.00       514048.00      1156446.08
MemFree                 44847.59        55828.04       486234.25       514047.91      1100957.78
MemUsed                 19009.38         8665.07        27813.75            0.09        55488.30
Dirty                       0.29            0.12            0.01            0.00            0.42
Writeback                   0.00            0.00            0.00            0.00            0.00
FilePages                 909.87           22.25            3.96            0.00          936.07
AnonPages                8905.58           18.27        27806.43            0.00        36730.28
PageTables                111.76            0.29            0.00            0.00          112.05
WritebackTmp                0.00            0.00            0.00            0.00            0.00
