MemTotal                63856.97        64493.11       514048.00       514048.00      1156446.08
MemFree                 54006.36        55464.75       514047.97       514047.97      1137567.05
MemUsed                  9850.61         9028.36            0.03            0.03        18879.02
Dirty                       0.10            0.05            0.00            0.00            0.16
Writeback                   0.00            0.00            0.00            0.00            0.00
FilePages                 313.30          120.72            0.00            0.00          434.02
AnonPages                 545.30          239.58            0.00            0.00          784.88
PageTables                 31.16            7.54            0.00            0.00           38.69
WritebackTmp                0.00            0.00            0.00            0.00            0.00
MemTotal                63856.97        64493.11       514048.00       514048.00      1156446.08
MemFree                 48857.99        55460.73       513012.28       514047.97      1131378.97
MemUsed                 14998.98         9032.38         1035.72            0.03        25067.11
Dirty                       0.26            0.07            0.01            0.00            0.34
Writeback                   0.00            0.00            0.00            0.00            0.00
FilePages                 311.88          121.11            2.04            0.00          435.03
AnonPages                5664.37          239.66         1030.15            0.00         6934.18
PageTables                 42.81            7.54            0.00            0.00           50.34
WritebackTmp                0.00            0.00            0.00            0.00            0.00
MemTotal                63856.97        64493.11       514048.00       514048.00      1156446.08
MemFree                 48849.96        55460.84       509682.37       514047.97      1128041.14
MemUsed                 15007.01         9032.27         4365.63            0.03        28404.94
Dirty                       0.23            0.07            0.02            0.00            0.32
Writeback                   0.00            0.00            0.00            0.00            0.00
FilePages                 310.98          121.11            2.95            0.00          435.04
AnonPages                5662.98          239.74         4358.59            0.00        10261.31
PageTables                 49.54            7.54            0.00            0.00           57.08
WritebackTmp                0.00            0.00            0.00            0.00            0.00
MemTotal                63856.97        64493.11       514048.00       514048.00      1156446.08
MemFree                 48836.54        55460.84       506481.05       514047.97      1124826.41
MemUsed                 15020.43         9032.27         7566.95            0.03        31619.67
Dirty                       0.28            0.07            0.00            0.00            0.36
Writeback                   0.00            0.00            0.00            0.00            0.00
FilePages                 310.97          121.11            2.96            0.00          435.05
AnonPages                5664.32          239.81         7558.71            0.00        13462.84
PageTables                 56.97            7.54            0.00            0.00           64.51
WritebackTmp                0.00            0.00            0.00            0.00            0.00
MemTotal                63856.97        64493.11       514048.00       514048.00      1156446.08
MemFree                 48819.95        55459.61       503281.84       514047.97      1121609.37
MemUsed                 15037.02         9033.50        10766.16            0.03        34836.71
Dirty                       0.24            0.07            0.02            0.00            0.33
Writeback                   0.00            0.00            0.00            0.00            0.00
FilePages                 311.12          122.51            2.96            0.00          436.59
AnonPages                5666.86          239.91        10758.71            0.00        16665.48
PageTables                 62.11            7.54            0.00            0.00           69.65
WritebackTmp                0.00            0.00            0.00            0.00            0.00
MemTotal                63856.97        64493.11       514048.00       514048.00      1156446.08
MemFree                 48807.50        55459.38       500209.84       514047.97      1118524.69
MemUsed                 15049.47         9033.73        13838.16            0.03        37921.39
Dirty                       0.27            0.07            0.00            0.00            0.34
Writeback                   0.00            0.00            0.00            0.00            0.00
FilePages                 311.12          122.51            2.97            0.00          436.60
AnonPages                5666.73          239.97        13830.71            0.00        19737.41
PageTables                 67.77            7.54            0.00            0.00           75.30
WritebackTmp                0.00            0.00            0.00            0.00            0.00
MemTotal                63856.97        64493.11       514048.00       514048.00      1156446.08
MemFree                 48791.55        55459.68       496881.84       514047.97      1115181.03
MemUsed                 15065.42         9033.43        17166.16            0.03        41265.05
Dirty                       0.07            0.05            0.02            0.00            0.14
Writeback                   0.00            0.00            0.00            0.00            0.00
FilePages                 311.14          122.51            2.97            0.00          436.62
AnonPages                5668.21          240.04        17158.71            0.00        23066.97
PageTables                 74.63            7.54            0.00            0.00           82.16
WritebackTmp                0.00            0.00            0.00            0.00            0.00
MemTotal                63856.97        64493.11       514048.00       514048.00      1156446.08
MemFree                 48781.53        55459.63       494067.84       514047.97      1112356.97
MemUsed                 15075.44         9033.48        19980.16            0.03        44089.11
Dirty                       0.14            0.06            0.00            0.00            0.20
Writeback                   0.00            0.00            0.00            0.00            0.00
FilePages                 311.15          122.51            2.97            0.00          436.63
AnonPages                5666.65          240.11        19970.71            0.00        25877.48
PageTables                 80.02            7.54            0.00            0.00           87.55
WritebackTmp                0.00            0.00            0.00            0.00            0.00
MemTotal                63856.97        64493.11       514048.00       514048.00      1156446.08
MemFree                 48773.65        55459.88       491579.84       514047.97      1109861.34
MemUsed                 15083.32         9033.23        22468.16            0.03        46584.74
Dirty                       0.09            0.06            0.00            0.00            0.16
Writeback                   0.00            0.00            0.02            0.00            0.02
FilePages                 311.16          122.51            2.97            0.00          436.64
AnonPages                5667.65          240.18        22456.71            0.00        28364.55
PageTables                 85.11            7.54            0.00            0.00           92.64
WritebackTmp                0.00            0.00            0.00            0.00            0.00
MemTotal                63856.97        64493.11       514048.00       514048.00      1156446.08
MemFree                 48762.26        55460.12       488687.35       514047.97      1106957.71
MemUsed                 15094.71         9032.98        25360.65            0.03        49488.37
Dirty                       0.14            0.06            0.02            0.00            0.22
Writeback                   0.00            0.00            0.00            0.00            0.00
FilePages                 311.17          122.51            2.97            0.00          436.65
AnonPages                5666.38          240.24        25351.04            0.00        31257.66
PageTables                 90.78            7.54            0.00            0.00           98.31
WritebackTmp                0.00            0.00            0.00            0.00            0.00
MemTotal                63856.97        64493.11       514048.00       514048.00      1156446.08
MemFree                 48751.52        55459.91       486385.63       514047.97      1104645.02
MemUsed                 15105.45         9033.20        27662.37            0.03        51801.05
Dirty                       0.10            0.05            0.00            0.00            0.16
Writeback                   0.00            0.00            0.00            0.00            0.00
FilePages                 311.19          122.52            2.97            0.00          436.68
AnonPages                5669.36          239.30        27654.84            0.00        33563.50
PageTables                 95.07            7.54            0.00            0.00          102.61
WritebackTmp                0.00            0.00            0.00            0.00            0.00
MemTotal                63856.97        64493.11       514048.00       514048.00      1156446.08
MemFree                 48754.69        55459.72       486381.86       514047.97      1104644.24
MemUsed                 15102.28         9033.39        27666.14            0.03        51801.84
Dirty                       0.16            0.06            0.02            0.00            0.24
Writeback                   0.00            0.00            0.00            0.00            0.00
FilePages                 311.20          122.52            2.97            0.00          436.70
AnonPages                5664.59          239.37        27658.84            0.00        33562.80
PageTables                 95.32            7.54            0.00            0.00          102.85
WritebackTmp                0.00            0.00            0.00            0.00            0.00
MemTotal                63856.97        64493.11       514048.00       514048.00      1156446.08
MemFree                 48756.61        55459.97       486373.86       514047.97      1104638.41
MemUsed                 15100.36         9033.14        27674.14            0.03        51807.66
Dirty                       0.11            0.05            0.00            0.00            0.16
Writeback                   0.00            0.00            0.00            0.00            0.00
FilePages                 311.34          122.52            2.97            0.00          436.84
AnonPages                5660.64          239.43        27664.84            0.00        33564.90
PageTables                 95.74            7.54            0.00            0.00          103.28
WritebackTmp                0.00            0.00            0.00            0.00            0.00
MemTotal                63856.97        64493.11       514048.00       514048.00      1156446.08
MemFree                 48756.51        55458.27       486369.86       514047.97      1104632.61
MemUsed                 15100.46         9034.84        27678.14            0.03        51813.46
Dirty                       0.10            0.03            0.02            0.00            0.14
Writeback                   0.00            0.00            0.00            0.00            0.00
FilePages                 312.02          123.64            2.97            0.00          438.64
AnonPages                5656.81          240.61        27668.84            0.00        33566.25
PageTables                 95.34            7.57            0.00            0.00          102.91
WritebackTmp                0.00            0.00            0.00            0.00            0.00
MemTotal                63856.97        64493.11       514048.00       514048.00      1156446.08
MemFree                 48757.40        55458.30       486367.86       514047.97      1104631.53
MemUsed                 15099.57         9034.81        27680.14            0.03        51814.55
Dirty                       0.10            0.05            0.00            0.00            0.15
Writeback                   0.00            0.00            0.00            0.00            0.00
FilePages                 315.82          124.38            2.97            0.00          443.16
AnonPages                5654.03          240.00        27672.84            0.00        33566.87
PageTables                 95.41            7.57            0.00            0.00          102.98
WritebackTmp                0.00            0.00            0.00            0.00            0.00
MemTotal                63856.97        64493.11       514048.00       514048.00      1156446.08
MemFree                 48759.02        55457.21       486359.62       514047.94      1104623.79
MemUsed                 15097.95         9035.89        27688.38            0.06        51822.29
Dirty                       0.26            0.06            0.02            0.00            0.34
Writeback                   0.00            0.00            0.00            0.00            0.00
FilePages                 318.88          124.38            2.98            0.00          446.23
AnonPages                5648.57          240.09        27678.84            0.00        33567.49
PageTables                 95.49            7.57            0.00            0.00          103.05
WritebackTmp                0.00            0.00            0.00            0.00            0.00
MemTotal                63856.97        64493.11       514048.00       514048.00      1156446.08
MemFree                 48758.76        55456.97       486355.62       514047.94      1104619.28
MemUsed                 15098.21         9036.14        27692.38            0.06        51826.80
Dirty                       0.22            0.06            0.01            0.00            0.29
Writeback                   0.00            0.00            0.00            0.00            0.00
FilePages                 318.88          124.55            2.98            0.00          446.41
AnonPages                5647.54          240.32        27682.84            0.00        33570.69
PageTables                 95.44            7.57            0.00            0.00          103.00
WritebackTmp                0.00            0.00            0.00            0.00            0.00
MemTotal                63856.97        64493.11       514048.00       514048.00      1156446.08
MemFree                 48765.04        55456.97       486349.62       514047.94      1104619.57
MemUsed                 15091.93         9036.14        27698.38            0.06        51826.51
Dirty                       0.26            0.06            0.02            0.00            0.34
Writeback                   0.00            0.00            0.00            0.00            0.00
FilePages                 318.89          124.55            2.98            0.00          446.41
AnonPages                5641.30          240.39        27688.84            0.00        33570.53
PageTables                 95.82            7.57            0.00            0.00          103.38
WritebackTmp                0.00            0.00            0.00            0.00            0.00
MemTotal                63856.97        64493.11       514048.00       514048.00      1156446.08
MemFree                 48768.05        55457.71       486345.62       514047.94      1104619.31
MemUsed                 15088.92         9035.40        27702.38            0.06        51826.77
Dirty                       0.24            0.06            0.00            0.00            0.30
Writeback                   0.00            0.00            0.00            0.00            0.00
FilePages                 318.90          124.55            2.98            0.00          446.43
AnonPages                5639.61          239.48        27692.84            0.00        33571.93
PageTables                 95.49            7.57            0.00            0.00          103.06
WritebackTmp                0.00            0.00            0.00            0.00            0.00
MemTotal                63856.97        64493.11       514048.00       514048.00      1156446.08
MemFree                 48775.79        55457.71       486341.38       514047.94      1104622.80
MemUsed                 15081.18         9035.40        27706.62            0.06        51823.27
Dirty                       0.09            0.01            0.02            0.00            0.12
Writeback                   0.00            0.00            0.00            0.00            0.00
FilePages                 318.91          124.55            2.98            0.00          446.43
AnonPages                5632.93          239.57        27698.84            0.00        33571.33
PageTables                 95.48            7.57            0.00            0.00          103.05
WritebackTmp                0.00            0.00            0.00            0.00            0.00
MemTotal                63856.97        64493.11       514048.00       514048.00      1156446.08
MemFree                 48780.42        55457.95       486337.38       514047.94      1104623.68
MemUsed                 15076.55         9035.16        27710.62            0.06        51822.39
Dirty                       0.01            0.00            0.00            0.00            0.01
Writeback                   0.00            0.00            0.00            0.00            0.00
FilePages                 318.92          124.55            2.98            0.00          446.45
AnonPages                5627.43          239.64        27702.84            0.00        33569.90
PageTables                 95.65            7.57            0.00            0.00          103.22
WritebackTmp                0.00            0.00            0.00            0.00            0.00
MemTotal                63856.97        64493.11       514048.00       514048.00      1156446.08
MemFree                 48784.14        55457.95       486329.38       514047.94      1104619.41
MemUsed                 15072.82         9035.16        27718.62            0.06        51826.67
Dirty                       0.05            0.01            0.02            0.00            0.07
Writeback                   0.00            0.00            0.00            0.00            0.00
FilePages                 318.93          124.55            2.98            0.00          446.45
AnonPages                5621.58          239.71        27708.84            0.00        33570.12
PageTables                 95.57            7.57            0.00            0.00          103.13
WritebackTmp                0.00            0.00            0.00            0.00            0.00
MemTotal                63856.97        64493.11       514048.00       514048.00      1156446.08
MemFree                 48787.08        55457.95       486325.38       514047.94      1104618.35
MemUsed                 15069.89         9035.16        27722.62            0.06        51827.73
Dirty                       0.00            0.00            0.01            0.00            0.01
Writeback                   0.00            0.00            0.00            0.00            0.00
FilePages                 318.93          124.55            2.98            0.00          446.46
AnonPages                5620.45          239.79        27712.84            0.00        33573.07
PageTables                 95.50            7.57            0.00            0.00          103.06
WritebackTmp                0.00            0.00            0.00            0.00            0.00
MemTotal                63856.97        64493.11       514048.00       514048.00      1156446.08
MemFree                 48794.00        55457.95       486321.38       514047.94      1104621.27
MemUsed                 15062.96         9035.16        27726.62            0.06        51824.81
Dirty                       0.05            0.01            0.02            0.00            0.07
Writeback                   0.00            0.00            0.00            0.00            0.00
FilePages                 318.94          124.55            2.98            0.00          446.47
AnonPages                5614.66          239.85        27718.84            0.00        33573.34
PageTables                 95.66            7.57            0.00            0.00          103.23
WritebackTmp                0.00            0.00            0.00            0.00            0.00
MemTotal                63856.97        64493.11       514048.00       514048.00      1156446.08
MemFree                 48797.46        55457.49       486317.38       514047.94      1104620.26
MemUsed                 15059.51         9035.62        27730.62            0.06        51825.82
Dirty                       0.07            0.05            0.00            0.00            0.13
Writeback                   0.00            0.00            0.00            0.00            0.00
FilePages                 318.95          124.55            2.98            0.00          446.48
AnonPages                5610.05          239.93        27722.84            0.00        33572.82
PageTables                 95.65            7.57            0.00            0.00          103.22
WritebackTmp                0.00            0.00            0.00            0.00            0.00
MemTotal                63856.97        64493.11       514048.00       514048.00      1156446.08
MemFree                 48800.75        55457.49       486309.38       514047.94      1104615.55
MemUsed                 15056.22         9035.62        27738.62            0.06        51830.53
Dirty                       0.04            0.00            0.02            0.00            0.06
Writeback                   0.00            0.00            0.00            0.00            0.00
FilePages                 318.96          124.55            2.98            0.00          446.49
AnonPages                5604.85          240.00        27728.84            0.00        33573.69
PageTables                 95.54            7.57            0.00            0.00          103.11
WritebackTmp                0.00            0.00            0.00            0.00            0.00
MemTotal                63856.97        64493.11       514048.00       514048.00      1156446.08
MemFree                 48804.15        55457.73       486305.38       514047.94      1104615.20
MemUsed                 15052.82         9035.38        27742.62            0.06        51830.88
Dirty                       0.07            0.05            0.01            0.00            0.14
Writeback                   0.00            0.00            0.00            0.00            0.00
FilePages                 318.96          124.55            2.99            0.00          446.50
AnonPages                5602.38          240.06        27732.84            0.00        33575.27
PageTables                 95.50            7.57            0.00            0.00          103.07
WritebackTmp                0.00            0.00            0.00            0.00            0.00
MemTotal                63856.97        64493.11       514048.00       514048.00      1156446.08
MemFree                 48807.63        55457.98       486301.61       514047.94      1104615.16
MemUsed                 15049.34         9035.13        27746.39            0.06        51830.92
Dirty                       0.04            0.01            0.02            0.00            0.06
Writeback                   0.00            0.00            0.00            0.00            0.00
FilePages                 318.97          124.55            2.99            0.00          446.51
AnonPages                5598.38          240.19        27738.84            0.00        33577.40
PageTables                 95.55            7.57            0.00            0.00          103.12
WritebackTmp                0.00            0.00            0.00            0.00            0.00
MemTotal                63856.97        64493.11       514048.00       514048.00      1156446.08
MemFree                 48807.01        55458.23       486297.61       514047.94      1104610.79
MemUsed                 15049.96         9034.88        27750.39            0.06        51835.29
Dirty                       0.00            0.00            0.00            0.00            0.01
Writeback                   0.00            0.00            0.00            0.00            0.00
FilePages                 318.98          124.55            2.99            0.00          446.52
AnonPages                5597.74          240.35        27742.96            0.00        33581.05
PageTables                 95.94            7.57            0.00            0.00          103.50
WritebackTmp                0.00            0.00            0.00            0.00            0.00
MemTotal                63856.97        64493.11       514048.00       514048.00      1156446.08
MemFree                 48813.42        55457.98       486289.36       514047.94      1104608.70
MemUsed                 15043.55         9035.13        27758.64            0.06        51837.38
Dirty                       0.04            0.00            0.02            0.00            0.06
Writeback                   0.00            0.00            0.00            0.00            0.00
FilePages                 318.99          124.55            2.99            0.00          446.53
AnonPages                5591.40          240.43        27749.05            0.00        33580.88
PageTables                 95.71            7.57            0.00            0.00          103.27
WritebackTmp                0.00            0.00            0.00            0.00            0.00
MemTotal                63856.97        64493.11       514048.00       514048.00      1156446.08
MemFree                 48814.82        55457.98       486285.36       514047.94      1104606.10
MemUsed                 15042.15         9035.13        27762.64            0.06        51839.98
Dirty                       0.07            0.06            0.00            0.00            0.14
Writeback                   0.00            0.00            0.00            0.00            0.00
FilePages                 319.00          124.55            2.99            0.00          446.54
AnonPages                5590.91          240.50        27753.05            0.00        33584.46
PageTables                 96.08            7.57            0.00            0.00          103.65
WritebackTmp                0.00            0.00            0.00            0.00            0.00
