MemTotal                63888.29        64466.73       514048.00       514048.00      1156451.01
MemFree                 53940.92        55596.93       514039.97       514047.94      1137625.76
MemUsed                  9947.36         8869.79            8.03            0.06        18825.25
Dirty                       0.08            0.02            0.00            0.00            0.11
Writeback                   0.00            0.00            0.00            0.00            0.00
FilePages                 319.54           31.73            0.02            0.00          351.29
AnonPages                 564.73           59.46            0.00            0.00          624.19
PageTables                 27.91            2.56            0.00            0.00           30.47
WritebackTmp                0.00            0.00            0.00            0.00            0.00
MemTotal                63888.29        64466.73       514048.00       514048.00      1156451.01
MemFree                 44554.82        55596.99       514040.21       514047.94      1128239.96
MemUsed                 19333.46         8869.74            7.79            0.06        28211.05
Dirty                       0.09            0.03            0.00            0.00            0.12
Writeback                   0.00            0.00            0.00            0.00            0.00
FilePages                 319.76           31.99            0.02            0.00          351.77
AnonPages                9913.89           59.47            0.00            0.00         9973.36
PageTables                 46.48            2.56            0.00            0.00           49.05
WritebackTmp                0.00            0.00            0.00            0.00            0.00
MemTotal                63888.29        64466.73       514048.00       514048.00      1156451.01
MemFree                 39928.58        55596.40       514040.21       514047.94      1123613.13
MemUsed                 23959.71         8870.33            7.79            0.06        32837.88
Dirty                       0.05            0.00            0.00            0.00            0.05
Writeback                   0.00            0.00            0.00            0.00            0.00
FilePages                 319.77           32.00            0.02            0.00          351.79
AnonPages               14522.06           59.49            0.00            0.00        14581.55
PageTables                 55.26            2.56            0.00            0.00           57.82
WritebackTmp                0.00            0.00            0.00            0.00            0.00
MemTotal                63888.29        64466.73       514048.00       514048.00      1156451.01
MemFree                 34659.26        55596.40       514040.21       514047.94      1118343.81
MemUsed                 29229.03         8870.33            7.79            0.06        38107.20
Dirty                       0.08            0.03            0.00            0.00            0.11
Writeback                   0.00            0.00            0.00            0.00            0.00
FilePages                 319.78           32.00            0.02            0.00          351.80
AnonPages               19770.18           59.50            0.00            0.00        19829.68
PageTables                 65.80            2.56            0.00            0.00           68.36
WritebackTmp                0.00            0.00            0.00            0.00            0.00
MemTotal                63888.29        64466.73       514048.00       514048.00      1156451.01
MemFree                 29905.03        55596.40       514040.21       514047.94      1113589.58
MemUsed                 33983.25         8870.33            7.79            0.06        42861.43
Dirty                       0.09            0.03            0.00            0.00            0.12
Writeback                   0.00            0.00            0.00            0.00            0.00
FilePages                 320.45           32.00            0.02            0.00          352.46
AnonPages               24505.16           59.52            0.00            0.00        24564.68
PageTables                 75.00            2.56            0.00            0.00           77.56
WritebackTmp                0.00            0.00            0.00            0.00            0.00
MemTotal                63888.29        64466.73       514048.00       514048.00      1156451.01
MemFree                 27849.42        55596.40       514040.21       514047.94      1111533.97
MemUsed                 36038.86         8870.33            7.79            0.06        44917.04
Dirty                       0.08            0.02            0.00            0.00            0.10
Writeback                   0.00            0.00            0.00            0.00            0.00
FilePages                 320.46           32.00            0.02            0.00          352.48
AnonPages               26553.28           59.54            0.00            0.00        26612.82
PageTables                 78.77            2.56            0.00            0.00           81.34
WritebackTmp                0.00            0.00            0.00            0.00            0.00
MemTotal                63888.29        64466.73       514048.00       514048.00      1156451.01
MemFree                 25536.65        55596.40       514040.21       514047.94      1109221.20
MemUsed                 38351.64         8870.33            7.79            0.06        47229.81
Dirty                       0.09            0.02            0.00            0.00            0.11
Writeback                   0.00            0.00            0.00            0.00            0.00
FilePages                 320.60           32.00            0.02            0.00          352.62
AnonPages               28857.37           59.55            0.00            0.00        28916.93
PageTables                 83.52            2.56            0.00            0.00           86.08
WritebackTmp                0.00            0.00            0.00            0.00            0.00
MemTotal                63888.29        64466.73       514048.00       514048.00      1156451.01
MemFree                 24251.05        55596.64       514040.21       514047.94      1107935.84
MemUsed                 39637.24         8870.08            7.79            0.06        48515.17
Dirty                       0.00            0.00            0.00            0.00            0.00
Writeback                   0.00            0.00            0.00            0.00            0.00
FilePages                 320.61           32.00            0.02            0.00          352.63
AnonPages               30136.05           59.57            0.00            0.00        30195.62
PageTables                 85.75            2.56            0.00            0.00           88.32
WritebackTmp                0.00            0.00            0.00            0.00            0.00
MemTotal                63888.29        64466.73       514048.00       514048.00      1156451.01
MemFree                 23839.96        55596.64       513680.28       514047.94      1107164.82
MemUsed                 40048.33         8870.08          367.72            0.06        49286.20
Dirty                       0.06            0.02            0.02            0.00            0.10
Writeback                   0.00            0.00            0.00            0.00            0.00
FilePages                 316.79           32.00            3.85            0.00          352.64
AnonPages               30548.24           59.61          356.00            0.00        30963.85
PageTables                 87.54            2.56            0.00            0.00           90.10
WritebackTmp                0.00            0.00            0.00            0.00            0.00
MemTotal                63888.29        64466.73       514048.00       514048.00      1156451.01
MemFree                 24027.67        55596.64       513102.39       514047.94      1106774.64
MemUsed                 39860.61         8870.08          945.61            0.06        49676.37
Dirty                       0.02            0.00            0.00            0.00            0.03
Writeback                   0.00            0.00            0.00            0.00            0.00
FilePages                 316.80           32.00            3.85            0.00          352.64
AnonPages               30359.71           59.62          928.00            0.00        31347.34
PageTables                 88.26            2.56            0.00            0.00           90.82
WritebackTmp                0.00            0.00            0.00            0.00            0.00
MemTotal                63888.29        64466.73       514048.00       514048.00      1156451.01
MemFree                 24028.70        55595.88       513104.15       514047.72      1106776.44
MemUsed                 39859.59         8870.85          943.85            0.28        49674.57
Dirty                       0.17            0.02            0.02            0.00            0.21
Writeback                   0.00            0.00            0.00            0.00            0.00
FilePages                 317.12           33.27            3.85            0.00          354.25
AnonPages               30359.90           59.65          928.00            0.00        31347.55
PageTables                 88.24            2.56            0.00            0.00           90.80
WritebackTmp                0.00            0.00            0.00            0.00            0.00
MemTotal                63888.29        64466.73       514048.00       514048.00      1156451.01
MemFree                 24033.30        55596.17       513100.16       514047.72      1106777.35
MemUsed                 39854.98         8870.56          947.84            0.28        49673.66
Dirty                       0.00            0.00            0.00            0.00            0.00
Writeback                   0.00            0.00            0.00            0.00            0.00
FilePages                 317.13           33.27            3.85            0.00          354.25
AnonPages               30353.30           59.67          934.00            0.00        31346.98
PageTables                 88.30            2.56            0.00            0.00           90.86
WritebackTmp                0.00            0.00            0.00            0.00            0.00
MemTotal                63888.29        64466.73       514048.00       514048.00      1156451.01
MemFree                 24029.59        55596.17       513108.17       514047.72      1106781.65
MemUsed                 39858.69         8870.56          939.83            0.28        49669.36
Dirty                       0.00            0.00            0.02            0.00            0.02
Writeback                   0.00            0.00            0.00            0.00            0.00
FilePages                 317.14           33.27            3.85            0.00          354.26
AnonPages               30359.43           59.69          928.00            0.00        31347.12
PageTables                 88.27            2.56            0.00            0.00           90.83
WritebackTmp                0.00            0.00            0.00            0.00            0.00
MemTotal                63888.29        64466.73       514048.00       514048.00      1156451.01
MemFree                 24029.18        55596.17       513108.18       514047.72      1106781.25
MemUsed                 39859.10         8870.56          939.82            0.28        49669.77
Dirty                       0.00            0.00            0.00            0.00            0.00
Writeback                   0.00            0.00            0.00            0.00            0.00
FilePages                 317.15           33.27            3.85            0.00          354.27
AnonPages               30359.64           59.71          928.00            0.00        31347.36
PageTables                 88.32            2.56            0.00            0.00           90.88
WritebackTmp                0.00            0.00            0.00            0.00            0.00
MemTotal                63888.29        64466.73       514048.00       514048.00      1156451.01
MemFree                 24027.19        55596.17       513104.18       514047.72      1106775.25
MemUsed                 39861.10         8870.56          943.82            0.28        49675.76
Dirty                       0.01            0.00            0.02            0.00            0.02
Writeback                   0.00            0.00            0.00            0.00            0.00
FilePages                 317.16           33.27            3.85            0.00          354.28
AnonPages               30359.71           59.73          928.00            0.00        31347.44
PageTables                 88.32            2.56            0.00            0.00           90.88
WritebackTmp                0.00            0.00            0.00            0.00            0.00
MemTotal                63888.29        64466.73       514048.00       514048.00      1156451.01
MemFree                 24026.98        55596.17       513107.95       514047.72      1106778.82
MemUsed                 39861.30         8870.56          940.05            0.28        49672.20
Dirty                       0.02            0.00            0.00            0.00            0.02
Writeback                   0.00            0.00            0.00            0.00            0.00
FilePages                 317.16           33.27            3.86            0.00          354.29
AnonPages               30361.86           59.73          926.00            0.00        31347.59
PageTables                 88.30            2.56            0.00            0.00           90.87
WritebackTmp                0.00            0.00            0.00            0.00            0.00
MemTotal                63888.29        64466.73       514048.00       514048.00      1156451.01
MemFree                 24028.76        55596.17       513103.95       514047.72      1106776.59
MemUsed                 39859.53         8870.56          944.05            0.28        49674.42
Dirty                       0.04            0.03            0.02            0.00            0.09
Writeback                   0.00            0.00            0.00            0.00            0.00
FilePages                 317.17           33.27            3.86            0.00          354.30
AnonPages               30359.96           59.73          928.00            0.00        31347.70
PageTables                 88.31            2.56            0.00            0.00           90.88
WritebackTmp                0.00            0.00            0.00            0.00            0.00
MemTotal                63888.29        64466.73       514048.00       514048.00      1156451.01
MemFree                 24029.12        55596.66       513103.95       514047.72      1106777.45
MemUsed                 39859.16         8870.07          944.05            0.28        49673.56
Dirty                       0.00            0.00            0.02            0.00            0.02
Writeback                   0.00            0.00            0.00            0.00            0.00
FilePages                 317.18           33.28            3.86            0.00          354.31
AnonPages               30361.97           59.47          926.00            0.00        31347.45
PageTables                 88.25            2.56            0.00            0.00           90.82
WritebackTmp                0.00            0.00            0.00            0.00            0.00
MemTotal                63888.29        64466.73       514048.00       514048.00      1156451.01
MemFree                 24031.40        55596.66       513105.95       514047.72      1106781.73
MemUsed                 39856.88         8870.07          942.05            0.28        49669.28
Dirty                       0.01            0.00            0.00            0.00            0.01
Writeback                   0.00            0.00            0.00            0.00            0.00
FilePages                 317.19           33.28            3.86            0.00          354.32
AnonPages               30359.39           59.47          928.00            0.00        31346.87
PageTables                 88.31            2.56            0.00            0.00           90.88
WritebackTmp                0.00            0.00            0.00            0.00            0.00
MemTotal                63888.29        64466.73       514048.00       514048.00      1156451.01
MemFree                 24026.67        55596.66       513111.96       514047.72      1106783.01
MemUsed                 39861.61         8870.07          936.04            0.28        49668.00
Dirty                       0.00            0.00            0.02            0.00            0.02
Writeback                   0.00            0.00            0.00            0.00            0.00
FilePages                 317.20           33.28            3.86            0.00          354.33
AnonPages               30361.44           59.47          926.00            0.00        31346.91
PageTables                 88.24            2.56            0.00            0.00           90.80
WritebackTmp                0.00            0.00            0.00            0.00            0.00
MemTotal                63888.29        64466.73       514048.00       514048.00      1156451.01
MemFree                 24031.69        55596.66       513107.96       514047.72      1106784.03
MemUsed                 39856.60         8870.07          940.04            0.28        49666.98
Dirty                       0.01            0.00            0.00            0.00            0.02
Writeback                   0.00            0.00            0.00            0.00            0.00
FilePages                 317.20           33.28            3.86            0.00          354.34
AnonPages               30359.45           59.48          928.00            0.00        31346.93
PageTables                 88.18            2.56            0.00            0.00           90.74
WritebackTmp                0.00            0.00            0.00            0.00            0.00
MemTotal                63888.29        64466.73       514048.00       514048.00      1156451.01
MemFree                 24033.20        55596.91       513103.96       514047.72      1106781.79
MemUsed                 39855.09         8869.82          944.04            0.28        49669.22
Dirty                       0.00            0.00            0.02            0.00            0.02
Writeback                   0.00            0.00            0.00            0.00            0.00
FilePages                 317.21           33.28            3.86            0.00          354.35
AnonPages               30357.67           59.48          930.00            0.00        31347.15
PageTables                 88.25            2.56            0.00            0.00           90.82
WritebackTmp                0.00            0.00            0.00            0.00            0.00
MemTotal                63888.29        64466.73       514048.00       514048.00      1156451.01
MemFree                 24031.74        55596.66       513107.98       514047.72      1106784.10
MemUsed                 39856.55         8870.07          940.02            0.28        49666.91
Dirty                       0.01            0.00            0.01            0.00            0.02
Writeback                   0.00            0.00            0.00            0.00            0.00
FilePages                 317.22           33.28            3.86            0.00          354.36
AnonPages               30358.98           59.49          928.00            0.00        31346.47
PageTables                 88.16            2.56            0.00            0.00           90.73
WritebackTmp                0.00            0.00            0.00            0.00            0.00
MemTotal                63888.29        64466.73       514048.00       514048.00      1156451.01
MemFree                 24029.50        55596.73       513109.98       514047.72      1106783.93
MemUsed                 39858.79         8870.00          938.02            0.28        49667.08
Dirty                       0.00            0.00            0.02            0.00            0.02
Writeback                   0.00            0.00            0.00            0.00            0.00
FilePages                 317.23           33.28            3.86            0.00          354.36
AnonPages               30361.21           59.56          926.00            0.00        31346.78
PageTables                 88.25            2.56            0.00            0.00           90.81
WritebackTmp                0.00            0.00            0.00            0.00            0.00
MemTotal                63888.29        64466.73       514048.00       514048.00      1156451.01
MemFree                 24028.61        55596.73       513107.99       514047.72      1106781.04
MemUsed                 39859.68         8870.00          940.01            0.28        49669.97
Dirty                       0.02            0.00            0.01            0.00            0.02
Writeback                   0.00            0.00            0.00            0.00            0.00
FilePages                 317.24           33.28            3.86            0.00          354.38
AnonPages               30359.23           59.57          928.00            0.00        31346.80
PageTables                 88.20            2.56            0.00            0.00           90.76
WritebackTmp                0.00            0.00            0.00            0.00            0.00
MemTotal                63888.29        64466.73       514048.00       514048.00      1156451.01
MemFree                 24028.66        55598.84       513110.01       514047.72      1106785.23
MemUsed                 39859.62         8867.89          937.99            0.28        49665.78
Dirty                       0.00            0.00            0.02            0.00            0.02
Writeback                   0.00            0.00            0.00            0.00            0.00
FilePages                 317.24           33.28            3.87            0.00          354.39
AnonPages               30361.09           59.33          926.27            0.00        31346.70
PageTables                 88.21            2.56            0.00            0.00           90.78
WritebackTmp                0.00            0.00            0.00            0.00            0.00
MemTotal                63888.29        64466.73       514048.00       514048.00      1156451.01
MemFree                 24028.69        55598.84       513110.02       514047.72      1106785.26
MemUsed                 39859.60         8867.89          937.98            0.28        49665.75
Dirty                       0.02            0.00            0.00            0.00            0.02
Writeback                   0.00            0.00            0.00            0.00            0.00
FilePages                 317.25           33.28            3.87            0.00          354.39
AnonPages               30361.11           59.34          926.27            0.00        31346.72
PageTables                 88.23            2.56            0.00            0.00           90.79
WritebackTmp                0.00            0.00            0.00            0.00            0.00
MemTotal                63888.29        64466.73       514048.00       514048.00      1156451.01
MemFree                 24028.69        55598.84       513110.02       514047.72      1106785.26
MemUsed                 39859.60         8867.89          937.98            0.28        49665.75
Dirty                       0.00            0.00            0.02            0.00            0.02
Writeback                   0.00            0.00            0.00            0.00            0.00
FilePages                 317.26           33.28            3.87            0.00          354.40
AnonPages               30361.39           59.36          926.27            0.00        31347.02
PageTables                 88.26            2.56            0.00            0.00           90.82
WritebackTmp                0.00            0.00            0.00            0.00            0.00
MemTotal                63888.29        64466.73       514048.00       514048.00      1156451.01
MemFree                 24024.73        55598.84       513108.02       514047.72      1106779.30
MemUsed                 39863.55         8867.89          939.98            0.28        49671.71
Dirty                       0.01            0.00            0.00            0.00            0.01
Writeback                   0.00            0.00            0.00            0.00            0.00
FilePages                 317.27           33.28            3.87            0.00          354.41
AnonPages               30363.62           59.37          924.27            0.00        31347.25
PageTables                 88.33            2.56            0.00            0.00           90.89
WritebackTmp                0.00            0.00            0.00            0.00            0.00
MemTotal                63888.29        64466.73       514048.00       514048.00      1156451.01
MemFree                 24028.50        55598.84       513106.02       514047.72      1106781.07
MemUsed                 39859.79         8867.89          941.98            0.28        49669.94
Dirty                       0.00            0.00            0.02            0.00            0.02
Writeback                   0.00            0.00            0.00            0.00            0.00
FilePages                 317.27           33.28            3.87            0.00          354.42
AnonPages               30361.77           59.37          926.27            0.00        31347.41
PageTables                 88.35            2.56            0.00            0.00           90.91
WritebackTmp                0.00            0.00            0.00            0.00            0.00
MemTotal                63888.29        64466.73       514048.00       514048.00      1156451.01
MemFree                 53932.96        55599.33       514032.02       514047.72      1137612.02
MemUsed                  9955.33         8867.39           15.98            0.28        18838.99
Dirty                       0.02            0.00            0.00            0.00            0.02
Writeback                   0.00            0.00            0.00            0.00            0.00
FilePages                 317.28           33.28            3.87            0.00          354.43
AnonPages                 568.29           59.38            0.27            0.00          627.94
PageTables                 28.27            2.56            0.00            0.00           30.84
WritebackTmp                0.00            0.00            0.00            0.00            0.00
