80.0
70.90497737556561
69.15162759318603
68.09302102332725
68.57328958795715
69.1485244315433
69.30118276202636
68.14490943160524
70.3515015600624
70.0348346580316
69.31334087462996
68.23174880917664
67.60106651293508
68.8853619826639
69.76963199072732
69.26660325357918
69.5717631314821
68.80492515692902
69.54666666666667
68.89280711076759
68.65332559938129
68.8100570768008
69.01126468388934
68.8012977265574
69.99373765595645
70.25841893922598
68.87811434880706
69.36635916805888
68.9214906892149
69.14903892591519
69.63941380640185
70.42359876257521
70.06582942648238
69.82937486269437
70.12144965403783
68.90697786101907
69.07926534557757
69.52434165775921
69.90537508535752
68.90494878912607
69.7927919080821
69.45101636811356
69.34774105221983
69.6932217776161
70.78763466951374
67.16992869789922
69.3904148326653
70.04980416807697
68.38967158724816
69.86734049273531
69.43333658441432
69.32058673283223
70.2892072772959
70.0217654171705
69.51911517191633
69.38627460463317
70.16203366807355
69.32035543933561
69.42721282193632
68.89135094775885
70.02006721307512
68.77809463966359
68.90587580734899
70.09896667151797
67.90153310441553
69.83586477217051
69.98406105100463
70.44267655815315
69.81876255232656
69.9448551544778
68.05879103724874
68.7941401030731
70.53123630520524
70.8683953033268
68.57741290897272
69.11789468619952
69.9719250689772
68.92350176832518
70.01775248656405
69.7032487234515
68.20355844652765
70.00485908649173
69.14726052293601
68.33639596210296
70.35227691174666
69.77840412090582
69.19379239666195
68.9605145440917
68.97730805097918
69.45002298628081
68.6032349215629
69.73967792710982
69.6936884910609
69.57457212713936
68.6464121623247
71.0360590366426
69.9447106524143
70.04457294301892
69.51660239152054
68.94239119945962
69.09552647001368
69.61878252450684
69.30088968836598
70.02681618722575
