MemTotal                63861.90        64493.11       514048.00       514048.00      1156451.01
MemFree                 53294.07        55759.28       514047.97       514047.97      1137149.29
MemUsed                 10567.83         8733.83            0.03            0.03        19301.72
Dirty                       0.17            0.00            0.00            0.00            0.17
Writeback                   0.00            0.00            0.00            0.00            0.00
FilePages                 424.10            1.37            0.00            0.00          425.47
AnonPages                1010.41           10.19            0.00            0.00         1020.61
PageTables                 39.07            0.14            0.00            0.00           39.21
WritebackTmp                0.00            0.00            0.00            0.00            0.00
MemTotal                63861.90        64493.11       514048.00       514048.00      1156451.01
MemFree                 36857.40        55756.12       509256.52       514047.97      1115918.02
MemUsed                 27004.50         8736.99         4791.48            0.03        40532.99
Dirty                       0.21            0.00            0.00            0.00            0.21
Writeback                   0.00            0.00            0.00            0.00            0.00
FilePages                 422.31            1.37            3.04            0.00          426.72
AnonPages               17359.00           10.19         4782.00            0.00        22151.19
PageTables                 80.10            0.14            0.00            0.00           80.25
WritebackTmp                0.00            0.00            0.00            0.00            0.00
MemTotal                63861.90        64493.11       514048.00       514048.00      1156451.01
MemFree                 36784.34        55756.66       499632.28       514047.97      1106221.25
MemUsed                 27077.56         8736.45        14415.72            0.03        50229.76
Dirty                       0.14            0.00            0.02            0.00            0.16
Writeback                   0.00            0.00            0.00            0.00            0.00
FilePages                 422.32            1.37            3.04            0.00          426.73
AnonPages               17390.65           10.19        14408.04            0.00        31808.88
PageTables                 98.98            0.14            0.00            0.00           99.12
WritebackTmp                0.00            0.00            0.00            0.00            0.00
MemTotal                63861.90        64493.11       514048.00       514048.00      1156451.01
MemFree                 40378.09        55756.91       494036.42       514047.97      1104219.38
MemUsed                 23483.81         8736.20        20011.58            0.03        52231.62
Dirty                       0.23            0.00            0.00            0.00            0.23
Writeback                   0.00            0.00            0.00            0.00            0.00
FilePages                 423.74            1.37            3.04            0.00          428.16
AnonPages               13783.54           10.19        19996.05            0.00        33789.78
PageTables                103.11            0.14            0.00            0.00          103.25
WritebackTmp                0.00            0.00            0.00            0.00            0.00
MemTotal                63861.90        64493.11       514048.00       514048.00      1156451.01
MemFree                 37256.73        55756.91       497180.39       514047.97      1104242.00
MemUsed                 26605.17         8736.20        16867.61            0.03        52209.01
Dirty                       0.08            0.00            0.02            0.00            0.10
Writeback                   0.00            0.00            0.00            0.00            0.00
FilePages                 424.03            1.37            3.04            0.00          428.45
AnonPages               16910.70           10.19        16864.08            0.00        33784.98
PageTables                103.13            0.14            0.00            0.00          103.27
WritebackTmp                0.00            0.00            0.00            0.00            0.00
MemTotal                63861.90        64493.11       514048.00       514048.00      1156451.01
MemFree                 37194.16        55773.19       497180.34       514047.75      1104195.44
MemUsed                 26667.73         8719.92        16867.66            0.25        52255.57
Dirty                       4.45            0.00            0.03            0.00            4.47
Writeback                   0.00            0.00            0.00            0.00            0.00
FilePages                 497.66            1.37            3.05            0.00          502.07
AnonPages               16913.75           10.18        16864.09            0.00        33788.02
PageTables                103.31            0.14            0.00            0.00          103.46
WritebackTmp                0.00            0.00            0.00            0.00            0.00
MemTotal                63861.90        64493.11       514048.00       514048.00      1156451.01
MemFree                 36869.86        55765.15       497179.75       514047.91      1103862.66
MemUsed                 26992.04         8727.96        16868.25            0.09        52588.35
Dirty                      10.55            0.01            0.05            0.00           10.62
Writeback                   0.00            0.00            0.00            0.00            0.00
FilePages                 760.08           10.02            3.05            0.00          773.14
AnonPages               16903.93           10.22        16864.09            0.00        33778.23
PageTables                103.70            0.14            0.00            0.00          103.84
WritebackTmp                0.00            0.00            0.00            0.00            0.00
MemTotal                63861.90        64493.11       514048.00       514048.00      1156451.01
MemFree                 36747.98        55765.56       497179.84       514047.91      1103741.29
MemUsed                 27113.92         8727.55        16868.16            0.09        52709.72
Dirty                       1.58            0.01            0.04            0.00            1.63
Writeback                   0.00            0.00            0.00            0.00            0.00
FilePages                 829.86           10.02            3.05            0.00          842.92
AnonPages               16911.81           10.22        16864.25            0.00        33786.28
PageTables                103.45            0.14            0.00            0.00          103.59
WritebackTmp                0.00            0.00            0.00            0.00            0.00
MemTotal                63861.90        64493.11       514048.00       514048.00      1156451.01
MemFree                 36727.90        55765.70       497179.65       514047.91      1103721.15
MemUsed                 27134.00         8727.41        16868.35            0.09        52729.86
Dirty                       0.98            0.00            0.02            0.00            1.00
Writeback                   0.00            0.00            0.00            0.00            0.00
FilePages                 831.10           10.02            3.05            0.00          844.16
AnonPages               16932.63           10.22        16864.08            0.00        33806.93
PageTables                103.43            0.14            0.00            0.00          103.57
WritebackTmp                0.00            0.00            0.00            0.00            0.00
MemTotal                63861.90        64493.11       514048.00       514048.00      1156451.01
MemFree                 36715.67        55765.70       497179.46       514047.91      1103708.74
MemUsed                 27146.23         8727.41        16868.54            0.09        52742.27
Dirty                       0.11            0.00            0.00            0.00            0.11
Writeback                   0.00            0.00            0.00            0.00            0.00
FilePages                 833.32           10.02            3.05            0.00          846.38
AnonPages               16943.07           10.21        16864.09            0.00        33817.36
PageTables                103.41            0.14            0.00            0.00          103.55
WritebackTmp                0.00            0.00            0.00            0.00            0.00
MemTotal                63861.90        64493.11       514048.00       514048.00      1156451.01
MemFree                 36707.52        55765.74       497179.77       514047.91      1103700.94
MemUsed                 27154.38         8727.37        16868.23            0.09        52750.07
Dirty                       0.15            0.00            0.02            0.00            0.17
Writeback                   0.00            0.00            0.00            0.00            0.00
FilePages                 839.62           10.02            3.05            0.00          852.69
AnonPages               16943.67           10.21        16864.04            0.00        33817.91
PageTables                103.27            0.14            0.00            0.00          103.41
WritebackTmp                0.00            0.00            0.00            0.00            0.00
MemTotal                63861.90        64493.11       514048.00       514048.00      1156451.01
MemFree                 36717.30        55765.76       497179.23       514047.91      1103710.19
MemUsed                 27144.60         8727.35        16868.77            0.09        52740.82
Dirty                       0.38            0.00            0.00            0.00            0.38
Writeback                   0.03            0.00            0.00            0.00            0.03
FilePages                 841.43           10.02            3.05            0.00          854.50
AnonPages               16932.71           10.20        16864.09            0.00        33807.00
PageTables                103.34            0.14            0.00            0.00          103.48
WritebackTmp                0.00            0.00            0.00            0.00            0.00
MemTotal                63861.90        64493.11       514048.00       514048.00      1156451.01
MemFree                 36728.17        55766.06       497179.05       514047.91      1103721.19
MemUsed                 27133.73         8727.05        16868.95            0.09        52729.82
Dirty                       0.07            0.00            0.02            0.00            0.08
Writeback                   0.00            0.00            0.00            0.00            0.00
FilePages                 841.80           10.02            3.05            0.00          854.87
AnonPages               16921.85           10.24        16864.04            0.00        33796.13
PageTables                103.10            0.14            0.00            0.00          103.25
WritebackTmp                0.00            0.00            0.00            0.00            0.00
MemTotal                63861.90        64493.11       514048.00       514048.00      1156451.01
MemFree                 36729.18        55764.62       497179.18       514047.91      1103720.89
MemUsed                 27132.72         8728.49        16868.82            0.09        52730.12
Dirty                       0.16            0.00            0.00            0.00            0.16
Writeback                   0.00            0.00            0.00            0.00            0.00
FilePages                 842.59           10.02            3.05            0.00          855.66
AnonPages               16920.40           11.60        16864.02            0.00        33796.02
PageTables                102.81            0.14            0.00            0.00          102.95
WritebackTmp                0.00            0.00            0.00            0.00            0.00
MemTotal                63861.90        64493.11       514048.00       514048.00      1156451.01
MemFree                 36695.49        55764.73       497178.87       514047.91      1103686.99
MemUsed                 27166.41         8728.38        16869.13            0.09        52764.02
Dirty                       0.15            0.00            0.02            0.00            0.17
Writeback                   0.00            0.00            0.00            0.00            0.00
FilePages                 864.24           10.02            3.05            0.00          877.31
AnonPages               16933.69           11.60        16864.35            0.00        33809.64
PageTables                103.19            0.14            0.00            0.00          103.34
WritebackTmp                0.00            0.00            0.00            0.00            0.00
MemTotal                63861.90        64493.11       514048.00       514048.00      1156451.01
MemFree                 36693.85        55764.73       497178.74       514047.91      1103685.23
MemUsed                 27168.05         8728.38        16869.26            0.09        52765.78
Dirty                       0.14            0.00            0.00            0.00            0.14
Writeback                   0.00            0.00            0.00            0.00            0.00
FilePages                 864.06           10.02            3.05            0.00          877.13
AnonPages               16934.45           11.60        16864.09            0.00        33810.14
PageTables                102.98            0.14            0.00            0.00          103.12
WritebackTmp                0.00            0.00            0.00            0.00            0.00
MemTotal                63861.90        64493.11       514048.00       514048.00      1156451.01
MemFree                 36701.29        55764.73       497178.84       514047.91      1103692.76
MemUsed                 27160.61         8728.38        16869.16            0.09        52758.25
Dirty                       0.18            0.00            0.02            0.00            0.20
Writeback                   0.00            0.00            0.00            0.00            0.00
FilePages                 864.33           10.02            3.05            0.00          877.40
AnonPages               16927.55           11.60        16864.09            0.00        33803.24
PageTables                102.97            0.14            0.00            0.00          103.12
WritebackTmp                0.00            0.00            0.00            0.00            0.00
MemTotal                63861.90        64493.11       514048.00       514048.00      1156451.01
MemFree                 36703.32        55764.73       497178.36       514047.91      1103694.32
MemUsed                 27158.58         8728.38        16869.64            0.09        52756.69
Dirty                       0.22            0.00            0.00            0.00            0.22
Writeback                   0.01            0.00            0.00            0.00            0.01
FilePages                 864.44           10.02            3.05            0.00          877.51
AnonPages               16923.93           11.57        16864.00            0.00        33799.50
PageTables                103.00            0.14            0.00            0.00          103.14
WritebackTmp                0.00            0.00            0.00            0.00            0.00
MemTotal                63861.90        64493.11       514048.00       514048.00      1156451.01
MemFree                 36690.59        55764.75       497179.00       514047.91      1103682.25
MemUsed                 27171.31         8728.36        16869.00            0.09        52768.76
Dirty                       0.09            0.00            0.02            0.00            0.11
Writeback                   0.00            0.00            0.00            0.00            0.00
FilePages                 864.52           10.02            3.05            0.00          877.59
AnonPages               16936.69           11.57        16864.00            0.00        33812.27
PageTables                102.91            0.14            0.00            0.00          103.05
WritebackTmp                0.00            0.00            0.00            0.00            0.00
MemTotal                63861.90        64493.11       514048.00       514048.00      1156451.01
MemFree                 36675.42        55765.05       497178.52       514047.91      1103666.89
MemUsed                 27186.48         8728.05        16869.48            0.09        52784.11
Dirty                       0.23            0.00            0.00            0.00            0.23
Writeback                   0.00            0.00            0.00            0.00            0.00
FilePages                 864.55           10.02            3.06            0.00          877.62
AnonPages               16952.76           11.57        16864.09            0.00        33828.42
PageTables                103.10            0.14            0.00            0.00          103.25
WritebackTmp                0.00            0.00            0.00            0.00            0.00
MemTotal                63861.90        64493.11       514048.00       514048.00      1156451.01
MemFree                 36681.11        55765.05       497178.29       514047.91      1103672.36
MemUsed                 27180.79         8728.05        16869.71            0.09        52778.64
Dirty                       0.12            0.00            0.02            0.00            0.14
Writeback                   0.01            0.00            0.00            0.00            0.01
FilePages                 864.62           10.02            3.06            0.00          877.69
AnonPages               16949.54           11.57        16864.09            0.00        33825.20
PageTables                103.03            0.14            0.00            0.00          103.17
WritebackTmp                0.00            0.00            0.00            0.00            0.00
MemTotal                63861.90        64493.11       514048.00       514048.00      1156451.01
MemFree                 36681.43        55765.05       497178.52       514047.91      1103672.91
MemUsed                 27180.47         8728.05        16869.48            0.09        52778.10
Dirty                       0.19            0.00            0.00            0.00            0.19
Writeback                   0.00            0.00            0.00            0.00            0.00
FilePages                 864.66           10.02            3.06            0.00          877.74
AnonPages               16947.31           11.57        16864.05            0.00        33822.93
PageTables                102.97            0.14            0.00            0.00          103.11
WritebackTmp                0.00            0.00            0.00            0.00            0.00
MemTotal                63861.90        64493.11       514048.00       514048.00      1156451.01
MemFree                 36682.29        55765.05       497177.79       514047.91      1103673.03
MemUsed                 27179.61         8728.05        16870.21            0.09        52777.98
Dirty                       0.05            0.00            0.02            0.00            0.07
Writeback                   0.00            0.00            0.00            0.00            0.00
FilePages                 864.43           10.02            3.06            0.00          877.51
AnonPages               16946.72           11.61        16864.04            0.00        33822.37
PageTables                102.97            0.14            0.00            0.00          103.12
WritebackTmp                0.00            0.00            0.00            0.00            0.00
MemTotal                63861.90        64493.11       514048.00       514048.00      1156451.01
MemFree                 36683.30        55765.05       497177.60       514047.91      1103673.86
MemUsed                 27178.60         8728.05        16870.40            0.09        52777.15
Dirty                       0.17            0.00            0.00            0.00            0.17
Writeback                   0.00            0.00            0.00            0.00            0.00
FilePages                 864.45           10.02            3.06            0.00          877.53
AnonPages               16946.91           11.60        16864.05            0.00        33822.55
PageTables                102.97            0.14            0.00            0.00          103.12
WritebackTmp                0.00            0.00            0.00            0.00            0.00
MemTotal                63861.90        64493.11       514048.00       514048.00      1156451.01
MemFree                 36682.56        55765.06       497177.08       514047.91      1103672.61
MemUsed                 27179.34         8728.05        16870.92            0.09        52778.40
Dirty                       0.04            0.00            0.02            0.00            0.05
Writeback                   0.00            0.00            0.00            0.00            0.00
FilePages                 864.45           10.02            3.06            0.00          877.53
AnonPages               16946.96           11.57        16864.04            0.00        33822.56
PageTables                102.99            0.14            0.00            0.00          103.13
WritebackTmp                0.00            0.00            0.00            0.00            0.00
MemTotal                63861.90        64493.11       514048.00       514048.00      1156451.01
MemFree                 36684.30        55765.06       497176.90       514047.91      1103674.17
MemUsed                 27177.60         8728.05        16871.10            0.09        52776.84
Dirty                       0.16            0.00            0.00            0.00            0.16
Writeback                   0.00            0.00            0.00            0.00            0.00
FilePages                 864.48           10.02            3.07            0.00          877.56
AnonPages               16945.58           11.57        16864.04            0.00        33821.18
PageTables                102.96            0.14            0.00            0.00          103.11
WritebackTmp                0.00            0.00            0.00            0.00            0.00
MemTotal                63861.90        64493.11       514048.00       514048.00      1156451.01
MemFree                 36681.00        55765.06       497176.54       514047.91      1103670.51
MemUsed                 27180.90         8728.05        16871.46            0.09        52780.50
Dirty                       0.02            0.00            0.02            0.00            0.04
Writeback                   0.00            0.00            0.00            0.00            0.00
FilePages                 865.74           10.02            3.07            0.00          878.82
AnonPages               16948.51           11.41        16864.34            0.00        33824.27
PageTables                103.16            0.14            0.00            0.00          103.30
WritebackTmp                0.00            0.00            0.00            0.00            0.00
MemTotal                63861.90        64493.11       514048.00       514048.00      1156451.01
MemFree                 36679.00        55765.21       497176.43       514047.91      1103668.55
MemUsed                 27182.90         8727.89        16871.57            0.09        52782.46
Dirty                       0.16            0.00            0.02            0.00            0.18
Writeback                   0.00            0.00            0.00            0.00            0.00
FilePages                 865.75           10.02            3.07            0.00          878.84
AnonPages               16950.86           11.41        16864.19            0.00        33826.46
PageTables                103.14            0.14            0.00            0.00          103.29
WritebackTmp                0.00            0.00            0.00            0.00            0.00
MemTotal                63861.90        64493.11       514048.00       514048.00      1156451.01
MemFree                 36681.71        55765.21       497176.24       514047.91      1103671.07
MemUsed                 27180.19         8727.89        16871.76            0.09        52779.94
Dirty                       0.00            0.00            0.00            0.00            0.01
Writeback                   0.00            0.00            0.00            0.00            0.00
FilePages                 865.75           10.02            3.07            0.00          878.84
AnonPages               16949.95           11.41        16864.02            0.00        33825.38
PageTables                103.04            0.14            0.00            0.00          103.18
WritebackTmp                0.00            0.00            0.00            0.00            0.00
MemTotal                63861.90        64493.11       514048.00       514048.00      1156451.01
MemFree                 36680.74        55765.21       497176.00       514047.91      1103669.86
MemUsed                 27181.16         8727.89        16872.00            0.09        52781.15
Dirty                       0.11            0.00            0.02            0.00            0.13
Writeback                   0.00            0.00            0.00            0.00            0.00
FilePages                 865.77           10.02            3.07            0.00          878.85
AnonPages               16950.17           11.41        16864.08            0.00        33825.66
PageTables                103.10            0.14            0.00            0.00          103.24
WritebackTmp                0.00            0.00            0.00            0.00            0.00
MemTotal                63861.90        64493.11       514048.00       514048.00      1156451.01
MemFree                 36680.74        55765.21       497175.33       514047.91      1103669.20
MemUsed                 27181.16         8727.89        16872.67            0.09        52781.81
Dirty                       0.01            0.00            0.00            0.00            0.01
Writeback                   0.00            0.00            0.00            0.00            0.00
FilePages                 865.78           10.02            3.07            0.00          878.86
AnonPages               16950.30           11.41        16864.08            0.00        33825.79
PageTables                103.08            0.14            0.00            0.00          103.23
WritebackTmp                0.00            0.00            0.00            0.00            0.00
MemTotal                63861.90        64493.11       514048.00       514048.00      1156451.01
MemFree                 36679.77        55765.21       497174.89       514047.91      1103667.78
MemUsed                 27182.12         8727.89        16873.11            0.09        52783.23
Dirty                       0.15            0.00            0.02            0.00            0.17
Writeback                   0.00            0.00            0.00            0.00            0.00
FilePages                 865.79           10.02            3.07            0.00          878.88
AnonPages               16950.46           11.41        16864.05            0.00        33825.92
PageTables                103.05            0.14            0.00            0.00          103.20
WritebackTmp                0.00            0.00            0.00            0.00            0.00
MemTotal                63861.90        64493.11       514048.00       514048.00      1156451.01
MemFree                 36680.02        55765.21       497174.44       514047.91      1103667.58
MemUsed                 27181.88         8727.89        16873.56            0.09        52783.43
Dirty                       0.00            0.00            0.00            0.00            0.00
Writeback                   0.00            0.00            0.00            0.00            0.00
FilePages                 865.79           10.02            3.07            0.00          878.88
AnonPages               16950.20           11.41        16864.08            0.00        33825.70
PageTables                103.09            0.14            0.00            0.00          103.23
WritebackTmp                0.00            0.00            0.00            0.00            0.00
MemTotal                63861.90        64493.11       514048.00       514048.00      1156451.01
MemFree                 36677.39        55765.25       497174.19       514047.91      1103664.73
MemUsed                 27184.51         8727.86        16873.81            0.09        52786.27
Dirty                       0.14            0.00            0.02            0.00            0.16
Writeback                   0.00            0.00            0.00            0.00            0.00
FilePages                 865.81           10.02            3.07            0.00          878.90
AnonPages               16952.09           11.41        16864.08            0.00        33827.59
PageTables                103.08            0.14            0.00            0.00          103.23
WritebackTmp                0.00            0.00            0.00            0.00            0.00
MemTotal                63861.90        64493.11       514048.00       514048.00      1156451.01
MemFree                 36677.16        55765.25       497173.82       514047.91      1103664.14
MemUsed                 27184.74         8727.86        16874.18            0.09        52786.87
Dirty                       0.04            0.00            0.00            0.00            0.04
Writeback                   0.00            0.00            0.00            0.00            0.00
FilePages                 865.81           10.02            3.07            0.00          878.90
AnonPages               16951.26           11.41        16864.47            0.00        33827.14
PageTables                103.09            0.14            0.00            0.00          103.24
WritebackTmp                0.00            0.00            0.00            0.00            0.00
MemTotal                63861.90        64493.11       514048.00       514048.00      1156451.01
MemFree                 36679.14        55765.25       497173.64       514047.91      1103665.93
MemUsed                 27182.76         8727.86        16874.36            0.09        52785.08
Dirty                       0.14            0.00            0.02            0.00            0.16
Writeback                   0.00            0.00            0.00            0.00            0.00
FilePages                 865.82           10.02            3.07            0.00          878.91
AnonPages               16951.55           11.41        16864.28            0.00        33827.25
PageTables                103.08            0.14            0.00            0.00          103.23
WritebackTmp                0.00            0.00            0.00            0.00            0.00
MemTotal                63861.90        64493.11       514048.00       514048.00      1156451.01
MemFree                 36677.92        55764.54       497172.93       514047.91      1103663.30
MemUsed                 27183.98         8728.57        16875.07            0.09        52787.71
Dirty                       0.04            0.00            0.00            0.00            0.04
Writeback                   0.00            0.00            0.00            0.00            0.00
FilePages                 865.82           10.02            3.07            0.00          878.91
AnonPages               16951.84           11.41        16864.35            0.00        33827.61
PageTables                103.12            0.14            0.00            0.00          103.27
WritebackTmp                0.00            0.00            0.00            0.00            0.00
MemTotal                63861.90        64493.11       514048.00       514048.00      1156451.01
MemFree                 36678.92        55764.35       497172.84       514047.91      1103664.02
MemUsed                 27182.98         8728.76        16875.16            0.09        52786.99
Dirty                       0.15            0.00            0.02            0.00            0.17
Writeback                   0.00            0.00            0.00            0.00            0.00
FilePages                 865.84           10.02            3.07            0.00          878.93
AnonPages               16950.72           11.41        16864.60            0.00        33826.74
PageTables                103.06            0.14            0.00            0.00          103.21
WritebackTmp                0.00            0.00            0.00            0.00            0.00
MemTotal                63861.90        64493.11       514048.00       514048.00      1156451.01
MemFree                 36678.77        55763.64       497172.69       514047.91      1103663.01
MemUsed                 27183.13         8729.46        16875.31            0.09        52788.00
Dirty                       0.01            0.00            0.00            0.00            0.01
Writeback                   0.00            0.00            0.00            0.00            0.00
FilePages                 865.84           10.02            3.08            0.00          878.93
AnonPages               16951.29           11.41        16864.32            0.00        33827.02
PageTables                103.05            0.14            0.00            0.00          103.19
WritebackTmp                0.00            0.00            0.00            0.00            0.00
MemTotal                63861.90        64493.11       514048.00       514048.00      1156451.01
MemFree                 36678.29        55763.64       497172.48       514047.91      1103662.32
MemUsed                 27183.61         8729.46        16875.52            0.09        52788.68
Dirty                       0.01            0.00            0.02            0.00            0.02
Writeback                   0.00            0.00            0.00            0.00            0.00
FilePages                 865.85           10.02            3.08            0.00          878.94
AnonPages               16951.70           11.41        16864.61            0.00        33827.73
PageTables                103.05            0.14            0.00            0.00          103.19
WritebackTmp                0.00            0.00            0.00            0.00            0.00
MemTotal                63861.90        64493.11       514048.00       514048.00      1156451.01
MemFree                 36677.82        55763.64       497172.04       514047.91      1103661.41
MemUsed                 27184.08         8729.46        16875.96            0.09        52789.60
Dirty                       0.02            0.00            0.00            0.00            0.02
Writeback                   0.00            0.00            0.00            0.00            0.00
FilePages                 865.86           10.02            3.08            0.00          878.96
AnonPages               16952.32           11.41        16864.34            0.00        33828.07
PageTables                103.13            0.14            0.00            0.00          103.28
WritebackTmp                0.00            0.00            0.00            0.00            0.00
MemTotal                63861.90        64493.11       514048.00       514048.00      1156451.01
MemFree                 36677.08        55763.64       497171.59       514047.91      1103660.22
MemUsed                 27184.82         8729.46        16876.41            0.09        52790.79
Dirty                       0.12            0.00            0.02            0.00            0.14
Writeback                   0.00            0.00            0.00            0.00            0.00
FilePages                 865.86           10.02            3.08            0.00          878.96
AnonPages               16953.46           11.41        16864.31            0.00        33829.19
PageTables                103.09            0.14            0.00            0.00          103.23
WritebackTmp                0.00            0.00            0.00            0.00            0.00
MemTotal                63861.90        64493.11       514048.00       514048.00      1156451.01
MemFree                 36668.52        55763.64       497171.64       514047.91      1103651.71
MemUsed                 27193.38         8729.46        16876.36            0.09        52799.30
Dirty                       0.02            0.00            0.00            0.00            0.02
Writeback                   0.00            0.00            0.00            0.00            0.00
FilePages                 866.40           10.02            3.08            0.00          879.50
AnonPages               16962.27           11.41        16864.29            0.00        33837.97
PageTables                103.03            0.14            0.00            0.00          103.17
WritebackTmp                0.00            0.00            0.00            0.00            0.00
MemTotal                63861.90        64493.11       514048.00       514048.00      1156451.01
MemFree                 36650.60        55763.64       497171.26       514047.91      1103633.41
MemUsed                 27211.30         8729.46        16876.74            0.09        52817.60
Dirty                       0.32            0.00            0.02            0.00            0.34
Writeback                   0.00            0.00            0.00            0.00            0.00
FilePages                 866.73           10.02            3.08            0.00          879.83
AnonPages               16981.89           11.41        16864.36            0.00        33857.67
PageTables                103.15            0.14            0.00            0.00          103.30
WritebackTmp                0.00            0.00            0.00            0.00            0.00
MemTotal                63861.90        64493.11       514048.00       514048.00      1156451.01
MemFree                 36649.86        55763.64       497171.09       514047.91      1103632.49
MemUsed                 27212.04         8729.46        16876.91            0.09        52818.52
Dirty                       0.06            0.00            0.00            0.00            0.07
Writeback                   0.00            0.00            0.00            0.00            0.00
FilePages                 866.73           10.02            3.08            0.00          879.83
AnonPages               16981.38           11.41        16864.31            0.00        33857.11
PageTables                103.13            0.14            0.00            0.00          103.27
WritebackTmp                0.00            0.00            0.00            0.00            0.00
MemTotal                63861.90        64493.11       514048.00       514048.00      1156451.01
MemFree                 36663.18        55763.65       497170.82       514047.91      1103645.56
MemUsed                 27198.72         8729.46        16877.18            0.09        52805.45
Dirty                       0.04            0.00            0.02            0.00            0.05
Writeback                   0.04            0.00            0.00            0.00            0.04
FilePages                 866.93           10.02            3.08            0.00          880.02
AnonPages               16965.39           11.41        16864.30            0.00        33841.11
PageTables                103.10            0.14            0.00            0.00          103.24
WritebackTmp                0.00            0.00            0.00            0.00            0.00
MemTotal                63861.90        64493.11       514048.00       514048.00      1156451.01
MemFree                 36664.20        55763.65       497170.88       514047.91      1103646.63
MemUsed                 27197.70         8729.46        16877.12            0.09        52804.38
Dirty                       0.16            0.00            0.02            0.00            0.17
Writeback                   0.00            0.00            0.00            0.00            0.00
FilePages                 866.93           10.02            3.08            0.00          880.03
AnonPages               16963.94           11.41        16864.54            0.00        33839.89
PageTables                103.42            0.14            0.00            0.00          103.56
WritebackTmp                0.00            0.00            0.00            0.00            0.00
MemTotal                63861.90        64493.11       514048.00       514048.00      1156451.01
MemFree                 36664.05        55763.65       497171.08       514047.91      1103646.69
MemUsed                 27197.85         8729.46        16876.92            0.09        52804.32
Dirty                       0.20            0.00            0.00            0.00            0.20
Writeback                   0.00            0.00            0.00            0.00            0.00
FilePages                 866.94           10.02            3.09            0.00          880.04
AnonPages               16963.47           10.92        16864.36            0.00        33838.75
PageTables                103.19            0.14            0.00            0.00          103.33
WritebackTmp                0.00            0.00            0.00            0.00            0.00
MemTotal                63861.90        64493.11       514048.00       514048.00      1156451.01
MemFree                 36669.05        55763.68       497171.32       514047.91      1103651.96
MemUsed                 27192.84         8729.43        16876.68            0.09        52799.05
Dirty                       0.53            0.00            0.02            0.00            0.55
Writeback                   0.00            0.00            0.00            0.00            0.00
FilePages                 867.39           10.02            3.09            0.00          880.49
AnonPages               16958.16           10.71        16864.36            0.00        33833.23
PageTables                103.16            0.14            0.00            0.00          103.30
WritebackTmp                0.00            0.00            0.00            0.00            0.00
MemTotal                63861.90        64493.11       514048.00       514048.00      1156451.01
MemFree                 36663.67        55763.48       497171.69       514047.91      1103646.75
MemUsed                 27198.23         8729.63        16876.31            0.09        52804.26
Dirty                       0.46            0.00            0.00            0.00            0.46
Writeback                   0.00            0.00            0.00            0.00            0.00
FilePages                 867.96           10.02            3.09            0.00          881.06
AnonPages               16966.56           10.68        16864.64            0.00        33841.88
PageTables                103.13            0.14            0.00            0.00          103.28
WritebackTmp                0.00            0.00            0.00            0.00            0.00
MemTotal                63861.90        64493.11       514048.00       514048.00      1156451.01
MemFree                 36649.97        55763.51       497171.89       514047.91      1103633.28
MemUsed                 27211.93         8729.60        16876.11            0.09        52817.73
Dirty                       0.04            0.00            0.02            0.00            0.05
Writeback                   0.00            0.00            0.00            0.00            0.00
FilePages                 868.23           10.02            3.09            0.00          881.34
AnonPages               16980.34           10.68        16864.37            0.00        33855.39
PageTables                103.16            0.14            0.00            0.00          103.30
WritebackTmp                0.00            0.00            0.00            0.00            0.00
MemTotal                63861.90        64493.11       514048.00       514048.00      1156451.01
MemFree                 36641.54        55763.51       497171.97       514047.91      1103624.93
MemUsed                 27220.36         8729.60        16876.03            0.09        52826.08
Dirty                       0.11            0.00            0.00            0.00            0.11
Writeback                   0.00            0.00            0.00            0.00            0.00
FilePages                 868.33           10.02            3.09            0.00          881.43
AnonPages               16986.00           10.68        16864.28            0.00        33860.95
PageTables                103.22            0.14            0.00            0.00          103.37
WritebackTmp                0.00            0.00            0.00            0.00            0.00
MemTotal                63861.90        64493.11       514048.00       514048.00      1156451.01
MemFree                 36639.02        55763.51       497171.81       514047.91      1103622.25
MemUsed                 27222.88         8729.60        16876.19            0.09        52828.76
Dirty                       0.00            0.00            0.02            0.00            0.02
Writeback                   0.00            0.00            0.00            0.00            0.00
FilePages                 867.08           10.02            3.09            0.00          880.19
AnonPages               16990.54           10.67        16864.38            0.00        33865.59
PageTables                103.21            0.14            0.00            0.00          103.36
WritebackTmp                0.00            0.00            0.00            0.00            0.00
MemTotal                63861.90        64493.11       514048.00       514048.00      1156451.01
MemFree                 36620.85        55763.52       497171.88       514047.91      1103604.16
MemUsed                 27241.05         8729.59        16876.12            0.09        52846.85
Dirty                       0.01            0.00            0.00            0.00            0.01
Writeback                   0.03            0.00            0.00            0.00            0.03
FilePages                 867.41           10.02            3.09            0.00          880.52
AnonPages               17008.70           10.67        16864.35            0.00        33883.72
PageTables                103.19            0.14            0.00            0.00          103.34
WritebackTmp                0.00            0.00            0.00            0.00            0.00
MemTotal                63861.90        64493.11       514048.00       514048.00      1156451.01
MemFree                 36625.03        55762.82       497171.16       514047.91      1103606.92
MemUsed                 27236.87         8730.29        16876.84            0.09        52844.09
Dirty                       0.37            0.00            0.02            0.00            0.38
Writeback                   0.00            0.00            0.00            0.00            0.00
FilePages                 867.09           10.02            3.09            0.00          880.20
AnonPages               17002.81           10.67        16864.35            0.00        33877.83
PageTables                103.20            0.14            0.00            0.00          103.34
WritebackTmp                0.00            0.00            0.00            0.00            0.00
MemTotal                63861.90        64493.11       514048.00       514048.00      1156451.01
MemFree                 36623.82        55762.82       497170.73       514047.91      1103605.27
MemUsed                 27238.08         8730.29        16877.27            0.09        52845.73
Dirty                       0.16            0.00            0.00            0.00            0.17
Writeback                   0.00            0.00            0.00            0.00            0.00
FilePages                 867.10           10.02            3.09            0.00          880.21
AnonPages               17003.05           10.67        16864.31            0.00        33878.03
PageTables                103.16            0.14            0.00            0.00          103.30
WritebackTmp                0.00            0.00            0.00            0.00            0.00
MemTotal                63861.90        64493.11       514048.00       514048.00      1156451.01
MemFree                 36622.80        55763.09       497170.52       514047.91      1103604.32
MemUsed                 27239.10         8730.02        16877.48            0.09        52846.69
Dirty                       0.03            0.00            0.02            0.00            0.04
Writeback                   0.00            0.00            0.00            0.00            0.00
FilePages                 867.11           10.02            3.09            0.00          880.21
AnonPages               17003.16           10.67        16864.43            0.00        33878.27
PageTables                103.15            0.14            0.00            0.00          103.29
WritebackTmp                0.00            0.00            0.00            0.00            0.00
MemTotal                63861.90        64493.11       514048.00       514048.00      1156451.01
MemFree                 36622.58        55763.09       497170.21       514047.91      1103603.79
MemUsed                 27239.32         8730.02        16877.79            0.09        52847.21
Dirty                       0.14            0.00            0.00            0.00            0.14
Writeback                   0.00            0.00            0.00            0.00            0.00
FilePages                 867.11           10.02            3.10            0.00          880.23
AnonPages               17003.36           10.67        16864.64            0.00        33878.67
PageTables                103.20            0.14            0.00            0.00          103.34
WritebackTmp                0.00            0.00            0.00            0.00            0.00
MemTotal                63861.90        64493.11       514048.00       514048.00      1156451.01
MemFree                 36623.74        55763.09       497170.23       514047.91      1103604.97
MemUsed                 27238.16         8730.02        16877.77            0.09        52846.04
Dirty                       0.05            0.00            0.02            0.00            0.06
Writeback                   0.00            0.00            0.00            0.00            0.00
FilePages                 867.13           10.02            3.10            0.00          880.24
AnonPages               17004.55           10.67        16864.36            0.00        33879.58
PageTables                103.18            0.14            0.00            0.00          103.32
WritebackTmp                0.00            0.00            0.00            0.00            0.00
MemTotal                63861.90        64493.11       514048.00       514048.00      1156451.01
MemFree                 36624.04        55763.10       497170.39       514047.91      1103605.43
MemUsed                 27237.86         8730.01        16877.61            0.09        52845.58
Dirty                       0.04            0.00            0.00            0.00            0.04
Writeback                   0.00            0.00            0.00            0.00            0.00
FilePages                 867.14           10.02            3.10            0.00          880.26
AnonPages               17004.36           10.66        16864.64            0.00        33879.66
PageTables                103.21            0.14            0.00            0.00          103.36
WritebackTmp                0.00            0.00            0.00            0.00            0.00
MemTotal                63861.90        64493.11       514048.00       514048.00      1156451.01
MemFree                 36622.96        55763.10       497169.95       514047.91      1103603.91
MemUsed                 27238.94         8730.01        16878.05            0.09        52847.09
Dirty                       0.04            0.00            0.02            0.00            0.05
Writeback                   0.00            0.00            0.00            0.00            0.00
FilePages                 867.15           10.02            3.10            0.00          880.27
AnonPages               17005.52           10.66        16864.31            0.00        33880.49
PageTables                103.26            0.14            0.00            0.00          103.40
WritebackTmp                0.00            0.00            0.00            0.00            0.00
MemTotal                63861.90        64493.11       514048.00       514048.00      1156451.01
MemFree                 36622.30        55763.10       497170.16       514047.91      1103603.47
MemUsed                 27239.60         8730.01        16877.84            0.09        52847.54
Dirty                       0.05            0.00            0.00            0.00            0.05
Writeback                   0.00            0.00            0.00            0.00            0.00
FilePages                 867.16           10.02            3.10            0.00          880.28
AnonPages               17005.72           10.63        16864.36            0.00        33880.71
PageTables                103.57            0.14            0.00            0.00          103.72
WritebackTmp                0.00            0.00            0.00            0.00            0.00
MemTotal                63861.90        64493.11       514048.00       514048.00      1156451.01
MemFree                 36620.50        55763.13       497170.35       514047.91      1103601.88
MemUsed                 27241.40         8729.98        16877.65            0.09        52849.12
Dirty                       0.00            0.00            0.00            0.00            0.01
Writeback                   0.00            0.00            0.00            0.00            0.00
FilePages                 867.17           10.02            3.10            0.00          880.29
AnonPages               17005.40           10.63        16864.20            0.00        33880.23
PageTables                103.25            0.14            0.00            0.00          103.39
WritebackTmp                0.00            0.00            0.00            0.00            0.00
MemTotal                63861.90        64493.11       514048.00       514048.00      1156451.01
MemFree                 36620.29        55763.13       497169.66       514047.91      1103600.98
MemUsed                 27241.61         8729.98        16878.34            0.09        52850.02
Dirty                       0.12            0.00            0.00            0.00            0.12
Writeback                   0.00            0.00            0.00            0.00            0.00
FilePages                 867.18           10.02            3.10            0.00          880.30
AnonPages               17006.21           10.63        16864.36            0.00        33881.20
PageTables                103.23            0.14            0.00            0.00          103.37
WritebackTmp                0.00            0.00            0.00            0.00            0.00
MemTotal                63861.90        64493.11       514048.00       514048.00      1156451.01
MemFree                 36619.72        55763.14       497169.40       514047.91      1103600.17
MemUsed                 27242.18         8729.96        16878.60            0.09        52850.84
Dirty                       0.00            0.00            0.02            0.00            0.02
Writeback                   0.00            0.00            0.00            0.00            0.00
FilePages                 867.19           10.02            3.10            0.00          880.30
AnonPages               17006.29           10.63        16864.60            0.00        33881.52
PageTables                103.20            0.14            0.00            0.00          103.35
WritebackTmp                0.00            0.00            0.00            0.00            0.00
MemTotal                63861.90        64493.11       514048.00       514048.00      1156451.01
MemFree                 36622.54        55763.15       497169.86       514047.91      1103603.45
MemUsed                 27239.36         8729.96        16878.14            0.09        52847.55
Dirty                       0.11            0.00            0.02            0.00            0.12
Writeback                   0.00            0.00            0.00            0.00            0.00
FilePages                 867.20           10.02            3.10            0.00          880.31
AnonPages               17003.89            9.81        16864.36            0.00        33878.06
PageTables                103.23            0.14            0.00            0.00          103.38
WritebackTmp                0.00            0.00            0.00            0.00            0.00
MemTotal                63861.90        64493.11       514048.00       514048.00      1156451.01
MemFree                 36656.06        55763.15       497130.88       514047.91      1103597.99
MemUsed                 27205.84         8729.96        16917.12            0.09        52853.02
Dirty                       0.04            0.00            0.00            0.00            0.04
Writeback                   0.00            0.00            0.00            0.00            0.00
FilePages                 867.20           10.02            3.11            0.00          880.32
AnonPages               16966.89            9.81        16900.88            0.00        33877.57
PageTables                103.19            0.14            0.00            0.00          103.33
WritebackTmp                0.00            0.00            0.00            0.00            0.00
MemTotal                63861.90        64493.11       514048.00       514048.00      1156451.01
MemFree                 38942.64        55763.39       494845.24       514047.91      1103599.18
MemUsed                 24919.26         8729.71        19202.76            0.09        52851.83
Dirty                       0.14            0.00            0.02            0.00            0.16
Writeback                   0.00            0.00            0.00            0.00            0.00
FilePages                 867.21           10.02            3.11            0.00          880.33
AnonPages               14681.73            9.81        19184.41            0.00        33875.96
PageTables                103.24            0.14            0.00            0.00          103.38
WritebackTmp                0.00            0.00            0.00            0.00            0.00
MemTotal                63861.90        64493.11       514048.00       514048.00      1156451.01
MemFree                 36657.90        55763.64       497131.36       514047.91      1103600.81
MemUsed                 27204.00         8729.47        16916.64            0.09        52850.20
Dirty                       0.03            0.00            0.00            0.00            0.03
Writeback                   0.00            0.00            0.00            0.00            0.00
FilePages                 867.22           10.02            3.11            0.00          880.34
AnonPages               16968.04            9.81        16900.31            0.00        33878.16
PageTables                103.23            0.14            0.00            0.00          103.38
WritebackTmp                0.00            0.00            0.00            0.00            0.00
MemTotal                63861.90        64493.11       514048.00       514048.00      1156451.01
MemFree                 36632.14        55763.64       497155.87       514047.91      1103599.56
MemUsed                 27229.76         8729.47        16892.13            0.09        52851.45
Dirty                       0.14            0.00            0.02            0.00            0.16
Writeback                   0.00            0.00            0.00            0.00            0.00
FilePages                 867.23           10.02            3.11            0.00          880.35
AnonPages               16992.65            9.81        16876.03            0.00        33878.48
PageTables                103.24            0.14            0.00            0.00          103.39
WritebackTmp                0.00            0.00            0.00            0.00            0.00
MemTotal                63861.90        64493.11       514048.00       514048.00      1156451.01
MemFree                 36637.91        55763.89       497149.89       514047.91      1103599.59
MemUsed                 27223.99         8729.22        16898.11            0.09        52851.42
Dirty                       0.03            0.00            0.00            0.00            0.03
Writeback                   0.00            0.00            0.00            0.00            0.00
FilePages                 867.24           10.02            3.11            0.00          880.36
AnonPages               16986.23            9.81        16884.77            0.00        33880.80
PageTables                103.25            0.14            0.00            0.00          103.40
WritebackTmp                0.00            0.00            0.00            0.00            0.00
MemTotal                63861.90        64493.11       514048.00       514048.00      1156451.01
MemFree                 36640.62        55763.97       497142.63       514047.91      1103595.12
MemUsed                 27221.28         8729.14        16905.37            0.09        52855.88
Dirty                       0.13            0.00            0.02            0.00            0.15
Writeback                   0.00            0.00            0.00            0.00            0.00
FilePages                 867.24           10.02            3.11            0.00          880.37
AnonPages               16984.46            9.81        16886.76            0.00        33881.04
PageTables                103.25            0.14            0.00            0.00          103.39
WritebackTmp                0.00            0.00            0.00            0.00            0.00
MemTotal                63861.90        64493.11       514048.00       514048.00      1156451.01
MemFree                 36629.44        55763.97       497157.14       514047.91      1103598.46
MemUsed                 27232.46         8729.14        16890.86            0.09        52852.55
Dirty                       0.00            0.00            0.00            0.00            0.00
Writeback                   0.00            0.00            0.00            0.00            0.00
FilePages                 867.25           10.02            3.11            0.00          880.38
AnonPages               16992.80            9.81        16878.73            0.00        33881.34
PageTables                103.25            0.14            0.00            0.00          103.40
WritebackTmp                0.00            0.00            0.00            0.00            0.00
MemTotal                63861.90        64493.11       514048.00       514048.00      1156451.01
MemFree                 36632.20        55763.97       497155.27       514047.91      1103599.34
MemUsed                 27229.70         8729.14        16892.73            0.09        52851.66
Dirty                       0.11            0.00            0.02            0.00            0.12
Writeback                   0.00            0.00            0.00            0.00            0.00
FilePages                 867.26           10.02            3.11            0.00          880.38
AnonPages               16992.99            9.81        16878.72            0.00        33881.52
PageTables                103.21            0.14            0.00            0.00          103.36
WritebackTmp                0.00            0.00            0.00            0.00            0.00
MemTotal                63861.90        64493.11       514048.00       514048.00      1156451.01
MemFree                 36636.45        55763.97       497150.02       514047.91      1103598.34
MemUsed                 27225.45         8729.14        16897.98            0.09        52852.67
Dirty                       0.00            0.00            0.00            0.00            0.00
Writeback                   0.00            0.00            0.00            0.00            0.00
FilePages                 867.27           10.02            3.11            0.00          880.39
AnonPages               16987.25            9.84        16884.71            0.00        33881.80
PageTables                103.22            0.14            0.00            0.00          103.36
WritebackTmp                0.00            0.00            0.00            0.00            0.00
MemTotal                63861.90        64493.11       514048.00       514048.00      1156451.01
MemFree                 36631.28        55763.97       497158.46       514047.91      1103601.62
MemUsed                 27230.62         8729.14        16889.54            0.09        52849.39
Dirty                       0.11            0.00            0.02            0.00            0.12
Writeback                   0.00            0.00            0.00            0.00            0.00
FilePages                 867.27           10.02            3.11            0.00          880.40
AnonPages               16993.62            9.84        16878.70            0.00        33882.16
PageTables                103.26            0.14            0.00            0.00          103.40
WritebackTmp                0.00            0.00            0.00            0.00            0.00
MemTotal                63861.90        64493.11       514048.00       514048.00      1156451.01
MemFree                 36627.78        55764.47       497156.98       514047.91      1103597.14
MemUsed                 27234.12         8728.64        16891.02            0.09        52853.87
Dirty                       0.00            0.00            0.00            0.00            0.00
Writeback                   0.00            0.00            0.00            0.00            0.00
FilePages                 867.28           10.02            3.12            0.00          880.41
AnonPages               16994.79            9.81        16876.70            0.00        33881.29
PageTables                103.27            0.14            0.00            0.00          103.41
WritebackTmp                0.00            0.00            0.00            0.00            0.00
MemTotal                63861.90        64493.11       514048.00       514048.00      1156451.01
MemFree                 36679.60        55764.47       497103.24       514047.91      1103595.21
MemUsed                 27182.30         8728.64        16944.76            0.09        52855.79
Dirty                       0.12            0.00            0.02            0.00            0.13
Writeback                   0.00            0.00            0.00            0.00            0.00
FilePages                 867.29           10.02            3.12            0.00          880.42
AnonPages               16943.00            9.81        16928.68            0.00        33881.50
PageTables                103.26            0.14            0.00            0.00          103.40
WritebackTmp                0.00            0.00            0.00            0.00            0.00
MemTotal                63861.90        64493.11       514048.00       514048.00      1156451.01
MemFree                 36625.61        55764.47       497161.50       514047.91      1103599.48
MemUsed                 27236.29         8728.64        16886.50            0.09        52851.52
Dirty                       0.04            0.00            0.00            0.00            0.04
Writeback                   0.00            0.00            0.00            0.00            0.00
FilePages                 867.30           10.02            3.12            0.00          880.43
AnonPages               16996.36            9.81        16874.67            0.00        33880.84
PageTables                103.26            0.14            0.00            0.00          103.41
WritebackTmp                0.00            0.00            0.00            0.00            0.00
MemTotal                63861.90        64493.11       514048.00       514048.00      1156451.01
MemFree                 36660.37        55764.47       497125.51       514047.91      1103598.25
MemUsed                 27201.53         8728.64        16922.49            0.09        52852.75
Dirty                       0.11            0.00            0.02            0.00            0.12
Writeback                   0.00            0.00            0.00            0.00            0.00
FilePages                 867.30           10.02            3.12            0.00          880.44
AnonPages               16963.77            9.81        16906.66            0.00        33880.24
PageTables                103.30            0.14            0.00            0.00          103.44
WritebackTmp                0.00            0.00            0.00            0.00            0.00
MemTotal                63861.90        64493.11       514048.00       514048.00      1156451.01
MemFree                 36631.88        55764.47       497156.62       514047.91      1103600.88
MemUsed                 27230.02         8728.64        16891.38            0.09        52850.12
Dirty                       0.12            0.00            0.00            0.00            0.12
Writeback                   0.00            0.00            0.00            0.00            0.00
FilePages                 867.32           10.02            3.12            0.00          880.45
AnonPages               16991.67            9.81        16878.64            0.00        33880.12
PageTables                103.30            0.14            0.00            0.00          103.45
WritebackTmp                0.00            0.00            0.00            0.00            0.00
MemTotal                63861.90        64493.11       514048.00       514048.00      1156451.01
MemFree                 36632.80        55764.47       497158.90       514047.91      1103604.08
MemUsed                 27229.09         8728.64        16889.10            0.09        52846.93
Dirty                       0.00            0.00            0.02            0.00            0.02
Writeback                   0.05            0.00            0.00            0.00            0.05
FilePages                 867.34           10.02            3.12            0.00          880.48
AnonPages               16987.15            9.81        16880.64            0.00        33877.59
PageTables                103.28            0.14            0.00            0.00          103.42
WritebackTmp                0.00            0.00            0.00            0.00            0.00
MemTotal                63861.90        64493.11       514048.00       514048.00      1156451.01
MemFree                 36633.61        55764.47       497155.93       514047.91      1103601.91
MemUsed                 27228.29         8728.64        16892.07            0.09        52849.10
Dirty                       0.12            0.00            0.00            0.00            0.12
Writeback                   0.00            0.00            0.00            0.00            0.00
FilePages                 867.35           10.02            3.12            0.00          880.49
AnonPages               16988.23            9.80        16879.77            0.00        33877.80
PageTables                103.29            0.14            0.00            0.00          103.43
WritebackTmp                0.00            0.00            0.00            0.00            0.00
MemTotal                63861.90        64493.11       514048.00       514048.00      1156451.01
MemFree                 36633.39        55764.50       497155.98       514047.91      1103601.77
MemUsed                 27228.51         8728.61        16892.02            0.09        52849.23
Dirty                       0.00            0.00            0.00            0.00            0.00
Writeback                   0.00            0.00            0.00            0.00            0.00
FilePages                 867.36           10.02            3.12            0.00          880.50
AnonPages               16988.16            9.80        16879.77            0.00        33877.73
PageTables                103.28            0.14            0.00            0.00          103.43
WritebackTmp                0.00            0.00            0.00            0.00            0.00
