MemTotal                63888.29        64466.73       514048.00       514048.00      1156451.01
MemFree                 53937.45        55590.00       514035.30       514047.62      1137610.38
MemUsed                  9950.83         8876.73           12.70            0.38        18840.63
Dirty                       0.05            0.02            0.00            0.00            0.07
Writeback                   0.00            0.00            0.00            0.00            0.00
FilePages                 318.89           31.88            0.05            0.00          350.82
AnonPages                 566.23           59.19            0.00            0.00          625.42
PageTables                 27.98            2.56            0.00            0.00           30.54
WritebackTmp                0.00            0.00            0.00            0.00            0.00
MemTotal                63888.29        64466.73       514048.00       514048.00      1156451.01
MemFree                 44422.81        55590.03       514035.79       514047.62      1128096.26
MemUsed                 19465.48         8876.70           12.21            0.38        28354.75
Dirty                       0.09            0.02            0.00            0.00            0.11
Writeback                   0.00            0.00            0.00            0.00            0.00
FilePages                 320.41           31.88            0.05            0.00          352.34
AnonPages               10042.07           59.19            0.00            0.00        10101.26
PageTables                 46.60            2.56            0.00            0.00           49.16
WritebackTmp                0.00            0.00            0.00            0.00            0.00
MemTotal                63888.29        64466.73       514048.00       514048.00      1156451.01
MemFree                 39665.65        55589.59       514038.04       514047.81      1123341.09
MemUsed                 24222.64         8877.14            9.96            0.19        33109.92
Dirty                       0.07            0.00            0.00            0.00            0.07
Writeback                   0.00            0.00            0.00            0.00            0.00
FilePages                 321.26           32.14            0.05            0.00          353.44
AnonPages               14778.45           59.20            0.00            0.00        14837.64
PageTables                 55.89            2.56            0.00            0.00           58.45
WritebackTmp                0.00            0.00            0.00            0.00            0.00
MemTotal                63888.29        64466.73       514048.00       514048.00      1156451.01
MemFree                 34397.04        55589.59       514038.29       514047.81      1118072.73
MemUsed                 29491.25         8877.14            9.71            0.19        38378.29
Dirty                       0.09            0.02            0.00            0.00            0.11
Writeback                   0.00            0.00            0.00            0.00            0.00
FilePages                 321.27           32.14            0.05            0.00          353.45
AnonPages               20026.71           59.20            0.00            0.00        20085.91
PageTables                 66.19            2.56            0.00            0.00           68.75
WritebackTmp                0.00            0.00            0.00            0.00            0.00
MemTotal                63888.29        64466.73       514048.00       514048.00      1156451.01
MemFree                 29900.23        55589.84       514038.53       514047.81      1113576.41
MemUsed                 33988.05         8876.89            9.47            0.19        42874.60
Dirty                       0.07            0.03            0.00            0.00            0.11
Writeback                   0.00            0.00            0.00            0.00            0.00
FilePages                 321.27           32.14            0.05            0.00          353.46
AnonPages               24505.65           59.20            0.00            0.00        24564.84
PageTables                 74.92            2.56            0.00            0.00           77.48
WritebackTmp                0.00            0.00            0.00            0.00            0.00
MemTotal                63888.29        64466.73       514048.00       514048.00      1156451.01
MemFree                 27715.68        55589.84       514038.53       514047.81      1111391.86
MemUsed                 36172.61         8876.89            9.47            0.19        45059.16
Dirty                       0.04            0.02            0.00            0.00            0.07
Writeback                   0.00            0.00            0.00            0.00            0.00
FilePages                 321.29           32.15            0.05            0.00          353.48
AnonPages               26681.76           59.20            0.00            0.00        26740.96
PageTables                 79.05            2.56            0.00            0.00           81.62
WritebackTmp                0.00            0.00            0.00            0.00            0.00
MemTotal                63888.29        64466.73       514048.00       514048.00      1156451.01
MemFree                 25530.61        55589.95       514038.78       514047.81      1109207.15
MemUsed                 38357.68         8876.77            9.22            0.19        47243.86
Dirty                       0.04            0.00            0.00            0.00            0.04
Writeback                   0.00            0.00            0.00            0.00            0.00
FilePages                 321.29           32.15            0.05            0.00          353.49
AnonPages               28857.92           59.20            0.00            0.00        28917.11
PageTables                 83.43            2.56            0.00            0.00           86.00
WritebackTmp                0.00            0.00            0.00            0.00            0.00
MemTotal                63888.29        64466.73       514048.00       514048.00      1156451.01
MemFree                 24243.30        55589.71       514039.02       514047.81      1107919.85
MemUsed                 39644.98         8877.02            8.98            0.19        48531.16
Dirty                       0.07            0.02            0.00            0.00            0.09
Writeback                   0.00            0.00            0.00            0.00            0.00
FilePages                 321.30           32.15            0.05            0.00          353.50
AnonPages               30137.82           59.26            0.00            0.00        30197.08
PageTables                 85.93            2.56            0.00            0.00           88.50
WritebackTmp                0.00            0.00            0.00            0.00            0.00
MemTotal                63888.29        64466.73       514048.00       514048.00      1156451.01
MemFree                 23833.36        55589.71       513679.33       514047.81      1107150.21
MemUsed                 40054.92         8877.02          368.67            0.19        49300.80
Dirty                       0.01            0.00            0.02            0.00            0.02
Writeback                   0.00            0.00            0.00            0.00            0.00
FilePages                 317.51           32.15            3.85            0.00          353.50
AnonPages               30549.96           59.26          356.00            0.00        30965.21
PageTables                 87.43            2.56            0.00            0.00           89.99
WritebackTmp                0.00            0.00            0.00            0.00            0.00
MemTotal                63888.29        64466.73       514048.00       514048.00      1156451.01
MemFree                 24023.03        55589.71       513107.71       514047.81      1106768.27
MemUsed                 39865.25         8877.02          940.29            0.19        49682.75
Dirty                       0.08            0.02            0.00            0.00            0.11
Writeback                   0.00            0.00            0.00            0.00            0.00
FilePages                 317.52           32.15            3.85            0.00          353.51
AnonPages               30361.92           59.38          928.00            0.00        31349.30
PageTables                 88.18            2.56            0.00            0.00           90.74
WritebackTmp                0.00            0.00            0.00            0.00            0.00
MemTotal                63888.29        64466.73       514048.00       514048.00      1156451.01
MemFree                 24024.61        55589.71       513103.47       514047.81      1106765.60
MemUsed                 39863.67         8877.02          944.53            0.19        49685.41
Dirty                       0.00            0.00            0.02            0.00            0.02
Writeback                   0.00            0.00            0.00            0.00            0.00
FilePages                 317.52           32.15            3.85            0.00          353.52
AnonPages               30360.05           59.38          930.00            0.00        31349.43
PageTables                 88.18            2.56            0.00            0.00           90.74
WritebackTmp                0.00            0.00            0.00            0.00            0.00
MemTotal                63888.29        64466.73       514048.00       514048.00      1156451.01
MemFree                 24024.65        55589.71       513105.71       514047.81      1106767.89
MemUsed                 39863.63         8877.02          942.29            0.19        49683.12
Dirty                       0.00            0.00            0.00            0.00            0.00
Writeback                   0.00            0.00            0.00            0.00            0.00
FilePages                 317.53           32.15            3.85            0.00          353.53
AnonPages               30360.18           59.39          930.00            0.00        31349.57
PageTables                 88.18            2.56            0.00            0.00           90.75
WritebackTmp                0.00            0.00            0.00            0.00            0.00
MemTotal                63888.29        64466.73       514048.00       514048.00      1156451.01
MemFree                 24021.96        55589.71       513103.96       514047.81      1106763.44
MemUsed                 39866.32         8877.02          944.04            0.19        49687.57
Dirty                       0.01            0.00            0.02            0.00            0.02
Writeback                   0.00            0.00            0.00            0.00            0.00
FilePages                 317.54           32.15            3.85            0.00          353.54
AnonPages               30362.32           59.41          928.00            0.00        31349.73
PageTables                 88.18            2.56            0.00            0.00           90.74
WritebackTmp                0.00            0.00            0.00            0.00            0.00
MemTotal                63888.29        64466.73       514048.00       514048.00      1156451.01
MemFree                 24021.75        55589.95       513103.96       514047.81      1106763.48
MemUsed                 39866.54         8876.77          944.04            0.19        49687.54
Dirty                       0.06            0.02            0.00            0.00            0.09
Writeback                   0.00            0.00            0.00            0.00            0.00
FilePages                 317.55           32.15            3.85            0.00          353.55
AnonPages               30362.45           59.33          928.00            0.00        31349.78
PageTables                 88.18            2.56            0.00            0.00           90.74
WritebackTmp                0.00            0.00            0.00            0.00            0.00
MemTotal                63888.29        64466.73       514048.00       514048.00      1156451.01
MemFree                 24020.01        55589.95       513110.21       514047.81      1106767.99
MemUsed                 39868.27         8876.77          937.79            0.19        49683.02
Dirty                       0.02            0.00            0.02            0.00            0.03
Writeback                   0.00            0.00            0.00            0.00            0.00
FilePages                 317.55           32.15            3.85            0.00          353.55
AnonPages               30364.18           59.33          926.00            0.00        31349.51
PageTables                 88.18            2.56            0.00            0.00           90.74
WritebackTmp                0.00            0.00            0.00            0.00            0.00
MemTotal                63888.29        64466.73       514048.00       514048.00      1156451.01
MemFree                 24022.77        55589.95       513106.70       514047.81      1106767.24
MemUsed                 39865.51         8876.77          941.30            0.19        49683.77
Dirty                       0.02            0.00            0.00            0.00            0.02
Writeback                   0.00            0.00            0.00            0.00            0.00
FilePages                 317.57           32.15            3.86            0.00          353.57
AnonPages               30361.73           59.33          928.00            0.00        31349.06
PageTables                 88.18            2.56            0.00            0.00           90.74
WritebackTmp                0.00            0.00            0.00            0.00            0.00
MemTotal                63888.29        64466.73       514048.00       514048.00      1156451.01
MemFree                 24021.55        55589.95       513107.18       514047.81      1106766.50
MemUsed                 39866.74         8876.77          940.82            0.19        49684.52
Dirty                       0.01            0.00            0.02            0.00            0.02
Writeback                   0.00            0.00            0.00            0.00            0.00
FilePages                 317.57           32.15            3.86            0.00          353.58
AnonPages               30362.03           59.33          928.00            0.00        31349.36
PageTables                 88.18            2.56            0.00            0.00           90.74
WritebackTmp                0.00            0.00            0.00            0.00            0.00
MemTotal                63888.29        64466.73       514048.00       514048.00      1156451.01
MemFree                 24019.81        55589.95       513107.18       514047.81      1106764.76
MemUsed                 39868.47         8876.77          940.82            0.19        49686.25
Dirty                       0.01            0.00            0.01            0.00            0.02
Writeback                   0.00            0.00            0.00            0.00            0.00
FilePages                 317.58           32.15            3.86            0.00          353.59
AnonPages               30364.13           59.33          926.00            0.00        31349.46
PageTables                 88.15            2.56            0.00            0.00           90.71
WritebackTmp                0.00            0.00            0.00            0.00            0.00
MemTotal                63888.29        64466.73       514048.00       514048.00      1156451.01
MemFree                 24021.57        55589.95       513107.18       514047.81      1106766.52
MemUsed                 39866.72         8876.77          940.82            0.19        49684.50
Dirty                       0.00            0.00            0.00            0.00            0.00
Writeback                   0.00            0.00            0.00            0.00            0.00
FilePages                 317.59           32.15            3.86            0.00          353.59
AnonPages               30362.32           59.33          928.00            0.00        31349.65
PageTables                 88.18            2.56            0.00            0.00           90.75
WritebackTmp                0.00            0.00            0.00            0.00            0.00
MemTotal                63888.29        64466.73       514048.00       514048.00      1156451.01
MemFree                 24020.59        55589.95       513107.18       514047.81      1106765.54
MemUsed                 39867.70         8876.77          940.82            0.19        49685.48
Dirty                       0.00            0.00            0.02            0.00            0.02
Writeback                   0.00            0.00            0.00            0.00            0.00
FilePages                 317.60           32.15            3.86            0.00          353.61
AnonPages               30362.26           59.21          928.00            0.00        31349.46
PageTables                 88.20            2.56            0.00            0.00           90.76
WritebackTmp                0.00            0.00            0.00            0.00            0.00
MemTotal                63888.29        64466.73       514048.00       514048.00      1156451.01
MemFree                 24021.33        55589.95       513102.94       514047.81      1106762.04
MemUsed                 39866.95         8876.77          945.06            0.19        49688.98
Dirty                       0.00            0.00            0.00            0.00            0.00
Writeback                   0.00            0.00            0.00            0.00            0.00
FilePages                 317.61           32.15            3.86            0.00          353.61
AnonPages               30362.36           59.21          928.00            0.00        31349.57
PageTables                 88.18            2.56            0.00            0.00           90.75
WritebackTmp                0.00            0.00            0.00            0.00            0.00
MemTotal                63888.29        64466.73       514048.00       514048.00      1156451.01
MemFree                 24020.85        55590.07       513104.94       514047.81      1106763.68
MemUsed                 39867.43         8876.65          943.06            0.19        49687.34
Dirty                       0.07            0.02            0.02            0.00            0.11
Writeback                   0.00            0.00            0.00            0.00            0.00
FilePages                 317.61           32.15            3.86            0.00          353.62
AnonPages               30362.52           59.21          928.00            0.00        31349.72
PageTables                 88.19            2.56            0.00            0.00           90.75
WritebackTmp                0.00            0.00            0.00            0.00            0.00
MemTotal                63888.29        64466.73       514048.00       514048.00      1156451.01
MemFree                 24018.61        55590.07       513104.94       514047.81      1106761.43
MemUsed                 39869.68         8876.65          943.06            0.19        49689.58
Dirty                       0.01            0.00            0.00            0.00            0.01
Writeback                   0.00            0.00            0.00            0.00            0.00
FilePages                 317.62           32.15            3.86            0.00          353.63
AnonPages               30364.54           59.21          926.00            0.00        31349.75
PageTables                 88.13            2.56            0.00            0.00           90.69
WritebackTmp                0.00            0.00            0.00            0.00            0.00
MemTotal                63888.29        64466.73       514048.00       514048.00      1156451.01
MemFree                 24019.10        55590.07       513106.94       514047.81      1106763.93
MemUsed                 39869.18         8876.65          941.06            0.19        49687.09
Dirty                       0.00            0.00            0.02            0.00            0.02
Writeback                   0.00            0.00            0.00            0.00            0.00
FilePages                 317.63           32.15            3.86            0.00          353.64
AnonPages               30364.80           59.21          926.00            0.00        31350.01
PageTables                 88.19            2.56            0.00            0.00           90.75
WritebackTmp                0.00            0.00            0.00            0.00            0.00
MemTotal                63888.29        64466.73       514048.00       514048.00      1156451.01
MemFree                 24018.13        55590.07       513109.18       514047.81      1106765.20
MemUsed                 39870.16         8876.65          938.82            0.19        49685.81
Dirty                       0.01            0.00            0.02            0.00            0.03
Writeback                   0.00            0.00            0.00            0.00            0.00
FilePages                 317.64           32.15            3.86            0.00          353.65
AnonPages               30364.96           59.23          926.00            0.00        31350.19
PageTables                 88.18            2.56            0.00            0.00           90.75
WritebackTmp                0.00            0.00            0.00            0.00            0.00
MemTotal                63888.29        64466.73       514048.00       514048.00      1156451.01
MemFree                 24019.89        55590.07       513103.43       514047.81      1106761.21
MemUsed                 39868.39         8876.65          944.57            0.19        49689.80
Dirty                       0.00            0.00            0.00            0.00            0.00
Writeback                   0.00            0.00            0.00            0.00            0.00
FilePages                 318.07           32.15            3.87            0.00          354.09
AnonPages               30363.24           59.23          928.00            0.00        31350.47
PageTables                 88.18            2.56            0.00            0.00           90.74
WritebackTmp                0.00            0.00            0.00            0.00            0.00
MemTotal                63888.29        64466.73       514048.00       514048.00      1156451.01
MemFree                 24017.64        55590.07       513105.91       514047.81      1106761.44
MemUsed                 39870.64         8876.65          942.09            0.19        49689.57
Dirty                       0.01            0.00            0.02            0.00            0.02
Writeback                   0.00            0.00            0.00            0.00            0.00
FilePages                 318.08           32.15            3.87            0.00          354.10
AnonPages               30363.38           59.23          928.00            0.00        31350.61
PageTables                 88.18            2.56            0.00            0.00           90.74
WritebackTmp                0.00            0.00            0.00            0.00            0.00
MemTotal                63888.29        64466.73       514048.00       514048.00      1156451.01
MemFree                 24017.89        55590.07       513106.16       514047.81      1106761.93
MemUsed                 39870.39         8876.65          941.84            0.19        49689.08
Dirty                       0.00            0.00            0.00            0.00            0.00
Writeback                   0.00            0.00            0.00            0.00            0.00
FilePages                 318.09           32.15            3.87            0.00          354.11
AnonPages               30363.51           59.23          928.00            0.00        31350.74
PageTables                 88.18            2.56            0.00            0.00           90.74
WritebackTmp                0.00            0.00            0.00            0.00            0.00
MemTotal                63888.29        64466.73       514048.00       514048.00      1156451.01
MemFree                 24014.41        55590.07       513109.66       514047.81      1106761.96
MemUsed                 39873.88         8876.65          938.34            0.19        49689.05
Dirty                       0.00            0.00            0.02            0.00            0.02
Writeback                   0.00            0.00            0.00            0.00            0.00
FilePages                 318.10           32.15            3.87            0.00          354.11
AnonPages               30368.43           59.25          922.27            0.00        31349.95
PageTables                 88.18            2.56            0.00            0.00           90.74
WritebackTmp                0.00            0.00            0.00            0.00            0.00
MemTotal                63888.29        64466.73       514048.00       514048.00      1156451.01
MemFree                 24014.74        55590.07       513111.66       514047.81      1106764.29
MemUsed                 39873.54         8876.65          936.34            0.19        49686.72
Dirty                       0.00            0.00            0.00            0.00            0.00
Writeback                   0.00            0.00            0.00            0.00            0.00
FilePages                 320.68           32.15            3.87            0.00          356.70
AnonPages               30364.20           59.25          926.27            0.00        31349.71
PageTables                 88.19            2.56            0.00            0.00           90.75
WritebackTmp                0.00            0.00            0.00            0.00            0.00
MemTotal                63888.29        64466.73       514048.00       514048.00      1156451.01
MemFree                 50446.05        55590.07       514035.66       514047.81      1134119.61
MemUsed                 13442.23         8876.65           12.34            0.19        22331.41
Dirty                       0.01            0.00            0.02            0.00            0.03
Writeback                   0.00            0.00            0.00            0.00            0.00
FilePages                 320.69           32.15            3.87            0.00          356.71
AnonPages                 570.67           59.25            0.27            0.00          630.19
PageTables                 28.14            2.56            0.00            0.00           30.71
WritebackTmp                0.00            0.00            0.00            0.00            0.00
