MemTotal                63888.29        64461.80       514048.00       514048.00      1156446.08
MemFree                 48165.91        49742.58       514048.00       514048.00      1126004.49
MemUsed                 15722.38        14719.22            0.00            0.00        30441.59
Dirty                       1.62            1.71            0.00            0.00            3.33
Writeback                   0.00            0.00            0.00            0.00            0.00
FilePages                 330.83          110.06            0.00            0.00          440.89
AnonPages                6386.10         5896.57            0.00            0.00        12282.67
PageTables                 42.92           12.67            0.00            0.00           55.59
WritebackTmp                0.00            0.00            0.00            0.00            0.00
MemTotal                63888.29        64461.80       514048.00       514048.00      1156446.08
MemFree                 42789.38        49642.53       514048.00       514048.00      1120527.91
MemUsed                 21098.91        14819.27            0.00            0.00        35918.17
Dirty                       1.68            1.48            0.00            0.00            3.15
Writeback                   0.00            0.00            0.00            0.00            0.00
FilePages                 371.72          156.00            0.00            0.00          527.72
AnonPages               11703.41         5938.83            0.00            0.00        17642.25
PageTables                 53.54           13.04            0.00            0.00           66.57
WritebackTmp                0.00            0.00            0.00            0.00            0.00
MemTotal                63888.29        64461.80       514048.00       514048.00      1156446.08
MemFree                 38078.64        49232.48       514048.00       514048.00      1115407.12
MemUsed                 25809.65        15229.31            0.00            0.00        41038.96
Dirty                       1.54            1.46            0.00            0.00            3.00
Writeback                   0.00            0.00            0.00            0.00            0.00
FilePages                 385.25          165.21            0.00            0.00          550.46
AnonPages               16393.33         6341.52            0.00            0.00        22734.86
PageTables                 62.21           14.14            0.00            0.00           76.34
WritebackTmp                0.00            0.00            0.00            0.00            0.00
MemTotal                63888.29        64461.80       514048.00       514048.00      1156446.08
MemFree                 33866.82        49206.02       514048.00       514048.00      1111168.85
MemUsed                 30021.46        15255.77            0.00            0.00        45277.23
Dirty                       1.33            1.64            0.00            0.00            2.98
Writeback                   0.00            0.00            0.00            0.00            0.00
FilePages                 392.23          186.41            0.00            0.00          578.64
AnonPages               20591.88         6349.60            0.00            0.00        26941.48
PageTables                 70.73           13.48            0.00            0.00           84.21
WritebackTmp                0.00            0.00            0.00            0.00            0.00
